    Velocity [km/s]        Density [g/cm^3]    
   4.30810072930755e+02    1.97222787291377e+00
   8.61620145861510e+02    1.83245720318269e+00
   1.29243021879226e+03    1.80315695190730e+00
   1.72324029172302e+03    1.75717818763557e+00
   2.15405036465377e+03    1.99627344126336e+00
   2.58486043758453e+03    2.23606516027678e+00
   3.01567051051528e+03    2.14777431260833e+00
   3.44648058344604e+03    2.06377762455776e+00
   3.87729065637679e+03    1.92864315786549e+00
   4.30810072930755e+03    1.63125199052302e+00
   4.73891080223830e+03    1.41685580608885e+00
   5.16972087516906e+03    1.20923555490034e+00
   5.60053094809981e+03    1.04526202234385e+00
   6.03134102103057e+03    9.15695319514702e-01
   6.46215109396132e+03    7.87479092903627e-01
   6.89296116689208e+03    6.85242908851132e-01
   7.32377123982283e+03    5.93707711278653e-01
   7.75458131275359e+03    5.08385335447344e-01
   8.18539138568434e+03    4.41753509826665e-01
   8.61620145861510e+03    3.82207310564445e-01
   9.04701153154585e+03    3.37403617518834e-01
   9.47782160447661e+03    2.93939592503797e-01
   9.90863167740736e+03    2.54924741863586e-01
   1.03394417503381e+04    2.22237018299770e-01
   1.07702518232689e+04    1.94413312163497e-01
   1.12010618961996e+04    1.70305153741650e-01
   1.16318719691304e+04    1.49144142095155e-01
   1.20626820420611e+04    1.28471644541558e-01
   1.24934921149919e+04    1.07425100785476e-01
   1.29243021879226e+04    8.99537929520579e-02
   1.33551122608534e+04    7.56894558388646e-02
   1.37859223337842e+04    6.39433095820996e-02
   1.42167324067149e+04    5.27468849841141e-02
   1.46475424796457e+04    4.26393568392668e-02
   1.50783525525764e+04    3.42718651498643e-02
   1.55091626255072e+04    2.69875315213137e-02
   1.59399726984379e+04    2.08082242900529e-02
   1.63707827713687e+04    1.58877076095700e-02
   1.68015928442994e+04    1.22454639885304e-02
   1.72324029172302e+04    9.85578032851254e-03
   1.76632129901609e+04    8.06756618274105e-03
   1.80940230630917e+04    6.69843521643069e-03
   1.85248331360225e+04    5.55973030726615e-03
   1.89556432089532e+04    4.59368341985667e-03
   1.93864532818840e+04    3.81322869308813e-03
   1.98172633548147e+04    3.18251986134992e-03
   2.02480734277455e+04    2.67402333533712e-03
   2.06788835006762e+04    2.22988928570761e-03
   2.11096935736070e+04    1.85366350849137e-03
   2.15405036465377e+04    1.52988991002699e-03
   2.19713137194685e+04    1.26417357874810e-03
   2.24021237923992e+04    1.05112498715402e-03
   2.28329338653300e+04    8.70289835327561e-04
   2.32637439382608e+04    7.20514463660939e-04
   2.36945540111915e+04    5.98854978408078e-04
   2.41253640841223e+04    5.00015414659516e-04
   2.45561741570530e+04    4.21800156985915e-04
   2.49869842299838e+04    3.58407539998043e-04
   2.54177943029145e+04    3.07691212858248e-04
   2.58486043758453e+04    2.66850733149011e-04
   2.62794144487760e+04    2.32509238019832e-04
   2.67102245217068e+04    2.03430480814063e-04
   2.71410345946376e+04    1.80125934384099e-04
   2.75718446675683e+04    1.59051803528286e-04
   2.80026547404991e+04    1.39925299389645e-04
   2.84334648134298e+04    1.24337367876847e-04
   2.88642748863606e+04    1.10341714522317e-04
