	velocity	density
0	200.0	1.1533988437660708e-08
1	600.0	1.0147861223420376e-08
2	1000.0	8.790437753945815e-09
3	1400.0	7.588213094846354e-09
4	1800.0	6.542415363840304e-09
5	2200.0	5.637561398732904e-09
6	2600.0	4.85636415239782e-09
7	3000.0	4.1826443394208224e-09
8	3400.0	3.6019573102655676e-09
9	3800.0	3.1016336782309767e-09
10	4200.0	2.6706497319537877e-09
11	4600.0	2.2994527417175315e-09
12	5000.0	1.979783473366624e-09
13	5400.0	1.7045107132930697e-09
14	5800.0	1.4674824561790304e-09
15	6200.0	1.2633944234271273e-09
16	6600.0	1.087674999681045e-09
17	7000.0	9.36385094376067e-10
18	7400.0	8.061312878419324e-10
19	7800.0	6.939906630087963e-10
20	8200.0	5.974458440871607e-10
21	8600.0	5.143289114681121e-10
22	9000.0	4.427730134678912e-10
23	9400.0	3.811706393758761e-10
24	9800.0	3.2813764990264156e-10
25	10200.0	2.8248227908146604e-10
26	10600.0	2.4317842603550346e-10
27	11000.0	2.0934264660592015e-10
28	11400.0	1.8021433477828178e-10
29	11800.0	1.5513865337241128e-10
30	12200.0	1.3355183377690958e-10
31	12600.0	1.1496851673963663e-10
32	13000.0	9.897085139406678e-11
33	13400.0	8.519910872466996e-11
34	13800.0	7.334359936417366e-11
35	14200.0	6.313771468411387e-11
36	14600.0	5.435193521065789e-11
37	15000.0	4.678867201293046e-11
38	15400.0	4.027782534213972e-11
39	15800.0	3.467296085536851e-11
40	16200.0	2.984801759171869e-11
41	16600.0	2.569447378615536e-11
42	17000.0	2.21189068724226e-11
43	17400.0	1.9040892868640205e-11
44	17800.0	1.639119795467584e-11
45	18200.0	1.411022160880082e-11
46	18600.0	1.2146656318981601e-11
47	19000.0	1.0456333747545494e-11
48	19400.0	9.001231415774846e-12
49	19800.0	7.748617580909814e-12
50	20200.0	6.67031508279578e-12
51	20600.0	5.7420676107218e-12
52	21000.0	4.9429941425797675e-12
53	21400.0	4.2551192901789906e-12
54	21800.0	3.662968990638237e-12
55	22200.0	3.1532224526829365e-12
56	22600.0	2.7144125312793334e-12
57	23000.0	2.336667792795134e-12
58	23400.0	2.0114904701798273e-12
59	23800.0	1.731565314619818e-12
60	24200.0	1.4905950448329936e-12
61	24600.0	1.2831586932319153e-12
62	25000.0	1.1045896630698594e-12
63	25400.0	9.508707539417432e-13
64	25800.0	8.185437945867705e-13
65	26200.0	7.046318504650424e-13
66	26600.0	6.065722563619325e-13
67	27000.0	5.22158967745386e-13
68	27400.0	4.494929341805122e-13
69	27800.0	3.8693937852920335e-13
70	28200.0	3.3309102099058174e-13
71	28600.0	2.867364207470658e-13
72	29000.0	2.4683272308251065e-13
73	29400.0	2.124821989412571e-13
74	29800.0	1.82912049190648e-13
75	30200.0	1.5745701928698702e-13
76	30600.0	1.3554443326428297e-13
77	31000.0	1.1668131037947392e-13
78	31400.0	1.0044327459863785e-13
79	31800.0	8.646500744118339e-14
80	32200.0	7.443202940531462e-14
81	32600.0	6.407362509743993e-14
82	33000.0	5.515675290719432e-14
83	33400.0	4.748080221745371e-14
84	33800.0	4.0873080211081364e-14
85	34200.0	3.518492674108061e-14
86	34600.0	3.0288369861879745e-14
87	35000.0	2.6073246786568866e-14
88	35400.0	2.2444725496879987e-14
89	35800.0	1.9321171254489738e-14
90	36200.0	1.6632310013679228e-14
91	36600.0	1.431764741926136e-14
92	37000.0	1.2325107822309466e-14
93	37400.0	1.0609862695801333e-14
94	37800.0	9.133322090631345e-15
95	38200.0	7.862266446552376e-15
96	38600.0	6.768099221315649e-15
97	39000.0	5.826203529877016e-15
98	39400.0	5.015388313986841e-15
99	39800.0	4.317411586493646e-15
