3249.7 6.0426e-16
3251.5 7.7785e-16
3253.2 5.4861e-16
3254.9 3.1457e-16
3256.7 5.0410e-16
3258.4 5.7599e-16
3260.2 6.7093e-16
3261.9 6.3644e-16
3263.7 5.2719e-16
3265.4 7.7266e-16
3267.1 8.3402e-16
3268.9 8.0364e-16
3270.6 7.5465e-16
3272.4 6.0154e-16
3274.1 4.1237e-16
3275.8 5.1805e-16
3277.6 6.9330e-16
3279.3 7.1679e-16
3281.1 4.8142e-16
3282.8 3.7487e-16
3284.5 4.8473e-16
3286.3 5.4596e-16
3288.0 5.3324e-16
3289.8 3.8843e-16
3291.5 4.4437e-16
3293.3 3.8723e-16
3295.0 3.1054e-16
3296.7 4.3080e-16
3298.5 5.1004e-16
3300.2 4.6892e-16
3302.0 3.0876e-16
3303.7 3.6658e-16
3305.4 4.4490e-16
3307.2 4.2332e-16
3308.9 4.1247e-16
3310.7 4.5272e-16
3312.4 4.8384e-16
3314.2 5.3069e-16
3315.9 5.0278e-16
3317.6 5.1654e-16
3319.4 4.9265e-16
3321.1 4.2494e-16
3322.9 4.8468e-16
3324.6 3.6787e-16
3326.3 4.1727e-16
3328.1 4.6438e-16
3329.8 4.6898e-16
3331.6 5.3834e-16
3333.3 4.5248e-16
3335.1 4.3549e-16
3336.8 4.6011e-16
3338.5 4.1549e-16
3340.3 4.3867e-16
3342.0 4.3269e-16
3343.8 3.7128e-16
3345.5 4.6030e-16
3347.2 4.7823e-16
3349.0 5.9413e-16
3350.7 5.8394e-16
3352.5 4.8466e-16
3354.2 5.4214e-16
3356.0 5.4968e-16
3357.7 5.3129e-16
3359.4 5.3607e-16
3361.2 5.4193e-16
3362.9 5.4212e-16
3364.7 4.1080e-16
3366.4 4.3802e-16
3368.1 4.5353e-16
3369.9 4.5090e-16
3371.6 3.8308e-16
3373.4 4.6382e-16
3375.1 5.3226e-16
3376.8 4.8859e-16
3378.6 4.5740e-16
3380.3 3.8437e-16
3382.1 5.3998e-16
3383.8 5.7170e-16
3385.6 5.1558e-16
3387.3 3.7975e-16
3389.0 3.7040e-16
3390.8 4.2894e-16
3392.5 4.3311e-16
3394.3 4.1563e-16
3396.0 4.2705e-16
3397.7 4.7712e-16
3399.5 4.0848e-16
3401.2 4.1207e-16
3403.0 5.5764e-16
3404.7 5.6629e-16
3406.5 4.9639e-16
3408.2 5.3535e-16
3409.9 5.9959e-16
3411.7 5.4428e-16
3413.4 6.0179e-16
3415.2 5.0360e-16
3416.9 5.5939e-16
3418.6 6.2294e-16
3420.4 5.9964e-16
3422.1 5.1245e-16
3423.9 5.2688e-16
3425.6 5.0772e-16
3427.4 5.5179e-16
3429.1 6.0535e-16
3430.8 6.9499e-16
3432.6 5.9677e-16
3434.3 5.8772e-16
3436.1 6.1038e-16
3437.8 6.4030e-16
3439.5 6.0453e-16
3441.3 4.8110e-16
3443.0 5.2673e-16
3444.8 5.0758e-16
3446.5 5.8218e-16
3448.3 5.6695e-16
3450.0 5.6353e-16
3451.7 5.6199e-16
3453.5 5.5506e-16
3455.2 6.2174e-16
3457.0 5.7828e-16
3458.7 5.3952e-16
3460.4 5.8621e-16
3462.2 5.8885e-16
3463.9 6.3610e-16
3465.7 6.8270e-16
3467.4 6.8564e-16
3469.1 6.0800e-16
3470.9 6.3911e-16
3472.6 5.3994e-16
3474.4 4.6990e-16
3476.1 5.0733e-16
3477.9 5.7130e-16
3479.6 5.6009e-16
3481.3 5.3048e-16
3483.1 5.8454e-16
3484.8 5.7795e-16
3486.6 6.0977e-16
3488.3 4.8910e-16
3490.0 4.0157e-16
3491.8 5.5255e-16
3493.5 6.1875e-16
3495.3 5.7483e-16
3497.0 6.3306e-16
3498.8 5.9809e-16
3500.5 6.5049e-16
3502.2 6.0419e-16
3504.0 6.0230e-16
3505.7 6.2121e-16
3507.5 5.6355e-16
3509.2 5.1673e-16
3510.9 5.2934e-16
3512.7 5.5434e-16
3514.4 5.5320e-16
3516.2 5.8942e-16
3517.9 5.4931e-16
3519.7 5.9054e-16
3521.4 6.0681e-16
3523.1 5.9930e-16
3524.9 5.7760e-16
3526.6 5.7945e-16
3528.4 6.0586e-16
3530.1 6.8132e-16
3531.8 6.7421e-16
3533.6 6.8644e-16
3535.3 6.9374e-16
3537.1 7.2133e-16
3538.8 7.2350e-16
3540.6 7.1810e-16
3542.3 6.7244e-16
3544.0 6.7643e-16
3545.8 6.8586e-16
3547.5 6.8662e-16
3549.3 7.7109e-16
3551.0 7.2163e-16
3552.7 6.9300e-16
3554.5 7.4394e-16
3556.2 7.9075e-16
3558.0 8.7436e-16
3559.7 8.5212e-16
3561.4 8.7305e-16
3563.2 8.1656e-16
3564.9 8.3015e-16
3566.7 8.5503e-16
3568.4 7.8201e-16
3570.2 8.2399e-16
3571.9 9.1133e-16
3573.6 8.5855e-16
3575.4 7.8973e-16
3577.1 8.5703e-16
3578.9 8.6335e-16
3580.6 8.2263e-16
3582.3 8.0075e-16
3584.1 8.4671e-16
3585.8 8.7809e-16
3587.6 8.9349e-16
3589.3 8.8906e-16
3591.1 8.8436e-16
3592.8 8.9145e-16
3594.5 8.4734e-16
3596.3 8.5022e-16
3598.0 9.2267e-16
3599.8 9.4048e-16
3601.5 1.0102e-15
3603.2 9.4633e-16
3605.0 9.2960e-16
3606.7 9.7173e-16
3608.5 9.4581e-16
3610.2 9.2782e-16
3612.0 8.8447e-16
3613.7 8.9542e-16
3615.4 9.5725e-16
3617.2 9.3110e-16
3618.9 9.7365e-16
3620.7 9.3410e-16
3622.4 9.2811e-16
3624.1 1.1008e-15
3625.9 1.0266e-15
3627.6 9.4770e-16
3629.4 9.1824e-16
3631.1 9.3381e-16
3632.9 9.4556e-16
3634.6 9.4385e-16
3636.3 1.0088e-15
3638.1 1.0446e-15
3639.8 1.0832e-15
3641.6 1.0437e-15
3643.3 8.9238e-16
3645.0 9.2985e-16
3646.8 1.0118e-15
3648.5 1.0719e-15
3650.3 1.0470e-15
3652.0 1.0232e-15
3653.7 9.6736e-16
3655.5 9.2601e-16
3657.2 8.5162e-16
3659.0 8.7351e-16
3660.7 9.3653e-16
3662.5 8.7293e-16
3664.2 8.9739e-16
3665.9 9.0030e-16
3667.7 9.0062e-16
3669.4 9.2379e-16
3671.2 8.6685e-16
3672.9 8.9400e-16
3674.6 8.6218e-16
3676.4 8.5915e-16
3678.1 9.6616e-16
3679.9 1.0276e-15
3681.6 9.6171e-16
3683.4 9.4054e-16
3685.1 9.6696e-16
3686.8 9.8583e-16
3688.6 1.0259e-15
3690.3 1.0058e-15
3692.1 1.0888e-15
3693.8 1.0737e-15
3695.5 1.0599e-15
3697.3 1.0016e-15
3699.0 9.9865e-16
3700.8 1.1456e-15
3702.5 1.1947e-15
3704.3 1.2352e-15
3706.0 1.2092e-15
3707.7 1.2855e-15
3709.5 1.2827e-15
3711.2 1.3724e-15
3713.0 1.3773e-15
3714.7 1.3982e-15
3716.4 1.4217e-15
3718.2 1.4206e-15
3719.9 1.3962e-15
3721.7 1.3906e-15
3723.4 1.4971e-15
3725.2 1.5334e-15
3726.9 1.5671e-15
3728.6 1.5306e-15
3730.4 1.4313e-15
3732.1 1.5313e-15
3733.9 1.6685e-15
3735.6 1.5683e-15
3737.3 1.5228e-15
3739.1 1.5078e-15
3740.8 1.5359e-15
3742.6 1.5215e-15
3744.3 1.5190e-15
3746.0 1.4777e-15
3747.8 1.4133e-15
3749.5 1.4234e-15
3751.3 1.4614e-15
3753.0 1.4106e-15
3754.8 1.4590e-15
3756.5 1.4846e-15
3758.2 1.3948e-15
3760.0 1.2930e-15
3761.7 1.2927e-15
3763.5 1.3394e-15
3765.2 1.3217e-15
3766.9 1.3084e-15
3768.7 1.2864e-15
3770.4 1.3317e-15
3772.2 1.2876e-15
3773.9 1.1237e-15
3775.7 1.0885e-15
3777.4 1.1209e-15
3779.1 1.0455e-15
3780.9 1.0090e-15
3782.6 1.0315e-15
3784.4 1.0117e-15
3786.1 9.1190e-16
3787.8 8.9306e-16
3789.6 8.9174e-16
3791.3 8.5524e-16
3793.1 8.4280e-16
3794.8 8.0272e-16
3796.6 7.7684e-16
3798.3 7.8033e-16
3800.0 7.3927e-16
3801.8 6.9362e-16
3803.5 6.8101e-16
3805.3 7.0033e-16
3807.0 7.2404e-16
3808.7 7.1374e-16
3810.5 6.6497e-16
3812.2 5.8435e-16
3814.0 4.8346e-16
3815.7 5.2308e-16
3817.5 5.6446e-16
3819.2 6.0340e-16
3820.9 6.0741e-16
3822.7 5.8507e-16
3824.4 5.4901e-16
3826.2 5.0600e-16
3827.9 5.2240e-16
3829.6 5.1869e-16
3831.4 4.7113e-16
3833.1 4.9254e-16
3834.9 4.8212e-16
3836.6 4.5161e-16
3838.3 4.7182e-16
3840.1 4.7847e-16
3841.8 4.5856e-16
3843.6 4.3665e-16
3845.3 4.5344e-16
3847.1 5.1232e-16
3848.8 4.7289e-16
3850.5 4.4170e-16
3852.3 4.5474e-16
3854.0 4.9377e-16
3855.8 5.2830e-16
3857.5 5.0080e-16
3859.2 4.6862e-16
3861.0 4.6517e-16
3862.7 5.1533e-16
3864.5 4.7556e-16
3866.2 4.8154e-16
3868.0 5.6877e-16
3869.7 5.9815e-16
3871.4 5.5138e-16
3873.2 5.8035e-16
3874.9 5.7581e-16
3876.7 5.3681e-16
3878.4 5.9837e-16
3880.1 6.2649e-16
3881.9 6.1892e-16
3883.6 6.4037e-16
3885.4 6.9850e-16
3887.1 7.4798e-16
3888.9 7.1519e-16
3890.6 7.5342e-16
3892.3 8.4564e-16
3894.1 8.3324e-16
3895.8 8.4562e-16
3897.6 9.0610e-16
3899.3 9.7646e-16
3901.0 9.9030e-16
3902.8 1.0133e-15
3904.5 1.0248e-15
3906.3 1.0532e-15
3908.0 1.0331e-15
3909.8 1.0591e-15
3911.5 1.1184e-15
3913.2 1.1907e-15
3915.0 1.1586e-15
3916.7 1.2042e-15
3918.5 1.2377e-15
3920.2 1.2299e-15
3921.9 1.2399e-15
3923.7 1.3079e-15
3925.4 1.2429e-15
3927.2 1.3259e-15
3928.9 1.4249e-15
3930.6 1.3213e-15
3932.4 1.3290e-15
3934.1 1.3418e-15
3935.9 1.3507e-15
3937.6 1.3536e-15
3939.4 1.3976e-15
3941.1 1.4748e-15
3942.8 1.4244e-15
3944.6 1.4128e-15
3946.3 1.4914e-15
3948.1 1.5419e-15
3949.8 1.4974e-15
3951.5 1.5344e-15
3953.3 1.5132e-15
3955.0 1.5235e-15
3956.8 1.5045e-15
3958.5 1.4994e-15
3960.3 1.5893e-15
3962.0 1.5538e-15
3963.7 1.5090e-15
3965.5 1.5268e-15
3967.2 1.5288e-15
3969.0 1.5041e-15
3970.7 1.4989e-15
3972.4 1.5307e-15
3974.2 1.5636e-15
3975.9 1.5904e-15
3977.7 1.6622e-15
3979.4 1.6727e-15
3981.2 1.7170e-15
3982.9 1.6964e-15
3984.6 1.6486e-15
3986.4 1.5962e-15
3988.1 1.5861e-15
3989.9 1.6349e-15
3991.6 1.6762e-15
3993.3 1.7701e-15
3995.1 1.7960e-15
3996.8 1.7380e-15
3998.6 1.7536e-15
4000.3 1.8066e-15
4002.1 1.7541e-15
4003.8 1.8122e-15
4005.5 1.7727e-15
4007.3 1.7841e-15
4009.0 1.8083e-15
4010.8 1.8161e-15
4012.5 1.7852e-15
4014.2 1.8114e-15
4016.0 1.8013e-15
4017.7 1.8119e-15
4019.5 1.8152e-15
4021.2 1.8307e-15
4022.9 1.8508e-15
4024.7 1.8030e-15
4026.4 1.8205e-15
4028.2 1.8653e-15
4029.9 1.8307e-15
4031.7 1.7783e-15
4033.4 1.7544e-15
4035.1 1.7425e-15
4036.9 1.7814e-15
4038.6 1.7890e-15
4040.4 1.7541e-15
4042.1 1.7433e-15
4043.8 1.7536e-15
4045.6 1.6593e-15
4047.3 1.6141e-15
4049.1 1.6561e-15
4050.8 1.6501e-15
4052.6 1.5694e-15
4054.3 1.5046e-15
4056.0 1.4839e-15
4057.8 1.4524e-15
4059.5 1.5044e-15
4061.3 1.5036e-15
4063.0 1.4551e-15
4064.7 1.4190e-15
4066.5 1.3955e-15
4068.2 1.4094e-15
4070.0 1.4231e-15
4071.7 1.3271e-15
4073.5 1.2893e-15
4075.2 1.3236e-15
4076.9 1.3147e-15
4078.7 1.2934e-15
4080.4 1.3122e-15
4082.2 1.2550e-15
4083.9 1.2046e-15
4085.6 1.2370e-15
4087.4 1.2651e-15
4089.1 1.2990e-15
4090.9 1.2928e-15
4092.6 1.2491e-15
4094.4 1.2130e-15
4096.1 1.2186e-15
4097.8 1.1878e-15
4099.6 1.1359e-15
4101.3 1.1791e-15
4103.1 1.2143e-15
4104.8 1.1767e-15
4106.5 1.1923e-15
4108.3 1.2290e-15
4110.0 1.2218e-15
4111.8 1.2314e-15
4113.5 1.2888e-15
4115.2 1.2982e-15
4117.0 1.2544e-15
4118.7 1.2807e-15
4120.5 1.2741e-15
4122.2 1.2876e-15
4124.0 1.3141e-15
4125.7 1.2881e-15
4127.4 1.3014e-15
4129.2 1.2931e-15
4130.9 1.2386e-15
4132.7 1.2289e-15
4134.4 1.2176e-15
4136.1 1.1906e-15
4137.9 1.1692e-15
4139.6 1.1756e-15
4141.4 1.1935e-15
4143.1 1.1275e-15
4144.9 1.0968e-15
4146.6 1.1244e-15
4148.3 1.1415e-15
4150.1 1.1046e-15
4151.8 1.0813e-15
4153.6 1.0848e-15
4155.3 1.1058e-15
4157.0 1.0961e-15
4158.8 1.0785e-15
4160.5 1.0603e-15
4162.3 1.1082e-15
4164.0 1.0678e-15
4165.8 1.0180e-15
4167.5 1.0873e-15
4169.2 1.0763e-15
4171.0 1.0825e-15
4172.7 1.0815e-15
4174.5 1.0563e-15
4176.2 1.0249e-15
4177.9 1.0071e-15
4179.7 1.0165e-15
4181.4 1.0396e-15
4183.2 1.0277e-15
4184.9 1.0569e-15
4186.7 1.0587e-15
4188.4 1.0264e-15
4190.1 1.0160e-15
4191.9 1.0154e-15
4193.6 1.0260e-15
4195.4 1.0551e-15
4197.1 1.0691e-15
4198.8 1.0233e-15
4200.6 9.8791e-16
4202.3 9.8927e-16
4204.1 1.0135e-15
4205.8 9.9167e-16
4207.5 9.9448e-16
4209.3 1.0109e-15
4211.0 1.0186e-15
4212.8 1.0169e-15
4214.5 1.0392e-15
4216.3 1.0246e-15
4218.0 1.0099e-15
4219.7 1.0320e-15
4221.5 1.0533e-15
4223.2 1.0329e-15
4225.0 1.0571e-15
4226.7 1.0542e-15
4228.4 1.0432e-15
4230.2 1.0682e-15
4231.9 1.0833e-15
4233.7 1.1016e-15
4235.4 1.1374e-15
4237.2 1.1394e-15
4238.9 1.1423e-15
4240.6 1.1709e-15
4242.4 1.1356e-15
4244.1 1.1155e-15
4245.9 1.1089e-15
4247.6 1.1191e-15
4249.3 1.1137e-15
4251.1 1.1141e-15
4252.8 1.0927e-15
4254.6 1.1509e-15
4256.3 1.1588e-15
4258.1 1.1141e-15
4259.8 1.1246e-15
4261.5 1.1547e-15
4263.3 1.1609e-15
4265.0 1.1619e-15
4266.8 1.1498e-15
4268.5 1.1191e-15
4270.2 1.1378e-15
4272.0 1.1218e-15
4273.7 1.0773e-15
4275.5 1.0978e-15
4277.2 1.1169e-15
4279.0 1.0966e-15
4280.7 1.1305e-15
4282.4 1.1509e-15
4284.2 1.1937e-15
4285.9 1.1985e-15
4287.7 1.1407e-15
4289.4 1.0834e-15
4291.1 1.0889e-15
4292.9 1.1579e-15
4294.6 1.1392e-15
4296.4 1.1396e-15
4298.1 1.1445e-15
4299.8 1.1214e-15
4301.6 1.1512e-15
4303.3 1.1033e-15
4305.1 1.0874e-15
4306.8 1.1340e-15
4308.6 1.1136e-15
4310.3 1.1134e-15
4312.0 1.1842e-15
4313.8 1.1712e-15
4315.5 1.1403e-15
4317.3 1.1417e-15
4319.0 1.0953e-15
4320.7 1.1007e-15
4322.5 1.1366e-15
4324.2 1.0842e-15
4326.0 1.0524e-15
4327.7 1.1297e-15
4329.5 1.1507e-15
4331.2 1.1519e-15
4332.9 1.1490e-15
4334.7 1.1761e-15
4336.4 1.1505e-15
4338.2 1.1381e-15
4339.9 1.1579e-15
4341.6 1.1641e-15
4343.4 1.1503e-15
4345.1 1.1439e-15
4346.9 1.2063e-15
4348.6 1.2249e-15
4350.4 1.1831e-15
4352.1 1.1719e-15
4353.8 1.2433e-15
4355.6 1.2741e-15
4357.3 1.2542e-15
4359.1 1.2607e-15
4360.8 1.2984e-15
4362.5 1.3041e-15
4364.3 1.3022e-15
4366.0 1.2881e-15
4367.8 1.2994e-15
4369.5 1.2738e-15
4371.3 1.2564e-15
4373.0 1.2619e-15
4374.7 1.2921e-15
4376.5 1.2734e-15
4378.2 1.2654e-15
4380.0 1.2460e-15
4381.7 1.2342e-15
4383.4 1.2024e-15
4385.2 1.1451e-15
4386.9 1.1694e-15
4388.7 1.1995e-15
4390.4 1.1597e-15
4392.1 1.1271e-15
4393.9 1.1415e-15
4395.6 1.0647e-15
4397.4 1.0813e-15
4399.1 1.1095e-15
4400.9 1.0678e-15
4402.6 1.0459e-15
4404.3 1.1041e-15
4406.1 1.0661e-15
4407.8 9.6275e-16
4409.6 9.3331e-16
4411.3 9.9097e-16
4413.0 1.0178e-15
4414.8 9.4931e-16
4416.5 9.1071e-16
4418.3 9.1091e-16
4420.0 8.9035e-16
4421.8 9.0223e-16
4423.5 8.8009e-16
4425.2 7.9990e-16
4427.0 7.9145e-16
4428.7 7.5050e-16
4430.5 7.7382e-16
4432.2 8.2283e-16
4433.9 8.2632e-16
4435.7 8.3433e-16
4437.4 7.9388e-16
4439.2 7.9747e-16
4440.9 7.8790e-16
4442.7 7.6811e-16
4444.4 7.9391e-16
4446.1 7.8470e-16
4447.9 7.7928e-16
4449.6 7.2683e-16
4451.4 7.3969e-16
4453.1 7.4967e-16
4454.8 7.6166e-16
4456.6 7.6525e-16
4458.3 7.3442e-16
4460.1 7.5468e-16
4461.8 7.5978e-16
4463.6 7.2711e-16
4465.3 7.1492e-16
4467.0 7.5011e-16
4468.8 7.0500e-16
4470.5 7.0299e-16
4472.3 6.7924e-16
4474.0 6.6927e-16
4475.7 6.9554e-16
4477.5 7.2259e-16
4479.2 7.5364e-16
4481.0 7.2751e-16
4482.7 6.6211e-16
4484.4 6.3344e-16
4486.2 6.4455e-16
4487.9 6.5680e-16
4489.7 6.6292e-16
4491.4 6.7562e-16
4493.2 6.6685e-16
4494.9 6.5757e-16
4496.6 6.7642e-16
4498.4 6.9323e-16
4500.1 6.5540e-16
4501.9 6.4897e-16
4503.6 6.8819e-16
4505.3 7.2390e-16
4507.1 7.3886e-16
4508.8 7.3546e-16
4510.6 7.0098e-16
4512.3 7.0192e-16
4514.1 7.3028e-16
4515.8 7.4593e-16
4517.5 6.9545e-16
4519.3 7.0220e-16
4521.0 7.4414e-16
4522.8 7.4778e-16
4524.5 7.4584e-16
4526.2 7.7651e-16
4528.0 7.9966e-16
4529.7 7.7251e-16
4531.5 7.7090e-16
4533.2 7.8841e-16
4535.0 8.2163e-16
4536.7 8.4719e-16
4538.4 8.3101e-16
4540.2 8.2526e-16
4541.9 8.1693e-16
4543.7 8.7445e-16
4545.4 8.7845e-16
4547.1 8.5813e-16
4548.9 8.8631e-16
4550.6 8.8612e-16
4552.4 8.7817e-16
4554.1 8.7647e-16
4555.8 8.9489e-16
4557.6 8.9336e-16
4559.3 8.8438e-16
4561.1 9.0983e-16
4562.8 9.3486e-16
4564.6 9.3920e-16
4566.3 9.6664e-16
4568.0 1.0380e-15
4569.8 1.0089e-15
4571.5 9.9808e-16
4573.3 1.0165e-15
4575.0 1.0265e-15
4576.7 1.0596e-15
4578.5 1.1162e-15
4580.2 1.1932e-15
4582.0 1.1782e-15
4583.7 1.2096e-15
4585.5 1.2157e-15
4587.2 1.2104e-15
4588.9 1.1903e-15
4590.7 1.2059e-15
4592.4 1.2313e-15
4594.2 1.2908e-15
4595.9 1.2562e-15
4597.6 1.2337e-15
4599.4 1.3423e-15
4601.1 1.4151e-15
4602.9 1.4276e-15
4604.6 1.3901e-15
4606.4 1.4212e-15
4608.1 1.4687e-15
4609.8 1.5258e-15
4611.6 1.5042e-15
4613.3 1.5085e-15
4615.1 1.5743e-15
4616.8 1.6084e-15
4618.5 1.6225e-15
4620.3 1.6576e-15
4622.0 1.7054e-15
4623.8 1.7345e-15
4625.5 1.7308e-15
4627.3 1.7862e-15
4629.0 1.8733e-15
4630.7 1.8098e-15
4632.5 1.8054e-15
4634.2 1.8691e-15
4636.0 1.8753e-15
4637.7 1.8585e-15
4639.4 1.8499e-15
4641.2 1.8964e-15
4642.9 1.9367e-15
4644.7 1.9167e-15
4646.4 1.9171e-15
4648.1 1.9214e-15
4649.9 1.8836e-15
4651.6 1.9452e-15
4653.4 1.9485e-15
4655.1 1.8994e-15
4656.9 1.8728e-15
4658.6 1.9007e-15
4660.3 1.8920e-15
4662.1 1.8914e-15
4663.8 1.8732e-15
4665.6 1.8989e-15
4667.3 1.9034e-15
4669.0 1.9308e-15
4670.8 1.9417e-15
4672.5 1.8872e-15
4674.3 1.8411e-15
4676.0 1.8512e-15
4677.8 1.8494e-15
4679.5 1.8638e-15
4681.2 1.9157e-15
4683.0 1.9031e-15
4684.7 1.8974e-15
4686.5 1.9243e-15
4688.2 1.9056e-15
4689.9 1.8412e-15
4691.7 1.7993e-15
4693.4 1.8239e-15
4695.2 1.8819e-15
4696.9 1.8626e-15
4698.7 1.8292e-15
4700.4 1.8256e-15
4702.1 1.8087e-15
4703.9 1.7837e-15
4705.6 1.7673e-15
4707.4 1.7296e-15
4709.1 1.7244e-15
4710.8 1.7788e-15
4712.6 1.7587e-15
4714.3 1.6706e-15
4716.1 1.6647e-15
4717.8 1.6434e-15
4719.6 1.5962e-15
4721.3 1.5879e-15
4723.0 1.5589e-15
4724.8 1.5508e-15
4726.5 1.5281e-15
4728.3 1.4611e-15
4730.0 1.4232e-15
4731.7 1.4277e-15
4733.5 1.3907e-15
4735.2 1.3482e-15
4737.0 1.3425e-15
4738.7 1.3447e-15
4740.4 1.3130e-15
4742.2 1.2639e-15
4743.9 1.1931e-15
4745.7 1.2199e-15
4747.4 1.2061e-15
4749.2 1.1673e-15
4750.9 1.1356e-15
4752.6 1.0863e-15
4754.4 1.0319e-15
4756.1 1.0747e-15
4757.9 1.0958e-15
4759.6 1.0959e-15
4761.3 1.0205e-15
4763.1 9.7420e-16
4764.8 9.8290e-16
4766.6 9.5941e-16
4768.3 9.8335e-16
4770.1 9.8462e-16
4771.8 9.8870e-16
4773.5 9.7294e-16
4775.3 9.4062e-16
4777.0 9.3285e-16
4778.8 9.0025e-16
4780.5 8.8027e-16
4782.2 9.0192e-16
4784.0 9.2886e-16
4785.7 9.1251e-16
4787.5 9.1794e-16
4789.2 9.2483e-16
4791.0 9.0757e-16
4792.7 9.3404e-16
4794.4 8.8528e-16
4796.2 8.2207e-16
4797.9 8.0172e-16
4799.7 7.9596e-16
4801.4 8.1478e-16
4803.1 8.3976e-16
4804.9 8.0213e-16
4806.6 7.8859e-16
4808.4 7.9438e-16
4810.1 7.9466e-16
4811.9 8.0348e-16
4813.6 8.0404e-16
4815.3 7.6089e-16
4817.1 7.4678e-16
4818.8 7.3547e-16
4820.6 7.5439e-16
4822.3 7.8665e-16
4824.0 8.0306e-16
4825.8 7.6306e-16
4827.5 7.9342e-16
4829.3 8.1813e-16
4831.0 8.1688e-16
4832.7 8.8130e-16
4834.5 9.9921e-16
4836.2 8.5139e-16
4838.0 8.0482e-16
4839.7 8.3893e-16
4841.5 8.3552e-16
4843.2 8.8596e-16
4844.9 8.8426e-16
4846.7 8.9819e-16
4848.4 9.6603e-16
4850.2 9.3972e-16
4851.9 9.0514e-16
4853.6 9.3096e-16
4855.4 9.6922e-16
4857.1 1.0006e-15
4858.9 1.0125e-15
4860.6 1.0456e-15
4862.4 1.0290e-15
4864.1 1.0365e-15
4865.8 1.0839e-15
4867.6 1.0836e-15
4869.3 1.0885e-15
4871.1 1.0821e-15
4872.8 1.1041e-15
4874.5 1.1059e-15
4876.3 1.0832e-15
4878.0 1.0956e-15
4879.8 1.1066e-15
4881.5 1.1243e-15
4883.3 1.1040e-15
4885.0 1.0841e-15
4886.7 1.1629e-15
4888.5 1.1521e-15
4890.2 1.1145e-15
4892.0 1.1150e-15
4893.7 1.0932e-15
4895.4 1.0973e-15
4897.2 1.0927e-15
4898.9 1.0758e-15
4900.7 1.0313e-15
4902.4 1.0133e-15
4904.2 9.9502e-16
4905.9 9.9751e-16
4907.6 9.9010e-16
4909.4 9.9874e-16
4911.1 9.8818e-16
4912.9 9.9358e-16
4914.6 1.0005e-15
4916.3 9.8690e-16
4918.1 9.8909e-16
4919.8 9.6003e-16
4921.6 9.4075e-16
4923.3 9.5962e-16
4925.0 9.4086e-16
4926.8 9.5192e-16
4928.5 9.7935e-16
4930.3 9.6477e-16
4932.0 9.7004e-16
4933.8 9.8006e-16
4935.5 9.9049e-16
4937.2 9.9498e-16
4939.0 1.0000e-15
4940.7 1.0159e-15
4942.5 1.0410e-15
4944.2 1.0705e-15
4945.9 1.0662e-15
4947.7 1.0755e-15
4949.4 1.1120e-15
4951.2 1.1273e-15
4952.9 1.1328e-15
4954.7 1.1748e-15
4956.4 1.2053e-15
4958.1 1.2130e-15
4959.9 1.2497e-15
4961.6 1.2834e-15
4963.4 1.3195e-15
4965.1 1.3436e-15
4966.8 1.3695e-15
4968.6 1.4149e-15
4970.3 1.4475e-15
4972.1 1.4352e-15
4973.8 1.4643e-15
4975.6 1.5070e-15
4977.3 1.5271e-15
4979.0 1.5328e-15
4980.8 1.5568e-15
4982.5 1.6015e-15
4984.3 1.6707e-15
4986.0 1.6988e-15
4987.7 1.6726e-15
4989.5 1.6648e-15
4991.2 1.6810e-15
4993.0 1.7155e-15
4994.7 1.7535e-15
4996.5 1.8003e-15
4998.2 1.7962e-15
4999.9 1.8166e-15
5001.7 1.8251e-15
5003.4 1.8211e-15
5005.2 1.8006e-15
5006.9 1.7623e-15
5008.6 1.7584e-15
5010.4 1.7682e-15
5012.1 1.7701e-15
5013.9 1.7506e-15
5015.6 1.7246e-15
5017.3 1.7145e-15
5019.1 1.6974e-15
5020.8 1.6742e-15
5022.6 1.6485e-15
5024.3 1.6139e-15
5026.1 1.5646e-15
5027.8 1.5194e-15
5029.5 1.5030e-15
5031.3 1.5003e-15
5033.0 1.4863e-15
5034.8 1.4602e-15
5036.5 1.4285e-15
5038.2 1.3918e-15
5040.0 1.3493e-15
5041.7 1.3081e-15
5043.5 1.2785e-15
5045.2 1.2513e-15
5047.0 1.2116e-15
5048.7 1.1660e-15
5050.4 1.1268e-15
5052.2 1.1001e-15
5053.9 1.0883e-15
5055.7 1.0830e-15
5057.4 1.0718e-15
5059.1 1.0569e-15
5060.9 1.0490e-15
5062.6 1.0430e-15
5064.4 1.0266e-15
5066.1 1.0052e-15
5067.9 9.9081e-16
5069.6 9.8268e-16
5071.3 9.7295e-16
5073.1 9.5789e-16
5074.8 9.3529e-16
5076.6 9.1364e-16
5078.3 9.0774e-16
5080.0 9.1548e-16
5081.8 9.2490e-16
5083.5 9.2716e-16
5085.3 9.1485e-16
5087.0 8.9527e-16
5088.8 8.8678e-16
5090.5 8.8963e-16
5092.2 8.9051e-16
5094.0 8.8853e-16
5095.7 8.9217e-16
5097.5 8.9984e-16
5099.2 9.0250e-16
5100.9 9.0011e-16
5102.7 9.0058e-16
5104.4 9.0223e-16
5106.2 8.9469e-16
5107.9 8.8053e-16
5109.6 8.7491e-16
5111.4 8.7797e-16
5113.1 8.7539e-16
5114.9 8.6421e-16
5116.6 8.5140e-16
5118.4 8.4400e-16
5120.1 8.5059e-16
5121.8 8.6623e-16
5123.6 8.6932e-16
5125.3 8.5487e-16
5127.1 8.3792e-16
5128.8 8.2653e-16
5130.5 8.2044e-16
5132.3 8.1931e-16
5134.0 8.2166e-16
5135.8 8.2558e-16
5137.5 8.2928e-16
5139.3 8.3150e-16
5141.0 8.3200e-16
5142.7 8.3134e-16
5144.5 8.3174e-16
5146.2 8.3274e-16
5148.0 8.2924e-16
5149.7 8.1950e-16
5151.4 8.0713e-16
5153.2 7.9551e-16
5154.9 7.8686e-16
5156.7 7.8369e-16
5158.4 7.8969e-16
5160.2 8.0298e-16
5161.9 8.1032e-16
5163.6 8.0572e-16
5165.4 7.9934e-16
5167.1 7.9809e-16
5168.9 8.0162e-16
5170.6 8.0776e-16
5172.3 8.1028e-16
5174.1 8.0573e-16
5175.8 7.9978e-16
5177.6 7.9594e-16
5179.3 7.9075e-16
5181.1 7.8305e-16
5182.8 7.7937e-16
5184.5 7.8286e-16
5186.3 7.8568e-16
5188.0 7.8289e-16
5189.8 7.8015e-16
5191.5 7.8092e-16
5193.2 7.7821e-16
5195.0 7.6871e-16
5196.7 7.6125e-16
5198.5 7.6390e-16
5200.2 7.8221e-16
5201.9 8.1531e-16
5203.7 8.3778e-16
5205.4 8.3075e-16
5207.2 8.1086e-16
5208.9 7.9524e-16
5210.7 7.8662e-16
5212.4 7.8573e-16
5214.1 7.8619e-16
5215.9 7.8243e-16
5217.6 7.8118e-16
5219.4 7.8836e-16
5221.1 7.9758e-16
5222.8 8.0279e-16
5224.6 8.0917e-16
5226.3 8.2148e-16
5228.1 8.3274e-16
5229.8 8.3653e-16
5231.6 8.4052e-16
5233.3 8.5252e-16
5235.0 8.6671e-16
5236.8 8.7626e-16
5238.5 8.8167e-16
5240.3 8.8484e-16
5242.0 8.9095e-16
5243.7 9.0465e-16
5245.5 9.1725e-16
5247.2 9.1921e-16
5249.0 9.1541e-16
5250.7 9.1341e-16
5252.5 9.1898e-16
5254.2 9.3647e-16
5255.9 9.5858e-16
5257.7 9.7542e-16
5259.4 9.8627e-16
5261.2 9.9287e-16
5262.9 9.9906e-16
5264.6 1.0103e-15
5266.4 1.0197e-15
5268.1 1.0189e-15
5269.9 1.0237e-15
5271.6 1.0547e-15
5273.4 1.0916e-15
5275.1 1.1039e-15
5276.8 1.0969e-15
5278.6 1.0912e-15
5280.3 1.0873e-15
5282.1 1.0802e-15
5283.8 1.0818e-15
5285.5 1.1075e-15
5287.3 1.1468e-15
5289.0 1.1771e-15
5290.8 1.1947e-15
5292.5 1.2039e-15
5294.2 1.2074e-15
5296.0 1.2097e-15
5297.7 1.2159e-15
5299.5 1.2319e-15
5301.2 1.2536e-15
5303.0 1.2724e-15
5304.7 1.2865e-15
5306.4 1.2969e-15
5308.2 1.3052e-15
5309.9 1.3148e-15
5311.7 1.3244e-15
5313.4 1.3323e-15
5315.1 1.3374e-15
5316.9 1.3370e-15
5318.6 1.3319e-15
5320.4 1.3248e-15
5322.1 1.3204e-15
5323.9 1.3257e-15
5325.6 1.3385e-15
5327.3 1.3530e-15
5329.1 1.3632e-15
5330.8 1.3665e-15
5332.6 1.3648e-15
5334.3 1.3645e-15
5336.0 1.3690e-15
5337.8 1.3778e-15
5339.5 1.3879e-15
5341.3 1.3925e-15
5343.0 1.3934e-15
5344.8 1.4013e-15
5346.5 1.4160e-15
5348.2 1.4285e-15
5350.0 1.4376e-15
5351.7 1.4493e-15
5353.5 1.4649e-15
5355.2 1.4821e-15
5356.9 1.4991e-15
5358.7 1.5155e-15
5360.4 1.5314e-15
5362.2 1.5505e-15
5363.9 1.5690e-15
5365.7 1.5727e-15
5367.4 1.5632e-15
5369.1 1.5629e-15
5370.9 1.5790e-15
5372.6 1.5956e-15
5374.4 1.6034e-15
5376.1 1.6010e-15
5377.8 1.5915e-15
5379.6 1.5866e-15
5381.3 1.5877e-15
5383.1 1.5831e-15
5384.8 1.5683e-15
5386.5 1.5512e-15
5388.3 1.5384e-15
5390.0 1.5336e-15
5391.8 1.5384e-15
5393.5 1.5488e-15
5395.3 1.5600e-15
5397.0 1.5600e-15
5398.7 1.5460e-15
5400.5 1.5333e-15
5402.2 1.5303e-15
5404.0 1.5304e-15
5405.7 1.5277e-15
5407.4 1.5242e-15
5409.2 1.5193e-15
5410.9 1.5088e-15
5412.7 1.4919e-15
5414.4 1.4742e-15
5416.2 1.4608e-15
5417.9 1.4573e-15
5419.6 1.4635e-15
5421.4 1.4614e-15
5423.1 1.4412e-15
5424.9 1.4201e-15
5426.6 1.4137e-15
5428.3 1.4199e-15
5430.1 1.4360e-15
5431.8 1.4527e-15
5433.6 1.4627e-15
5435.3 1.4746e-15
5437.1 1.4940e-15
5438.8 1.5083e-15
5440.5 1.5082e-15
5442.3 1.5015e-15
5444.0 1.4965e-15
5445.8 1.4973e-15
5447.5 1.5054e-15
5449.2 1.5146e-15
5451.0 1.5196e-15
5452.7 1.5219e-15
5454.5 1.5238e-15
5456.2 1.5290e-15
5458.0 1.5414e-15
5459.7 1.5571e-15
5461.4 1.5730e-15
5463.2 1.5880e-15
5464.9 1.6024e-15
5466.7 1.6153e-15
5468.4 1.6278e-15
5470.1 1.6341e-15
5471.9 1.6297e-15
5473.6 1.6223e-15
5475.4 1.6200e-15
5477.1 1.6281e-15
5478.8 1.6479e-15
5480.6 1.6736e-15
5482.3 1.6967e-15
5484.1 1.7166e-15
5485.8 1.7338e-15
5487.6 1.7506e-15
5489.3 1.7703e-15
5491.0 1.7941e-15
5492.8 1.8229e-15
5494.5 1.8561e-15
5496.3 1.8930e-15
5498.0 1.9248e-15
5499.7 1.9428e-15
5501.5 1.9568e-15
5503.2 1.9820e-15
5505.0 2.0072e-15
5506.7 2.0161e-15
5508.5 2.0224e-15
5510.2 2.0476e-15
5511.9 2.0898e-15
5513.7 2.1398e-15
5515.4 2.1797e-15
5517.2 2.1883e-15
5518.9 2.1870e-15
5520.6 2.2123e-15
5522.4 2.2491e-15
5524.1 2.2639e-15
5525.9 2.2633e-15
5527.6 2.2691e-15
5529.4 2.2842e-15
5531.1 2.3049e-15
5532.8 2.3281e-15
5534.6 2.3516e-15
5536.3 2.3711e-15
5538.1 2.3808e-15
5539.8 2.3884e-15
5541.5 2.4082e-15
5543.3 2.4357e-15
5545.0 2.4572e-15
5546.8 2.4702e-15
5548.5 2.4781e-15
5550.3 2.4871e-15
5552.0 2.5049e-15
5553.7 2.5217e-15
5555.5 2.5155e-15
5557.2 2.4948e-15
5559.0 2.4884e-15
5560.7 2.4998e-15
5562.4 2.5144e-15
5564.2 2.5227e-15
5565.9 2.5178e-15
5567.7 2.5036e-15
5569.4 2.4925e-15
5571.1 2.4894e-15
5572.9 2.4919e-15
5574.6 2.4994e-15
5576.4 2.5157e-15
5578.1 2.5293e-15
5579.9 2.5164e-15
5581.6 2.4798e-15
5583.3 2.4506e-15
5585.1 2.4385e-15
5586.8 2.4334e-15
5588.6 2.4273e-15
5590.3 2.4129e-15
5592.0 2.3952e-15
5593.8 2.3970e-15
5595.5 2.4181e-15
5597.3 2.4314e-15
5599.0 2.4251e-15
5600.8 2.4052e-15
5602.5 2.3816e-15
5604.2 2.3727e-15
5606.0 2.3781e-15
5607.7 2.3683e-15
5609.5 2.3390e-15
5611.2 2.3260e-15
5612.9 2.3406e-15
5614.7 2.3570e-15
5616.4 2.3614e-15
5618.2 2.3630e-15
5619.9 2.3641e-15
5621.7 2.3591e-15
5623.4 2.3455e-15
5625.1 2.3267e-15
5626.9 2.3054e-15
5628.6 2.2839e-15
5630.4 2.2650e-15
5632.1 2.2528e-15
5633.8 2.2492e-15
5635.6 2.2567e-15
5637.3 2.2712e-15
5639.1 2.2752e-15
5640.8 2.2592e-15
5642.6 2.2338e-15
5644.3 2.2093e-15
5646.0 2.1981e-15
5647.8 2.2022e-15
5649.5 2.2043e-15
5651.3 2.1914e-15
5653.0 2.1682e-15
5654.7 2.1410e-15
5656.5 2.1236e-15
5658.2 2.1220e-15
5660.0 2.1183e-15
5661.7 2.0999e-15
5663.4 2.0781e-15
5665.2 2.0621e-15
5666.9 2.0522e-15
5668.7 2.0465e-15
5670.4 2.0350e-15
5672.2 2.0123e-15
5673.9 1.9963e-15
5675.6 1.9989e-15
5677.4 1.9944e-15
5679.1 1.9649e-15
5680.9 1.9339e-15
5682.6 1.9226e-15
5684.3 1.9170e-15
5686.1 1.9028e-15
5687.8 1.8851e-15
5689.6 1.8695e-15
5691.3 1.8536e-15
5693.1 1.8359e-15
5694.8 1.8163e-15
5696.5 1.7948e-15
5698.3 1.7752e-15
5700.0 1.7609e-15
5701.8 1.7474e-15
5703.5 1.7294e-15
5705.2 1.7125e-15
5707.0 1.7026e-15
5708.7 1.6907e-15
5710.5 1.6696e-15
5712.2 1.6492e-15
5714.0 1.6411e-15
5715.7 1.6364e-15
5717.4 1.6231e-15
5719.2 1.6030e-15
5720.9 1.5805e-15
5722.7 1.5576e-15
5724.4 1.5363e-15
5726.1 1.5182e-15
5727.9 1.5033e-15
5729.6 1.4881e-15
5731.4 1.4675e-15
5733.1 1.4483e-15
5734.9 1.4399e-15
5736.6 1.4360e-15
5738.3 1.4252e-15
5740.1 1.4105e-15
5741.8 1.3963e-15
5743.6 1.3850e-15
5745.3 1.3765e-15
5747.0 1.3655e-15
5748.8 1.3459e-15
5750.5 1.3258e-15
5752.3 1.3189e-15
5754.0 1.3194e-15
5755.7 1.3151e-15
5757.5 1.3027e-15
5759.2 1.2829e-15
5761.0 1.2615e-15
5762.7 1.2473e-15
5764.5 1.2409e-15
5766.2 1.2387e-15
5767.9 1.2384e-15
5769.7 1.2383e-15
5771.4 1.2340e-15
5773.2 1.2179e-15
5774.9 1.1978e-15
5776.6 1.1891e-15
5778.4 1.1907e-15
5780.1 1.1902e-15
5781.9 1.1863e-15
5783.6 1.1832e-15
5785.4 1.1814e-15
5787.1 1.1788e-15
5788.8 1.1797e-15
5790.6 1.1917e-15
5792.3 1.2108e-15
5794.1 1.2237e-15
5795.8 1.2316e-15
5797.5 1.2467e-15
5799.3 1.2688e-15
5801.0 1.2877e-15
5802.8 1.3014e-15
5804.5 1.3131e-15
5806.3 1.3238e-15
5808.0 1.3293e-15
5809.7 1.3360e-15
5811.5 1.3580e-15
5813.2 1.3923e-15
5815.0 1.4189e-15
5816.7 1.4353e-15
5818.4 1.4538e-15
5820.2 1.4808e-15
5821.9 1.5165e-15
5823.7 1.5535e-15
5825.4 1.5758e-15
5827.2 1.5808e-15
5828.9 1.5822e-15
5830.6 1.5873e-15
5832.4 1.5993e-15
5834.1 1.6179e-15
5835.9 1.6410e-15
5837.6 1.6632e-15
5839.3 1.6764e-15
5841.1 1.6813e-15
5842.8 1.6972e-15
5844.6 1.7286e-15
5846.3 1.7605e-15
5848.0 1.7839e-15
5849.8 1.7920e-15
5851.5 1.7887e-15
5853.3 1.7895e-15
5855.0 1.8022e-15
5856.8 1.8206e-15
5858.5 1.8406e-15
5860.2 1.8584e-15
5862.0 1.8722e-15
5863.7 1.8841e-15
5865.5 1.8936e-15
5867.2 1.8982e-15
5868.9 1.8978e-15
5870.7 1.8991e-15
5872.4 1.9078e-15
5874.2 1.9310e-15
5875.9 1.9660e-15
5877.7 1.9904e-15
5879.4 1.9900e-15
5881.1 1.9764e-15
5882.9 1.9607e-15
5884.6 1.9465e-15
5886.4 1.9366e-15
5888.1 1.9257e-15
5889.8 1.9105e-15
5891.6 1.8942e-15
5893.3 1.8793e-15
5895.1 1.8645e-15
5896.8 1.8500e-15
5898.6 1.8466e-15
5900.3 1.8603e-15
5902.0 1.8850e-15
5903.8 1.9130e-15
5905.5 1.9345e-15
5907.3 1.9432e-15
5909.0 1.9427e-15
5910.7 1.9383e-15
5912.5 1.9355e-15
5914.2 1.9356e-15
5916.0 1.9334e-15
5917.7 1.9240e-15
5919.5 1.9119e-15
5921.2 1.9015e-15
5922.9 1.8884e-15
5924.7 1.8684e-15
5926.4 1.8509e-15
5928.2 1.8431e-15
5929.9 1.8423e-15
5931.6 1.8427e-15
5933.4 1.8386e-15
5935.1 1.8237e-15
5936.9 1.8072e-15
5938.6 1.7987e-15
5940.3 1.7948e-15
5942.1 1.7911e-15
5943.8 1.7922e-15
5945.6 1.8020e-15
5947.3 1.8048e-15
5949.1 1.7850e-15
5950.8 1.7597e-15
5952.5 1.7497e-15
5954.3 1.7511e-15
5956.0 1.7532e-15
5957.8 1.7535e-15
5959.5 1.7510e-15
5961.2 1.7458e-15
5963.0 1.7392e-15
5964.7 1.7358e-15
5966.5 1.7386e-15
5968.2 1.7455e-15
5970.0 1.7530e-15
5971.7 1.7603e-15
5973.4 1.7681e-15
5975.2 1.7692e-15
5976.9 1.7568e-15
5978.7 1.7469e-15
5980.4 1.7632e-15
5982.1 1.7905e-15
5983.9 1.8020e-15
5985.6 1.7970e-15
5987.4 1.7837e-15
5989.1 1.7683e-15
5990.9 1.7590e-15
5992.6 1.7535e-15
5994.3 1.7450e-15
5996.1 1.7346e-15
5997.8 1.7257e-15
5999.6 1.7186e-15
6001.3 1.7117e-15
6003.0 1.7069e-15
6004.8 1.7063e-15
6006.5 1.7052e-15
6008.3 1.6957e-15
6010.0 1.6771e-15
6011.8 1.6526e-15
6013.5 1.6284e-15
6015.2 1.6129e-15
6017.0 1.6037e-15
6018.7 1.5920e-15
6020.5 1.5747e-15
6022.2 1.5530e-15
6023.9 1.5285e-15
6025.7 1.5011e-15
6027.4 1.4758e-15
6029.2 1.4596e-15
6030.9 1.4496e-15
6032.6 1.4339e-15
6034.4 1.4144e-15
6036.1 1.4054e-15
6037.9 1.4018e-15
6039.6 1.3829e-15
6041.4 1.3523e-15
6043.1 1.3314e-15
6044.8 1.3246e-15
6046.6 1.3223e-15
6048.3 1.3163e-15
6050.1 1.2950e-15
6051.8 1.2637e-15
6053.5 1.2440e-15
6055.3 1.2421e-15
6057.0 1.2476e-15
6058.8 1.2533e-15
6060.5 1.2548e-15
6062.3 1.2502e-15
6064.0 1.2440e-15
6065.7 1.2368e-15
6067.5 1.2249e-15
6069.2 1.2073e-15
6071.0 1.1863e-15
6072.7 1.1687e-15
6074.4 1.1676e-15
6076.2 1.1841e-15
6077.9 1.2015e-15
6079.7 1.2099e-15
6081.4 1.2080e-15
6083.2 1.2013e-15
6084.9 1.2077e-15
6086.6 1.2293e-15
6088.4 1.2434e-15
6090.1 1.2403e-15
6091.9 1.2360e-15
6093.6 1.2391e-15
6095.3 1.2443e-15
6097.1 1.2479e-15
6098.8 1.2494e-15
6100.6 1.2492e-15
6102.3 1.2514e-15
6104.1 1.2572e-15
6105.8 1.2639e-15
6107.5 1.2698e-15
6109.3 1.2775e-15
6111.0 1.2883e-15
6112.8 1.2977e-15
6114.5 1.3016e-15
6116.2 1.2985e-15
6118.0 1.2891e-15
6119.7 1.2829e-15
6121.5 1.2850e-15
6123.2 1.2907e-15
6124.9 1.2957e-15
6126.7 1.3017e-15
6128.4 1.3082e-15
6130.2 1.3055e-15
6131.9 1.2890e-15
6133.7 1.2696e-15
6135.4 1.2576e-15
6137.1 1.2570e-15
6138.9 1.2662e-15
6140.6 1.2733e-15
6142.4 1.2685e-15
6144.1 1.2564e-15
6145.8 1.2431e-15
6147.6 1.2285e-15
6149.3 1.2151e-15
6151.1 1.2065e-15
6152.8 1.2063e-15
6154.6 1.2099e-15
6156.3 1.2138e-15
6158.0 1.2141e-15
6159.8 1.2106e-15
6161.5 1.2093e-15
6163.3 1.2161e-15
6165.0 1.2251e-15
6166.7 1.2308e-15
6168.5 1.2362e-15
6170.2 1.2458e-15
6172.0 1.2556e-15
6173.7 1.2618e-15
6175.5 1.2639e-15
6177.2 1.2620e-15
6178.9 1.2552e-15
6180.7 1.2433e-15
6182.4 1.2316e-15
6184.2 1.2262e-15
6185.9 1.2315e-15
6187.6 1.2493e-15
6189.4 1.2726e-15
6191.1 1.2901e-15
6192.9 1.2969e-15
6194.6 1.2886e-15
6196.4 1.2770e-15
6198.1 1.2764e-15
6199.8 1.2835e-15
6201.6 1.2904e-15
6203.3 1.2930e-15
6205.1 1.2880e-15
6206.8 1.2748e-15
6208.5 1.2545e-15
6210.3 1.2297e-15
6212.0 1.2043e-15
6213.8 1.1873e-15
6215.5 1.1890e-15
6217.2 1.1976e-15
6219.0 1.1942e-15
6220.7 1.1820e-15
6222.5 1.1711e-15
6224.2 1.1632e-15
6226.0 1.1567e-15
6227.7 1.1502e-15
6229.4 1.1417e-15
6231.2 1.1309e-15
6232.9 1.1200e-15
6234.7 1.1078e-15
6236.4 1.0935e-15
6238.1 1.0774e-15
6239.9 1.0611e-15
6241.6 1.0498e-15
6243.4 1.0520e-15
6245.1 1.0622e-15
6246.9 1.0686e-15
6248.6 1.0708e-15
6250.3 1.0765e-15
6252.1 1.0841e-15
6253.8 1.0866e-15
6255.6 1.0858e-15
6257.3 1.0879e-15
6259.0 1.0954e-15
6260.8 1.1090e-15
6262.5 1.1264e-15
6264.3 1.1438e-15
6266.0 1.1616e-15
6267.8 1.1819e-15
6269.5 1.2037e-15
6271.2 1.2224e-15
6273.0 1.2384e-15
6274.7 1.2572e-15
6276.5 1.2772e-15
6278.2 1.2922e-15
6279.9 1.3044e-15
6281.7 1.3222e-15
6283.4 1.3495e-15
6285.2 1.3834e-15
6286.9 1.4219e-15
6288.7 1.4603e-15
6290.4 1.4940e-15
6292.1 1.5193e-15
6293.9 1.5357e-15
6295.6 1.5485e-15
6297.4 1.5584e-15
6299.1 1.5601e-15
6300.8 1.5542e-15
6302.6 1.5485e-15
6304.3 1.5437e-15
6306.1 1.5295e-15
6307.8 1.5072e-15
6309.5 1.4914e-15
6311.3 1.4895e-15
6313.0 1.5022e-15
6314.8 1.5206e-15
6316.5 1.5190e-15
6318.3 1.4924e-15
6320.0 1.4666e-15
6321.7 1.4587e-15
6323.5 1.4696e-15
6325.2 1.4930e-15
6327.0 1.5070e-15
6328.7 1.4983e-15
6330.4 1.4728e-15
6332.2 1.4394e-15
6333.9 1.4123e-15
6335.7 1.3997e-15
6337.4 1.3921e-15
6339.2 1.3829e-15
6340.9 1.3752e-15
6342.6 1.3699e-15
6344.4 1.3654e-15
6346.1 1.3621e-15
6347.9 1.3639e-15
6349.6 1.3714e-15
6351.3 1.3765e-15
6353.1 1.3752e-15
6354.8 1.3687e-15
6356.6 1.3598e-15
6358.3 1.3552e-15
6360.1 1.3586e-15
6361.8 1.3636e-15
6363.5 1.3647e-15
6365.3 1.3609e-15
6367.0 1.3530e-15
6368.8 1.3462e-15
6370.5 1.3467e-15
6372.2 1.3598e-15
6374.0 1.3868e-15
6375.7 1.4080e-15
6377.5 1.4088e-15
6379.2 1.3992e-15
6381.0 1.3908e-15
6382.7 1.3957e-15
6384.4 1.4225e-15
6386.2 1.4558e-15
6387.9 1.4811e-15
6389.7 1.5016e-15
6391.4 1.5207e-15
6393.1 1.5305e-15
6394.9 1.5255e-15
6396.6 1.5195e-15
6398.4 1.5245e-15
6400.1 1.5339e-15
6401.8 1.5397e-15
6403.6 1.5392e-15
6405.3 1.5312e-15
6407.1 1.5286e-15
6408.8 1.5432e-15
6410.6 1.5626e-15
6412.3 1.5728e-15
6414.0 1.5768e-15
6415.8 1.5797e-15
6417.5 1.5901e-15
6419.3 1.6142e-15
6421.0 1.6390e-15
6422.7 1.6482e-15
6424.5 1.6536e-15
6426.2 1.6707e-15
6428.0 1.6921e-15
6429.7 1.7069e-15
6431.5 1.7165e-15
6433.2 1.7231e-15
6434.9 1.7253e-15
6436.7 1.7220e-15
6438.4 1.7165e-15
6440.2 1.7132e-15
6441.9 1.7210e-15
6443.6 1.7483e-15
6445.4 1.7841e-15
6447.1 1.8130e-15
6448.9 1.8309e-15
6450.6 1.8378e-15
6452.4 1.8466e-15
6454.1 1.8729e-15
6455.8 1.9152e-15
6457.6 1.9651e-15
6459.3 2.0059e-15
6461.1 2.0212e-15
6462.8 2.0165e-15
6464.5 2.0089e-15
6466.3 2.0141e-15
6468.0 2.0476e-15
6469.8 2.0896e-15
6471.5 2.1073e-15
6473.3 2.1055e-15
6475.0 2.1070e-15
6476.7 2.1166e-15
6478.5 2.1320e-15
6480.2 2.1470e-15
6482.0 2.1527e-15
6483.7 2.1606e-15
6485.4 2.1930e-15
6487.2 2.2445e-15
6488.9 2.2940e-15
6490.7 2.3353e-15
6492.4 2.3711e-15
6494.1 2.4018e-15
6495.9 2.4270e-15
6497.6 2.4483e-15
6499.4 2.4653e-15
6501.1 2.4804e-15
6502.9 2.4959e-15
6504.6 2.5100e-15
6506.3 2.5183e-15
6508.1 2.5206e-15
6509.8 2.5236e-15
6511.6 2.5255e-15
6513.3 2.5172e-15
6515.0 2.5080e-15
6516.8 2.5254e-15
6518.5 2.5623e-15
6520.3 2.5802e-15
6522.0 2.5742e-15
6523.8 2.5704e-15
6525.5 2.5803e-15
6527.2 2.6031e-15
6529.0 2.6317e-15
6530.7 2.6517e-15
6532.5 2.6600e-15
6534.2 2.6715e-15
6535.9 2.6905e-15
6537.7 2.7109e-15
6539.4 2.7260e-15
6541.2 2.7205e-15
6542.9 2.6952e-15
6544.7 2.6692e-15
6546.4 2.6538e-15
6548.1 2.6500e-15
6549.9 2.6548e-15
6551.6 2.6619e-15
6553.4 2.6665e-15
6555.1 2.6666e-15
6556.8 2.6649e-15
6558.6 2.6733e-15
6560.3 2.6943e-15
6562.1 2.7164e-15
6563.8 2.7339e-15
6565.6 2.7466e-15
6567.3 2.7592e-15
6569.0 2.7796e-15
6570.8 2.8110e-15
6572.5 2.8419e-15
6574.3 2.8610e-15
6576.0 2.8523e-15
6577.7 2.8163e-15
6579.5 2.7911e-15
6581.2 2.7960e-15
6583.0 2.8010e-15
6584.7 2.7902e-15
6586.4 2.7869e-15
6588.2 2.8032e-15
6589.9 2.8208e-15
6591.7 2.8273e-15
6593.4 2.8292e-15
6595.2 2.8325e-15
6596.9 2.8474e-15
6598.6 2.8761e-15
6600.4 2.8953e-15
6602.1 2.8906e-15
6603.9 2.8832e-15
6605.6 2.8903e-15
6607.3 2.9082e-15
6609.1 2.9294e-15
6610.8 2.9302e-15
6612.6 2.8988e-15
6614.3 2.8647e-15
6616.1 2.8538e-15
6617.8 2.8546e-15
6619.5 2.8555e-15
6621.3 2.8573e-15
6623.0 2.8602e-15
6624.8 2.8667e-15
6626.5 2.8775e-15
6628.2 2.8876e-15
6630.0 2.8940e-15
6631.7 2.9048e-15
6633.5 2.9277e-15
6635.2 2.9478e-15
6637.0 2.9503e-15
6638.7 2.9344e-15
6640.4 2.9017e-15
6642.2 2.8623e-15
6643.9 2.8269e-15
6645.7 2.7990e-15
6647.4 2.7826e-15
6649.1 2.7748e-15
6650.9 2.7719e-15
6652.6 2.7698e-15
6654.4 2.7632e-15
6656.1 2.7461e-15
6657.9 2.7128e-15
6659.6 2.6760e-15
6661.3 2.6474e-15
6663.1 2.6206e-15
6664.8 2.5848e-15
6666.6 2.5491e-15
6668.3 2.5247e-15
6670.0 2.5087e-15
6671.8 2.4942e-15
6673.5 2.4869e-15
6675.3 2.4932e-15
6677.0 2.5037e-15
6678.7 2.5038e-15
6680.5 2.4895e-15
6682.2 2.4597e-15
6684.0 2.4391e-15
6685.7 2.4577e-15
6687.5 2.4918e-15
6689.2 2.5009e-15
6690.9 2.4798e-15
6692.7 2.4350e-15
6694.4 2.3838e-15
6696.2 2.3478e-15
6697.9 2.3234e-15
6699.6 2.2980e-15
6701.4 2.2665e-15
6703.1 2.2298e-15
6704.9 2.1895e-15
6706.6 2.1507e-15
6708.4 2.1168e-15
6710.1 2.0906e-15
6711.8 2.0747e-15
6713.6 2.0690e-15
6715.3 2.0702e-15
6717.1 2.0748e-15
6718.8 2.0714e-15
6720.5 2.0478e-15
6722.3 2.0077e-15
6724.0 1.9649e-15
6725.8 1.9300e-15
6727.5 1.9088e-15
6729.3 1.8966e-15
6731.0 1.8824e-15
6732.7 1.8544e-15
6734.5 1.8022e-15
6736.2 1.7421e-15
6738.0 1.7105e-15
6739.7 1.7093e-15
6741.4 1.7157e-15
6743.2 1.7130e-15
6744.9 1.6881e-15
6746.7 1.6493e-15
6748.4 1.6237e-15
6750.2 1.6248e-15
6751.9 1.6561e-15
6753.6 1.6997e-15
6755.4 1.7170e-15
6757.1 1.7021e-15
6758.9 1.6816e-15
6760.6 1.6712e-15
6762.3 1.6768e-15
6764.1 1.6892e-15
6765.8 1.6828e-15
6767.6 1.6528e-15
6769.3 1.6228e-15
6771.0 1.6033e-15
6772.8 1.5911e-15
6774.5 1.5833e-15
6776.3 1.5737e-15
6778.0 1.5639e-15
6779.8 1.5615e-15
6781.5 1.5705e-15
6783.2 1.5893e-15
6785.0 1.6119e-15
6786.7 1.6256e-15
6788.5 1.6275e-15
6790.2 1.6300e-15
6791.9 1.6413e-15
6793.7 1.6631e-15
6795.4 1.6925e-15
6797.2 1.7141e-15
6798.9 1.7201e-15
6800.7 1.7183e-15
6802.4 1.7134e-15
6804.1 1.6995e-15
6805.9 1.6781e-15
6807.6 1.6622e-15
6809.4 1.6579e-15
6811.1 1.6592e-15
6812.8 1.6608e-15
6814.6 1.6594e-15
6816.3 1.6532e-15
6818.1 1.6468e-15
6819.8 1.6427e-15
6821.6 1.6369e-15
6823.3 1.6278e-15
6825.0 1.6172e-15
6826.8 1.6076e-15
6828.5 1.6081e-15
6830.3 1.6208e-15
6832.0 1.6322e-15
6833.7 1.6335e-15
6835.5 1.6357e-15
6837.2 1.6468e-15
6839.0 1.6532e-15
6840.7 1.6481e-15
6842.5 1.6482e-15
6844.2 1.6633e-15
6845.9 1.6799e-15
6847.7 1.6856e-15
6849.4 1.6847e-15
6851.2 1.6807e-15
6852.9 1.6759e-15
6854.6 1.6718e-15
6856.4 1.6687e-15
6858.1 1.6665e-15
6859.9 1.6624e-15
6861.6 1.6546e-15
6863.3 1.6474e-15
6865.1 1.6425e-15
6866.8 1.6283e-15
6868.6 1.5948e-15
6870.3 1.5499e-15
6872.1 1.5047e-15
6873.8 1.4845e-15
6875.5 1.5096e-15
6877.3 1.5584e-15
6879.0 1.6050e-15
6880.8 1.6353e-15
6882.5 1.6402e-15
6884.2 1.6274e-15
6886.0 1.6083e-15
6887.7 1.5837e-15
6889.5 1.5542e-15
6891.2 1.5295e-15
6893.0 1.5194e-15
6894.7 1.5107e-15
6896.4 1.4877e-15
6898.2 1.4642e-15
6899.9 1.4598e-15
6901.7 1.4660e-15
6903.4 1.4714e-15
6905.1 1.4805e-15
6906.9 1.5008e-15
6908.6 1.5213e-15
6910.4 1.5275e-15
6912.1 1.5205e-15
6913.9 1.5065e-15
6915.6 1.4934e-15
6917.3 1.4896e-15
6919.1 1.4962e-15
6920.8 1.5103e-15
6922.6 1.5232e-15
6924.3 1.5221e-15
6926.0 1.5134e-15
6927.8 1.5107e-15
6929.5 1.5042e-15
6931.3 1.4769e-15
6933.0 1.4434e-15
6934.7 1.4300e-15
6936.5 1.4300e-15
6938.2 1.4242e-15
6940.0 1.4101e-15
6941.7 1.3934e-15
6943.5 1.3796e-15
6945.2 1.3776e-15
6946.9 1.3865e-15
6948.7 1.3990e-15
6950.4 1.4119e-15
6952.2 1.4203e-15
6953.9 1.4298e-15
6955.6 1.4533e-15
6957.4 1.4800e-15
6959.1 1.4849e-15
6960.9 1.4739e-15
6962.6 1.4713e-15
6964.4 1.4778e-15
6966.1 1.4796e-15
6967.8 1.4757e-15
6969.6 1.4708e-15
6971.3 1.4706e-15
6973.1 1.4822e-15
6974.8 1.4987e-15
6976.5 1.5024e-15
6978.3 1.4921e-15
6980.0 1.4781e-15
6981.8 1.4660e-15
6983.5 1.4602e-15
6985.3 1.4592e-15
6987.0 1.4603e-15
6988.7 1.4592e-15
6990.5 1.4491e-15
6992.2 1.4401e-15
6994.0 1.4578e-15
6995.7 1.5004e-15
6997.4 1.5370e-15
6999.2 1.5565e-15
7000.9 1.5713e-15
7002.7 1.5879e-15
7004.4 1.6119e-15
7006.2 1.6400e-15
7007.9 1.6572e-15
7009.6 1.6611e-15
7011.4 1.6699e-15
7013.1 1.6850e-15
7014.9 1.6854e-15
7016.6 1.6663e-15
7018.3 1.6441e-15
7020.1 1.6292e-15
7021.8 1.6260e-15
7023.6 1.6352e-15
7025.3 1.6526e-15
7027.0 1.6695e-15
7028.8 1.6703e-15
7030.5 1.6522e-15
7032.3 1.6360e-15
7034.0 1.6324e-15
7035.8 1.6356e-15
7037.5 1.6415e-15
7039.2 1.6522e-15
7041.0 1.6662e-15
7042.7 1.6766e-15
7044.5 1.6826e-15
7046.2 1.6998e-15
7047.9 1.7302e-15
7049.7 1.7468e-15
7051.4 1.7366e-15
7053.2 1.7198e-15
7054.9 1.7105e-15
7056.7 1.7011e-15
7058.4 1.6873e-15
7060.1 1.6650e-15
7061.9 1.6351e-15
7063.6 1.6089e-15
7065.4 1.5946e-15
7067.1 1.5887e-15
7068.8 1.5887e-15
7070.6 1.5959e-15
7072.3 1.6098e-15
7074.1 1.6151e-15
7075.8 1.6059e-15
7077.6 1.5992e-15
7079.3 1.6105e-15
7081.0 1.6329e-15
7082.8 1.6602e-15
7084.5 1.6730e-15
7086.3 1.6600e-15
7088.0 1.6371e-15
7089.7 1.6205e-15
7091.5 1.6091e-15
7093.2 1.6029e-15
7095.0 1.6022e-15
7096.7 1.6083e-15
7098.5 1.6145e-15
7100.2 1.6141e-15
7101.9 1.6020e-15
7103.7 1.5772e-15
7105.4 1.5553e-15
7107.2 1.5517e-15
7108.9 1.5468e-15
7110.6 1.5224e-15
7112.4 1.4933e-15
7114.1 1.4743e-15
7115.9 1.4674e-15
7117.6 1.4704e-15
7119.3 1.4791e-15
7121.1 1.4886e-15
7122.8 1.4972e-15
7124.6 1.5040e-15
7126.3 1.5150e-15
7128.1 1.5363e-15
7129.8 1.5553e-15
7131.5 1.5576e-15
7133.3 1.5553e-15
7135.0 1.5648e-15
7136.8 1.5766e-15
7138.5 1.5760e-15
7140.2 1.5711e-15
7142.0 1.5726e-15
7143.7 1.5715e-15
7145.5 1.5539e-15
7147.2 1.5346e-15
7149.0 1.5324e-15
7150.7 1.5480e-15
7152.4 1.5745e-15
7154.2 1.5968e-15
7155.9 1.5981e-15
7157.7 1.5934e-15
7159.4 1.6074e-15
7161.1 1.6341e-15
7162.9 1.6574e-15
7164.6 1.6744e-15
7166.4 1.6851e-15
7168.1 1.6943e-15
7169.9 1.7092e-15
7171.6 1.7255e-15
7173.3 1.7352e-15
7175.1 1.7431e-15
7176.8 1.7612e-15
7178.6 1.7812e-15
7180.3 1.7873e-15
7182.0 1.7815e-15
7183.8 1.7757e-15
7185.5 1.7760e-15
7187.3 1.7866e-15
7189.0 1.7912e-15
7190.8 1.7614e-15
7192.5 1.7098e-15
7194.2 1.6702e-15
7196.0 1.6571e-15
7197.7 1.6736e-15
7199.5 1.7042e-15
7201.2 1.7211e-15
7202.9 1.7238e-15
7204.7 1.7348e-15
7206.4 1.7581e-15
7208.2 1.7889e-15
7209.9 1.8231e-15
7211.6 1.8561e-15
7213.4 1.8882e-15
7215.1 1.9245e-15
7216.9 1.9575e-15
7218.6 1.9697e-15
7220.4 1.9618e-15
7222.1 1.9482e-15
7223.8 1.9343e-15
7225.6 1.9160e-15
7227.3 1.8965e-15
7229.1 1.8903e-15
7230.8 1.8953e-15
7232.5 1.8956e-15
7234.3 1.8891e-15
7236.0 1.8856e-15
7237.8 1.8899e-15
7239.5 1.9026e-15
7241.3 1.9226e-15
7243.0 1.9470e-15
7244.7 1.9731e-15
7246.5 1.9943e-15
7248.2 2.0171e-15
7250.0 2.0671e-15
7251.7 2.1427e-15
7253.4 2.2027e-15
7255.2 2.2322e-15
7256.9 2.2572e-15
7258.7 2.2873e-15
7260.4 2.3104e-15
7262.2 2.3239e-15
7263.9 2.3403e-15
7265.6 2.3647e-15
7267.4 2.3992e-15
7269.1 2.4337e-15
7270.9 2.4387e-15
7272.6 2.4051e-15
7274.3 2.3630e-15
7276.1 2.3367e-15
7277.8 2.3381e-15
7279.6 2.3669e-15
7281.3 2.3948e-15
7283.1 2.4073e-15
7284.8 2.4227e-15
7286.5 2.4497e-15
7288.3 2.4713e-15
7290.0 2.4789e-15
7291.8 2.4817e-15
7293.5 2.4894e-15
7295.2 2.5151e-15
7297.0 2.5609e-15
7298.7 2.6024e-15
7300.5 2.6234e-15
7302.2 2.6455e-15
7303.9 2.6788e-15
7305.7 2.6972e-15
7307.4 2.6871e-15
7309.2 2.6871e-15
7310.9 2.7191e-15
7312.7 2.7350e-15
7314.4 2.7029e-15
7316.1 2.6712e-15
7317.9 2.6767e-15
7319.6 2.6901e-15
7321.4 2.6865e-15
7323.1 2.6681e-15
7324.8 2.6400e-15
7326.6 2.6217e-15
7328.3 2.6286e-15
7330.1 2.6421e-15
7331.8 2.6463e-15
7333.6 2.6475e-15
7335.3 2.6543e-15
7337.0 2.6819e-15
7338.8 2.7377e-15
7340.5 2.7767e-15
7342.3 2.7596e-15
7344.0 2.7111e-15
7345.7 2.6646e-15
7347.5 2.6407e-15
7349.2 2.6536e-15
7351.0 2.6816e-15
7352.7 2.6977e-15
7354.5 2.7014e-15
7356.2 2.6956e-15
7357.9 2.6725e-15
7359.7 2.6285e-15
7361.4 2.5812e-15
7363.2 2.5514e-15
7364.9 2.5328e-15
7366.6 2.5152e-15
7368.4 2.4948e-15
7370.1 2.4719e-15
7371.9 2.4404e-15
7373.6 2.3977e-15
7375.4 2.3611e-15
7377.1 2.3529e-15
7378.8 2.3685e-15
7380.6 2.3956e-15
7382.3 2.4325e-15
7384.1 2.4799e-15
7385.8 2.5172e-15
7387.5 2.5201e-15
7389.3 2.5019e-15
7391.0 2.4866e-15
7392.8 2.4880e-15
7394.5 2.5136e-15
7396.2 2.5545e-15
7398.0 2.5936e-15
7399.7 2.6195e-15
7401.5 2.6230e-15
7403.2 2.6054e-15
7405.0 2.5722e-15
7406.7 2.5416e-15
7408.4 2.5368e-15
7410.2 2.5512e-15
7411.9 2.5644e-15
7413.7 2.5722e-15
7415.4 2.5778e-15
7417.1 2.5787e-15
7418.9 2.5695e-15
7420.6 2.5589e-15
7422.4 2.5589e-15
7424.1 2.5726e-15
7425.9 2.5953e-15
7427.6 2.6246e-15
7429.3 2.6603e-15
7431.1 2.6882e-15
7432.8 2.6852e-15
7434.6 2.6756e-15
7436.3 2.7173e-15
7438.0 2.7988e-15
7439.8 2.8625e-15
7441.5 2.8950e-15
7443.3 2.9124e-15
7445.0 2.9339e-15
7446.8 2.9849e-15
7448.5 3.0504e-15
7450.2 3.0802e-15
7452.0 3.0710e-15
7453.7 3.0582e-15
7455.5 3.0548e-15
7457.2 3.0617e-15
7458.9 3.0681e-15
7460.7 3.0490e-15
7462.4 3.0236e-15
7464.2 3.0540e-15
7465.9 3.1348e-15
7467.7 3.1900e-15
7469.4 3.1968e-15
7471.1 3.1852e-15
7472.9 3.1801e-15
7474.6 3.2022e-15
7476.4 3.2504e-15
7478.1 3.2943e-15
7479.8 3.3215e-15
7481.6 3.3393e-15
7483.3 3.3592e-15
7485.1 3.3985e-15
7486.8 3.4534e-15
7488.5 3.4871e-15
7490.3 3.4923e-15
7492.0 3.5079e-15
7493.8 3.5501e-15
7495.5 3.6031e-15
7497.3 3.6635e-15
7499.0 3.7492e-15
7500.7 3.8524e-15
7502.5 3.9177e-15
7504.2 3.9286e-15
7506.0 3.9363e-15
7507.7 3.9666e-15
7509.4 4.0005e-15
7511.2 4.0238e-15
7512.9 4.0301e-15
7514.7 4.0132e-15
7516.4 3.9680e-15
7518.2 3.9002e-15
7519.9 3.8410e-15
7521.6 3.8082e-15
7523.4 3.7938e-15
7525.1 3.7906e-15
7526.9 3.8035e-15
7528.6 3.8312e-15
7530.3 3.8570e-15
7532.1 3.8714e-15
7533.8 3.8913e-15
7535.6 3.9230e-15
7537.3 3.9404e-15
7539.1 3.9287e-15
7540.8 3.9146e-15
7542.5 3.9201e-15
7544.3 3.9461e-15
7546.0 3.9898e-15
7547.8 4.0328e-15
7549.5 4.0593e-15
7551.2 4.0653e-15
7553.0 4.0505e-15
7554.7 4.0099e-15
7556.5 3.9466e-15
7558.2 3.8928e-15
7560.0 3.8682e-15
7561.7 3.8427e-15
7563.4 3.7837e-15
7565.2 3.6917e-15
7566.9 3.5730e-15
7568.7 3.4513e-15
7570.4 3.3487e-15
7572.1 3.2603e-15
7573.9 3.1821e-15
7575.6 3.1401e-15
7577.4 3.1545e-15
7579.1 3.1990e-15
7580.8 3.2438e-15
7582.6 3.2916e-15
7584.3 3.3487e-15
7586.1 3.4089e-15
7587.8 3.4675e-15
7589.6 3.5495e-15
7591.3 3.6740e-15
7593.0 3.7971e-15
7594.8 3.8675e-15
7596.5 3.8786e-15
7598.3 3.8360e-15
7600.0 3.7440e-15
7601.7 3.6126e-15
7603.5 3.4609e-15
7605.2 3.3113e-15
7607.0 3.1781e-15
7608.7 3.0722e-15
7610.5 3.0242e-15
7612.2 3.0594e-15
7613.9 3.1364e-15
7615.7 3.1967e-15
7617.4 3.2335e-15
7619.2 3.2540e-15
7620.9 3.2566e-15
7622.6 3.2395e-15
7624.4 3.1969e-15
7626.1 3.1259e-15
7627.9 3.0503e-15
7629.6 3.0024e-15
7631.4 3.0033e-15
7633.1 3.0664e-15
7634.8 3.1341e-15
7636.6 3.1236e-15
7638.3 3.0682e-15
7640.1 3.0465e-15
7641.8 3.0654e-15
7643.5 3.1004e-15
7645.3 3.1379e-15
7647.0 3.1673e-15
7648.8 3.1833e-15
7650.5 3.1834e-15
7652.3 3.1894e-15
7654.0 3.2364e-15
7655.7 3.3073e-15
7657.5 3.3623e-15
7659.2 3.3828e-15
7661.0 3.3628e-15
7662.7 3.3211e-15
7664.4 3.2940e-15
7666.2 3.2908e-15
7667.9 3.3072e-15
7669.7 3.3371e-15
7671.4 3.3748e-15
7673.1 3.4143e-15
7674.9 3.4508e-15
7676.6 3.4906e-15
7678.4 3.5458e-15
7680.1 3.6175e-15
7681.9 3.6977e-15
7683.6 3.7758e-15
7685.3 3.8377e-15
7687.1 3.8922e-15
7688.8 3.9669e-15
7690.6 4.0636e-15
7692.3 4.1608e-15
7694.0 4.2432e-15
7695.8 4.2932e-15
7697.5 4.3249e-15
7699.3 4.3839e-15
7701.0 4.4702e-15
7702.8 4.5351e-15
7704.5 4.5689e-15
7706.2 4.5987e-15
7708.0 4.6356e-15
7709.7 4.6799e-15
7711.5 4.7154e-15
7713.2 4.7046e-15
7714.9 4.6522e-15
7716.7 4.6219e-15
7718.4 4.6317e-15
7720.2 4.6364e-15
7721.9 4.6236e-15
7723.7 4.6191e-15
7725.4 4.6291e-15
7727.1 4.6326e-15
7728.9 4.6218e-15
7730.6 4.6025e-15
7732.4 4.5902e-15
7734.1 4.6200e-15
7735.8 4.7063e-15
7737.6 4.8338e-15
7739.3 4.9756e-15
7741.1 5.0841e-15
7742.8 5.1374e-15
7744.6 5.1564e-15
7746.3 5.1701e-15
7748.0 5.2163e-15
7749.8 5.3023e-15
7751.5 5.3621e-15
7753.3 5.3653e-15
7755.0 5.3799e-15
7756.7 5.4350e-15
7758.5 5.4739e-15
7760.2 5.4644e-15
7762.0 5.4289e-15
7763.7 5.3870e-15
7765.4 5.3427e-15
7767.2 5.3018e-15
7768.9 5.2736e-15
7770.7 5.2625e-15
7772.4 5.2668e-15
7774.2 5.2796e-15
7775.9 5.2901e-15
7777.6 5.2876e-15
7779.4 5.2628e-15
7781.1 5.2181e-15
7782.9 5.1910e-15
7784.6 5.2082e-15
7786.3 5.2502e-15
7788.1 5.2956e-15
7789.8 5.3397e-15
7791.6 5.3781e-15
7793.3 5.4047e-15
7795.1 5.4216e-15
7796.8 5.4663e-15
7798.5 5.5622e-15
7800.3 5.6508e-15
7802.0 5.6828e-15
7803.8 5.7012e-15
7805.5 5.7430e-15
7807.2 5.7603e-15
7809.0 5.7105e-15
7810.7 5.6537e-15
7812.5 5.6435e-15
7814.2 5.6436e-15
7816.0 5.6096e-15
7817.7 5.5371e-15
7819.4 5.4304e-15
7821.2 5.3194e-15
7822.9 5.2356e-15
7824.7 5.1789e-15
7826.4 5.1414e-15
7828.1 5.1157e-15
7829.9 5.0953e-15
7831.6 5.0966e-15
7833.4 5.1348e-15
7835.1 5.1686e-15
7836.9 5.1526e-15
7838.6 5.1440e-15
7840.3 5.2125e-15
7842.1 5.3071e-15
7843.8 5.3548e-15
7845.6 5.3645e-15
7847.3 5.3609e-15
7849.0 5.3663e-15
7850.8 5.3991e-15
7852.5 5.4584e-15
7854.3 5.5324e-15
7856.0 5.5810e-15
7857.7 5.5575e-15
7859.5 5.4856e-15
7861.2 5.4102e-15
7863.0 5.3503e-15
7864.7 5.3166e-15
7866.5 5.2748e-15
7868.2 5.1798e-15
7869.9 5.0447e-15
7871.7 4.9060e-15
7873.4 4.8113e-15
7875.2 4.8139e-15
7876.9 4.8458e-15
7878.6 4.7916e-15
7880.4 4.6687e-15
7882.1 4.5529e-15
7883.9 4.4895e-15
7885.6 4.5143e-15
7887.4 4.5708e-15
7889.1 4.5540e-15
7890.8 4.4929e-15
7892.6 4.4844e-15
7894.3 4.5294e-15
7896.1 4.5786e-15
7897.8 4.6070e-15
7899.5 4.5941e-15
7901.3 4.5665e-15
7903.0 4.5817e-15
7904.8 4.6245e-15
7906.5 4.6322e-15
7908.3 4.6032e-15
7910.0 4.5766e-15
7911.7 4.5546e-15
7913.5 4.5153e-15
7915.2 4.4727e-15
7917.0 4.4654e-15
7918.7 4.4807e-15
7920.4 4.4637e-15
7922.2 4.4161e-15
7923.9 4.3890e-15
7925.7 4.3810e-15
7927.4 4.3523e-15
7929.2 4.2883e-15
7930.9 4.1932e-15
7932.6 4.0940e-15
7934.4 4.0405e-15
7936.1 4.0395e-15
7937.9 4.0511e-15
7939.6 4.0457e-15
7941.3 4.0019e-15
7943.1 3.9267e-15
7944.8 3.8650e-15
7946.6 3.8290e-15
7948.3 3.7960e-15
7950.0 3.7552e-15
7951.8 3.7080e-15
7953.5 3.6761e-15
7955.3 3.7152e-15
7957.0 3.8154e-15
7958.8 3.8748e-15
7960.5 3.8577e-15
7962.2 3.8233e-15
7964.0 3.8105e-15
7965.7 3.8377e-15
7967.5 3.8889e-15
7969.2 3.8805e-15
7970.9 3.8039e-15
7972.7 3.7847e-15
7974.4 3.8687e-15
7976.2 3.9572e-15
7977.9 3.9910e-15
7979.7 3.9762e-15
7981.4 3.9276e-15
7983.1 3.8764e-15
7984.9 3.8448e-15
7986.6 3.8275e-15
7988.4 3.8134e-15
7990.1 3.7764e-15
7991.8 3.7086e-15
7993.6 3.6472e-15
7995.3 3.6139e-15
7997.1 3.5874e-15
7998.8 3.5517e-15
8000.6 3.5049e-15
8002.3 3.4532e-15
8004.0 3.4247e-15
8005.8 3.4368e-15
8007.5 3.4760e-15
8009.3 3.5273e-15
8011.0 3.5939e-15
8012.7 3.6665e-15
8014.5 3.6915e-15
8016.2 3.6484e-15
8018.0 3.6364e-15
8019.7 3.7244e-15
8021.5 3.8423e-15
8023.2 3.9253e-15
8024.9 3.9646e-15
8026.7 3.9628e-15
8028.4 3.9628e-15
8030.2 3.9960e-15
8031.9 4.0135e-15
8033.6 3.9764e-15
8035.4 3.9240e-15
8037.1 3.8957e-15
8038.9 3.9025e-15
8040.6 3.9455e-15
8042.3 3.9679e-15
8044.1 3.9237e-15
8045.8 3.8674e-15
8047.6 3.8539e-15
8049.3 3.8660e-15
8051.1 3.8771e-15
8052.8 3.8630e-15
8054.5 3.8066e-15
8056.3 3.7408e-15
8058.0 3.7049e-15
8059.8 3.6938e-15
8061.5 3.6961e-15
8063.2 3.7004e-15
8065.0 3.6949e-15
8066.7 3.6829e-15
8068.5 3.6700e-15
8070.2 3.6679e-15
8072.0 3.6863e-15
8073.7 3.7272e-15
8075.4 3.7864e-15
8077.2 3.8416e-15
8078.9 3.8682e-15
8080.7 3.8802e-15
8082.4 3.9007e-15
8084.1 3.9485e-15
8085.9 4.0367e-15
8087.6 4.1246e-15
8089.4 4.1590e-15
8091.1 4.1557e-15
8092.9 4.1500e-15
8094.6 4.1545e-15
8096.3 4.1717e-15
8098.1 4.1946e-15
8099.8 4.2112e-15
8101.6 4.1932e-15
8103.3 4.1107e-15
8105.0 3.9932e-15
8106.8 3.8913e-15
8108.5 3.8249e-15
8110.3 3.7992e-15
8112.0 3.7929e-15
8113.8 3.7727e-15
8115.5 3.7224e-15
8117.2 3.6310e-15
8119.0 3.5567e-15
8120.7 3.5910e-15
8122.5 3.6888e-15
8124.2 3.7404e-15
8125.9 3.7289e-15
8127.7 3.6845e-15
8129.4 3.6348e-15
8131.2 3.6095e-15
8132.9 3.6131e-15
8134.6 3.6356e-15
8136.4 3.6606e-15
8138.1 3.6704e-15
8139.9 3.6708e-15
8141.6 3.6844e-15
8143.4 3.7260e-15
8145.1 3.8081e-15
8146.8 3.9083e-15
8148.6 3.9815e-15
8150.3 4.0095e-15
8152.1 3.9900e-15
8153.8 3.9614e-15
8155.5 3.9946e-15
8157.3 4.0818e-15
8159.0 4.1504e-15
8160.8 4.1629e-15
8162.5 4.1054e-15
8164.3 4.0101e-15
8166.0 3.9574e-15
8167.7 3.9647e-15
8169.5 3.9886e-15
8171.2 4.0048e-15
8173.0 4.0060e-15
8174.7 3.9898e-15
8176.4 3.9622e-15
8178.2 3.9287e-15
8179.9 3.8922e-15
8181.7 3.8610e-15
8183.4 3.8517e-15
8185.2 3.8604e-15
8186.9 3.8566e-15
8188.6 3.8360e-15
8190.4 3.8288e-15
8192.1 3.8336e-15
8193.9 3.8059e-15
8195.6 3.7414e-15
8197.3 3.6898e-15
8199.1 3.6826e-15
8200.8 3.7261e-15
8202.6 3.8064e-15
8204.3 3.8721e-15
8206.1 3.9097e-15
8207.8 3.9763e-15
8209.5 4.0884e-15
8211.3 4.1844e-15
8213.0 4.2352e-15
8214.8 4.2620e-15
8216.5 4.2820e-15
8218.2 4.2996e-15
8220.0 4.3121e-15
8221.7 4.3004e-15
8223.5 4.2433e-15
8225.2 4.1123e-15
8226.9 3.9146e-15
8228.7 3.7343e-15
8230.4 3.6350e-15
8232.2 3.6275e-15
8233.9 3.6921e-15
8235.7 3.7335e-15
8237.4 3.6921e-15
8239.1 3.6122e-15
8240.9 3.5309e-15
8242.6 3.4367e-15
8244.4 3.3294e-15
8246.1 3.2348e-15
8247.8 3.1718e-15
8249.6 3.1388e-15
8251.3 3.1228e-15
8253.1 3.0900e-15
8254.8 3.0118e-15
8256.6 2.8929e-15
8258.3 2.7503e-15
8260.0 2.6310e-15
8261.8 2.5722e-15
8263.5 2.5518e-15
8265.3 2.5406e-15
8267.0 2.5164e-15
8268.7 2.4610e-15
8270.5 2.3919e-15
8272.2 2.3300e-15
8274.0 2.2837e-15
8275.7 2.2585e-15
8277.5 2.2481e-15
8279.2 2.2438e-15
8280.9 2.2166e-15
8282.7 2.1468e-15
8284.4 2.0738e-15
8286.2 2.0374e-15
8287.9 2.0305e-15
8289.6 2.0369e-15
8291.4 2.0327e-15
8293.1 1.9973e-15
8294.9 1.9349e-15
8296.6 1.8561e-15
8298.4 1.7788e-15
8300.1 1.7214e-15
8301.8 1.7075e-15
8303.6 1.7523e-15
8305.3 1.7830e-15
8307.1 1.7209e-15
8308.8 1.6180e-15
8310.5 1.5501e-15
8312.3 1.5017e-15
8314.0 1.4431e-15
8315.8 1.3933e-15
8317.5 1.3796e-15
8319.2 1.3780e-15
8321.0 1.3551e-15
8322.7 1.3184e-15
8324.5 1.2859e-15
8326.2 1.2430e-15
8328.0 1.1689e-15
8329.7 1.1140e-15
8331.4 1.1449e-15
8333.2 1.2269e-15
8334.9 1.2936e-15
8336.7 1.3087e-15
8338.4 1.2512e-15
8340.1 1.1621e-15
8341.9 1.1072e-15
8343.6 1.1064e-15
8345.4 1.1584e-15
8347.1 1.2386e-15
8348.9 1.3114e-15
8350.6 1.3692e-15
8352.3 1.4186e-15
8354.1 1.4580e-15
8355.8 1.4804e-15
8357.6 1.5021e-15
8359.3 1.5501e-15
8361.0 1.6064e-15
8362.8 1.6305e-15
8364.5 1.6357e-15
8366.3 1.6625e-15
8368.0 1.7166e-15
8369.8 1.7834e-15
8371.5 1.8479e-15
8373.2 1.8915e-15
8375.0 1.9136e-15
8376.7 1.9270e-15
8378.5 1.9325e-15
8380.2 1.9214e-15
8381.9 1.9062e-15
8383.7 1.9109e-15
8385.4 1.9264e-15
8387.2 1.9175e-15
8388.9 1.8742e-15
8390.7 1.8034e-15
8392.4 1.7356e-15
8394.1 1.7203e-15
8395.9 1.7680e-15
8397.6 1.8545e-15
8399.4 1.9585e-15
8401.1 2.0646e-15
8402.8 2.1506e-15
8404.6 2.1903e-15
8406.3 2.1967e-15
8408.1 2.2266e-15
8409.8 2.2776e-15
8411.5 2.2857e-15
8413.3 2.2506e-15
8415.0 2.2465e-15
8416.8 2.2931e-15
8418.5 2.3482e-15
8420.3 2.3990e-15
8422.0 2.4696e-15
8423.7 2.5554e-15
8425.5 2.6106e-15
8427.2 2.6428e-15
8429.0 2.7323e-15
8430.7 2.8828e-15
8432.4 2.9902e-15
8434.2 3.0053e-15
8435.9 2.9680e-15
8437.7 2.9068e-15
8439.4 2.8400e-15
8441.2 2.7893e-15
8442.9 2.7766e-15
8444.6 2.8080e-15
8446.4 2.8642e-15
8448.1 2.9207e-15
8449.9 2.9485e-15
8451.6 2.9361e-15
8453.3 2.9111e-15
8455.1 2.8896e-15
8456.8 2.8467e-15
8458.6 2.7900e-15
8460.3 2.8056e-15
8462.1 2.9233e-15
8463.8 3.0489e-15
8465.5 3.1167e-15
8467.3 3.1367e-15
8469.0 3.1306e-15
8470.8 3.1431e-15
8472.5 3.2042e-15
8474.2 3.2877e-15
8476.0 3.3717e-15
8477.7 3.4621e-15
8479.5 3.5627e-15
8481.2 3.6915e-15
8483.0 3.8417e-15
8484.7 3.9226e-15
8486.4 3.8785e-15
8488.2 3.7652e-15
8489.9 3.6547e-15
8491.7 3.6293e-15
8493.4 3.7414e-15
8495.1 3.9344e-15
8496.9 4.1348e-15
8498.6 4.2733e-15
8500.4 4.2919e-15
8502.1 4.1877e-15
8503.8 3.9892e-15
8505.6 3.8061e-15
8507.3 3.7402e-15
8509.1 3.8173e-15
8510.8 4.0258e-15
8512.6 4.2413e-15
8514.3 4.3483e-15
8516.0 4.3648e-15
8517.8 4.3342e-15
8519.5 4.3240e-15
8521.3 4.3935e-15
8523.0 4.5442e-15
8524.7 4.7542e-15
8526.5 4.9486e-15
8528.2 5.0584e-15
8530.0 5.1273e-15
8531.7 5.2196e-15
8533.5 5.3391e-15
8535.2 5.4839e-15
8536.9 5.6819e-15
8538.7 5.9535e-15
8540.4 6.2743e-15
8542.2 6.6048e-15
8543.9 6.8832e-15
8545.6 7.0514e-15
8547.4 7.2316e-15
8549.1 7.5681e-15
8550.9 7.9413e-15
8552.6 8.1857e-15
8554.4 8.3124e-15
8556.1 8.3812e-15
8557.8 8.5032e-15
8559.6 8.7979e-15
8561.3 9.1857e-15
8563.1 9.5310e-15
8564.8 9.7952e-15
8566.5 9.9747e-15
8568.3 1.0099e-14
8570.0 1.0211e-14
8571.8 1.0298e-14
8573.5 1.0315e-14
8575.3 1.0278e-14
8577.0 1.0209e-14
8578.7 1.0173e-14
8580.5 1.0240e-14
8582.2 1.0395e-14
8584.0 1.0588e-14
8585.7 1.0792e-14
8587.4 1.0997e-14
8589.2 1.1180e-14
8590.9 1.1328e-14
8592.7 1.1468e-14
8594.4 1.1645e-14
8596.1 1.1873e-14
8597.9 1.2156e-14
8599.6 1.2458e-14
8601.4 1.2742e-14
8603.1 1.2938e-14
8604.9 1.2934e-14
8606.6 1.2830e-14
8608.3 1.2804e-14
8610.1 1.2914e-14
8611.8 1.3129e-14
8613.6 1.3351e-14
8615.3 1.3447e-14
8617.0 1.3376e-14
8618.8 1.3154e-14
8620.5 1.2882e-14
8622.3 1.2708e-14
8624.0 1.2687e-14
8625.8 1.2803e-14
8627.5 1.2944e-14
8629.2 1.2893e-14
8631.0 1.2680e-14
8632.7 1.2543e-14
8634.5 1.2554e-14
8636.2 1.2640e-14
8637.9 1.2680e-14
8639.7 1.2472e-14
8641.4 1.2099e-14
8643.2 1.1961e-14
8644.9 1.2158e-14
8646.7 1.2507e-14
8648.4 1.2826e-14
8650.1 1.2953e-14
8651.9 1.2859e-14
8653.6 1.2702e-14
8655.4 1.2602e-14
8657.1 1.2651e-14
8658.8 1.2845e-14
8660.6 1.3058e-14
8662.3 1.3222e-14
8664.1 1.3319e-14
8665.8 1.3380e-14
8667.6 1.3477e-14
8669.3 1.3641e-14
8671.0 1.3801e-14
8672.8 1.3925e-14
8674.5 1.4073e-14
8676.3 1.4246e-14
8678.0 1.4385e-14
8679.7 1.4441e-14
8681.5 1.4329e-14
8683.2 1.4066e-14
8685.0 1.3851e-14
8686.7 1.3776e-14
8688.4 1.3696e-14
8690.2 1.3540e-14
8691.9 1.3394e-14
8693.7 1.3309e-14
8695.4 1.3271e-14
8697.2 1.3264e-14
8698.9 1.3243e-14
8700.6 1.3188e-14
8702.4 1.3114e-14
8704.1 1.3046e-14
8705.9 1.2984e-14
8707.6 1.2932e-14
8709.3 1.2859e-14
8711.1 1.2762e-14
8712.8 1.2756e-14
8714.6 1.2891e-14
8716.3 1.3057e-14
8718.1 1.3162e-14
8719.8 1.3188e-14
8721.5 1.3158e-14
8723.3 1.3233e-14
8725.0 1.3524e-14
8726.8 1.3911e-14
8728.5 1.4280e-14
8730.2 1.4604e-14
8732.0 1.4860e-14
8733.7 1.4983e-14
8735.5 1.4955e-14
8737.2 1.4941e-14
8739.0 1.5083e-14
8740.7 1.5294e-14
8742.4 1.5475e-14
8744.2 1.5600e-14
8745.9 1.5669e-14
8747.7 1.5823e-14
8749.4 1.6163e-14
8751.1 1.6384e-14
8752.9 1.6234e-14
8754.6 1.6054e-14
8756.4 1.6184e-14
8758.1 1.6443e-14
8759.9 1.6599e-14
8761.6 1.6543e-14
8763.3 1.6225e-14
8765.1 1.5879e-14
8766.8 1.5775e-14
8768.6 1.5837e-14
8770.3 1.5954e-14
8772.0 1.6116e-14
8773.8 1.6332e-14
8775.5 1.6498e-14
8777.3 1.6529e-14
8779.0 1.6505e-14
8780.7 1.6536e-14
8782.5 1.6658e-14
8784.2 1.6882e-14
8786.0 1.7092e-14
8787.7 1.7158e-14
8789.5 1.7109e-14
8791.2 1.7014e-14
8792.9 1.6983e-14
8794.7 1.7136e-14
8796.4 1.7417e-14
8798.2 1.7730e-14
8799.9 1.8025e-14
8801.6 1.8256e-14
8803.4 1.8492e-14
8805.1 1.8828e-14
8806.9 1.9190e-14
8808.6 1.9453e-14
8810.4 1.9730e-14
8812.1 2.0218e-14
8813.8 2.0747e-14
8815.6 2.1013e-14
8817.3 2.0990e-14
8819.1 2.0782e-14
8820.8 2.0590e-14
8822.5 2.0668e-14
8824.3 2.0881e-14
8826.0 2.0919e-14
8827.8 2.0822e-14
8829.5 2.0789e-14
8831.3 2.0871e-14
8833.0 2.1056e-14
8834.7 2.1153e-14
8836.5 2.0888e-14
8838.2 2.0363e-14
8840.0 1.9899e-14
8841.7 1.9663e-14
8843.4 1.9725e-14
8845.2 1.9931e-14
8846.9 1.9975e-14
8848.7 1.9871e-14
8850.4 1.9875e-14
8852.2 1.9963e-14
8853.9 1.9937e-14
8855.6 1.9815e-14
8857.4 1.9773e-14
8859.1 1.9877e-14
8860.9 2.0119e-14
8862.6 2.0402e-14
8864.3 2.0532e-14
8866.1 2.0538e-14
8867.8 2.0657e-14
8869.6 2.0885e-14
8871.3 2.0994e-14
8873.0 2.0965e-14
8874.8 2.0960e-14
8876.5 2.1037e-14
8878.3 2.1149e-14
8880.0 2.1304e-14
8881.8 2.1585e-14
8883.5 2.1951e-14
8885.2 2.2248e-14
8887.0 2.2355e-14
8888.7 2.2220e-14
8890.5 2.1932e-14
8892.2 2.1797e-14
8893.9 2.1911e-14
8895.7 2.2104e-14
8897.4 2.2260e-14
8899.2 2.2275e-14
8900.9 2.2142e-14
8902.7 2.1961e-14
8904.4 2.1793e-14
8906.1 2.1588e-14
8907.9 2.1362e-14
8909.6 2.1241e-14
8911.4 2.1222e-14
8913.1 2.1099e-14
8914.8 2.0796e-14
8916.6 2.0509e-14
8918.3 2.0303e-14
8920.1 2.0019e-14
8921.8 1.9655e-14
8923.6 1.9466e-14
8925.3 1.9564e-14
8927.0 1.9762e-14
8928.8 1.9921e-14
8930.5 2.0007e-14
8932.3 2.0032e-14
8934.0 2.0141e-14
8935.7 2.0381e-14
8937.5 2.0543e-14
8939.2 2.0496e-14
8941.0 2.0286e-14
8942.7 2.0013e-14
8944.5 1.9968e-14
8946.2 2.0295e-14
8947.9 2.0699e-14
8949.7 2.0955e-14
8951.4 2.1145e-14
8953.2 2.1351e-14
8954.9 2.1624e-14
8956.6 2.1986e-14
8958.4 2.2240e-14
8960.1 2.2263e-14
8961.9 2.2247e-14
8963.6 2.2343e-14
8965.3 2.2426e-14
8967.1 2.2416e-14
8968.8 2.2404e-14
8970.6 2.2461e-14
8972.3 2.2495e-14
8974.1 2.2442e-14
8975.8 2.2403e-14
8977.5 2.2491e-14
8979.3 2.2704e-14
8981.0 2.3020e-14
8982.8 2.3243e-14
8984.5 2.3192e-14
8986.2 2.2828e-14
8988.0 2.2180e-14
8989.7 2.1398e-14
8991.5 2.0663e-14
8993.2 2.0165e-14
8995.0 2.0037e-14
8996.7 2.0259e-14
8998.4 2.0707e-14
9000.2 2.1015e-14
9001.9 2.0837e-14
9003.7 2.0316e-14
9005.4 1.9713e-14
9007.1 1.9312e-14
9008.9 1.9357e-14
9010.6 1.9653e-14
9012.4 1.9899e-14
9014.1 2.0047e-14
9015.9 2.0094e-14
9017.6 2.0116e-14
9019.3 2.0198e-14
9021.1 2.0288e-14
9022.8 2.0304e-14
9024.6 2.0287e-14
9026.3 2.0306e-14
9028.0 2.0391e-14
9029.8 2.0562e-14
9031.5 2.0688e-14
9033.3 2.0607e-14
9035.0 2.0519e-14
9036.8 2.0706e-14
9038.5 2.1126e-14
9040.2 2.1628e-14
9042.0 2.1944e-14
9043.7 2.1779e-14
9045.5 2.1407e-14
9047.2 2.1326e-14
9048.9 2.1458e-14
9050.7 2.1521e-14
9052.4 2.1505e-14
9054.2 2.1491e-14
9055.9 2.1502e-14
9057.6 2.1525e-14
9059.4 2.1632e-14
9061.1 2.1923e-14
9062.9 2.2187e-14
9064.6 2.2093e-14
9066.4 2.1666e-14
9068.1 2.1112e-14
9069.8 2.0665e-14
9071.6 2.0588e-14
9073.3 2.0677e-14
9075.1 2.0463e-14
9076.8 1.9935e-14
9078.5 1.9309e-14
9080.3 1.8828e-14
9082.0 1.8759e-14
9083.8 1.8925e-14
9085.5 1.8803e-14
9087.3 1.8614e-14
9089.0 1.9134e-14
9090.7 2.0121e-14
9092.5 2.0602e-14
9094.2 2.0429e-14
9096.0 2.0030e-14
9097.7 1.9700e-14
9099.4 1.9664e-14
9101.2 1.9791e-14
9102.9 1.9595e-14
9104.7 1.9172e-14
9106.4 1.9191e-14
9108.2 1.9631e-14
9109.9 1.9881e-14
9111.6 1.9757e-14
9113.4 1.9510e-14
9115.1 1.9348e-14
9116.9 1.9455e-14
9118.6 1.9796e-14
9120.3 2.0031e-14
9122.1 2.0140e-14
9123.8 2.0467e-14
9125.6 2.1047e-14
9127.3 2.1542e-14
9129.1 2.1744e-14
9130.8 2.1646e-14
9132.5 2.1323e-14
9134.3 2.0996e-14
9136.0 2.0889e-14
9137.8 2.1204e-14
9139.5 2.1911e-14
9141.2 2.2649e-14
9143.0 2.3150e-14
9144.7 2.3359e-14
9146.5 2.3264e-14
9148.2 2.2948e-14
9149.9 2.2546e-14
9151.7 2.2297e-14
9153.4 2.2301e-14
9155.2 2.2389e-14
9156.9 2.2435e-14
9158.7 2.2381e-14
9160.4 2.2259e-14
9162.1 2.2289e-14
9163.9 2.2547e-14
9165.6 2.2763e-14
9167.4 2.2756e-14
9169.1 2.2546e-14
9170.8 2.2192e-14
9172.6 2.1792e-14
9174.3 2.1504e-14
9176.1 2.1591e-14
9177.8 2.2125e-14
9179.6 2.2688e-14
9181.3 2.2945e-14
9183.0 2.2902e-14
9184.8 2.2602e-14
9186.5 2.2126e-14
9188.3 2.1630e-14
9190.0 2.1459e-14
9191.7 2.1799e-14
9193.5 2.2355e-14
9195.2 2.2832e-14
9197.0 2.3093e-14
9198.7 2.3100e-14
9200.5 2.3095e-14
9202.2 2.3311e-14
9203.9 2.3750e-14
9205.7 2.4346e-14
9207.4 2.4754e-14
9209.2 2.4721e-14
9210.9 2.4505e-14
9212.6 2.4370e-14
9214.4 2.4504e-14
9216.1 2.4992e-14
9217.9 2.5278e-14
9219.6 2.4928e-14
9221.3 2.4588e-14
9223.1 2.4870e-14
9224.8 2.5440e-14
9226.6 2.5878e-14
9228.3 2.6057e-14
9230.1 2.5886e-14
9231.8 2.5415e-14
9233.5 2.4727e-14
9235.3 2.3861e-14
9237.0 2.2903e-14
9238.8 2.2499e-14
9240.5 2.3205e-14
9242.2 2.4341e-14
9244.0 2.5039e-14
9245.7 2.5120e-14
9247.5 2.4587e-14
9249.2 2.3834e-14
9251.0 2.3342e-14
9252.7 2.3218e-14
9254.4 2.3442e-14
9256.2 2.3675e-14
9257.9 2.3543e-14
9259.7 2.3207e-14
9261.4 2.2992e-14
9263.1 2.3032e-14
9264.9 2.3394e-14
9266.6 2.3852e-14
9268.4 2.4068e-14
9270.1 2.4164e-14
9271.9 2.4366e-14
9273.6 2.4570e-14
9275.3 2.4570e-14
9277.1 2.4478e-14
9278.8 2.4497e-14
9280.6 2.4624e-14
9282.3 2.4781e-14
9284.0 2.4897e-14
9285.8 2.4912e-14
9287.5 2.5050e-14
9289.3 2.5646e-14
9291.0 2.6489e-14
9292.8 2.7143e-14
9294.5 2.7393e-14
9296.2 2.7139e-14
9298.0 2.6638e-14
9299.7 2.6370e-14
9301.5 2.6408e-14
9303.2 2.6615e-14
9304.9 2.7005e-14
9306.7 2.7598e-14
9308.4 2.8387e-14
9310.2 2.9427e-14
9311.9 3.0038e-14
9313.6 2.9120e-14
9315.4 2.7352e-14
9317.1 2.6510e-14
9318.9 2.6945e-14
9320.6 2.8169e-14
9322.4 2.9225e-14
9324.1 2.8702e-14
9325.8 2.7355e-14
9327.6 2.7553e-14
9329.3 2.9437e-14
9331.1 3.1501e-14
9332.8 3.2569e-14
9334.5 3.1572e-14
9336.3 2.9305e-14
9338.0 2.8280e-14
9339.8 2.9066e-14
9341.5 3.0506e-14
9343.3 3.1837e-14
9345.0 3.2562e-14
9346.7 3.2732e-14
9348.5 3.3118e-14
9350.2 3.3681e-14
9352.0 3.3513e-14
9353.7 3.2457e-14
9355.4 3.1085e-14
9357.2 3.0066e-14
9358.9 3.0229e-14
9360.7 3.1594e-14
9362.4 3.3201e-14
9364.2 3.4246e-14
9365.9 3.4135e-14
9367.6 3.2916e-14
9369.4 3.1538e-14
9371.1 3.0810e-14
9372.9 3.1372e-14
9374.6 3.3035e-14
9376.3 3.4352e-14
9378.1 3.4472e-14
9379.8 3.3549e-14
9381.6 3.1971e-14
9383.3 3.0535e-14
9385.1 2.9750e-14
9386.8 2.9502e-14
9388.5 2.9638e-14
9390.3 2.9937e-14
9392.0 3.0293e-14
9393.8 3.0881e-14
9395.5 3.1658e-14
9397.2 3.2070e-14
9399.0 3.1870e-14
9400.7 3.1505e-14
9402.5 3.1256e-14
9404.2 3.0991e-14
9405.9 3.0575e-14
9407.7 2.9762e-14
9409.4 2.8547e-14
9411.2 2.7466e-14
9412.9 2.6945e-14
9414.7 2.6987e-14
9416.4 2.7545e-14
9418.1 2.8552e-14
9419.9 2.9813e-14
9421.6 3.0945e-14
9423.4 3.1626e-14
9425.1 3.1639e-14
9426.8 3.1091e-14
9428.6 3.1200e-14
9430.3 3.2613e-14
9432.1 3.3595e-14
9433.8 3.2809e-14
9435.6 3.0900e-14
9437.3 2.8685e-14
9439.0 2.7044e-14
9440.8 2.6622e-14
9442.5 2.6674e-14
9444.3 2.6528e-14
9446.0 2.6901e-14
9447.7 2.8304e-14
9449.5 2.9874e-14
9451.2 3.0803e-14
9453.0 3.1100e-14
9454.7 3.0943e-14
9456.5 3.0758e-14
9458.2 3.0926e-14
9459.9 3.1027e-14
9461.7 3.0657e-14
9463.4 3.0175e-14
9465.2 3.0006e-14
9466.9 3.0397e-14
9468.6 3.1457e-14
9470.4 3.2788e-14
9472.1 3.3894e-14
9473.9 3.4381e-14
9475.6 3.3989e-14
9477.4 3.3047e-14
9479.1 3.2062e-14
9480.8 3.1087e-14
9482.6 3.0160e-14
9484.3 2.9681e-14
9486.1 3.0028e-14
9487.8 3.1447e-14
9489.5 3.4001e-14
9491.3 3.5879e-14
9493.0 3.5108e-14
9494.8 3.2697e-14
9496.5 3.0425e-14
9498.2 2.9443e-14
9500.0 3.0634e-14
9501.7 3.2588e-14
9503.5 3.3250e-14
9505.2 3.3378e-14
9507.0 3.4495e-14
9508.7 3.6244e-14
9510.4 3.7712e-14
9512.2 3.8403e-14
9513.9 3.7980e-14
9515.7 3.6901e-14
9517.4 3.5966e-14
9519.1 3.5360e-14
9520.9 3.5084e-14
9522.6 3.4789e-14
9524.4 3.3978e-14
9526.1 3.3306e-14
9527.9 3.3875e-14
9529.6 3.5560e-14
9531.3 3.7631e-14
9533.1 3.9477e-14
9534.8 4.0523e-14
9536.6 4.0814e-14
9538.3 4.0800e-14
9540.0 4.0650e-14
9541.8 4.0394e-14
9543.5 4.0283e-14
9545.3 4.0621e-14
9547.0 4.1419e-14
9548.8 4.2500e-14
9550.5 4.3495e-14
9552.2 4.3962e-14
9554.0 4.3649e-14
9555.7 4.2428e-14
9557.5 4.1076e-14
9559.2 4.1075e-14
9560.9 4.2457e-14
9562.7 4.4310e-14
9564.4 4.5592e-14
9566.2 4.5052e-14
9567.9 4.3314e-14
9569.7 4.2583e-14
9571.4 4.3286e-14
9573.1 4.4337e-14
9574.9 4.5265e-14
9576.6 4.6043e-14
9578.4 4.6823e-14
9580.1 4.8046e-14
9581.8 4.9544e-14
9583.6 5.0568e-14
9585.3 5.0571e-14
9587.1 4.9140e-14
9588.8 4.6735e-14
9590.5 4.4722e-14
9592.3 4.3905e-14
9594.0 4.4476e-14
9595.8 4.5871e-14
9597.5 4.6589e-14
9599.3 4.6153e-14
9601.0 4.5495e-14
9602.7 4.5308e-14
9604.5 4.6110e-14
9606.2 4.7617e-14
9608.0 4.8211e-14
9609.7 4.7510e-14
9611.4 4.7069e-14
9613.2 4.7548e-14
9614.9 4.8270e-14
9616.7 4.8658e-14
9618.4 4.8134e-14
9620.2 4.6777e-14
9621.9 4.5869e-14
9623.6 4.6176e-14
9625.4 4.7530e-14
9627.1 4.9409e-14
9628.9 5.0520e-14
9630.6 5.0191e-14
9632.3 4.9032e-14
9634.1 4.7743e-14
9635.8 4.7165e-14
9637.6 4.7672e-14
9639.3 4.8588e-14
9641.1 4.9286e-14
9642.8 4.9493e-14
9644.5 4.9122e-14
9646.3 4.8613e-14
9648.0 4.8377e-14
9649.8 4.8531e-14
9651.5 4.9119e-14
9653.2 5.0065e-14
9655.0 5.1112e-14
9656.7 5.1677e-14
9658.5 5.1373e-14
9660.2 5.0684e-14
9662.0 4.9936e-14
9663.7 4.8652e-14
9665.4 4.6634e-14
9667.2 4.4522e-14
9668.9 4.3048e-14
9670.7 4.3139e-14
9672.4 4.5170e-14
9674.1 4.7407e-14
9675.9 4.8333e-14
9677.6 4.8394e-14
9679.4 4.8063e-14
9681.1 4.6769e-14
9682.8 4.4281e-14
9684.6 4.2246e-14
9686.3 4.2043e-14
9688.1 4.2915e-14
9689.8 4.3892e-14
9691.6 4.4360e-14
9693.3 4.3894e-14
9695.0 4.3075e-14
9696.8 4.2548e-14
9698.5 4.2241e-14
9700.3 4.1981e-14
9702.0 4.1346e-14
9703.7 4.0004e-14
9705.5 3.8701e-14
9707.2 3.8273e-14
9709.0 3.9015e-14
9710.7 4.0960e-14
9712.5 4.3070e-14
9714.2 4.4185e-14
9715.9 4.4259e-14
9717.7 4.3542e-14
9719.4 4.2684e-14
9721.2 4.2354e-14
9722.9 4.2253e-14
9724.6 4.1882e-14
9726.4 4.1417e-14
9728.1 4.1188e-14
9729.9 4.1601e-14
9731.6 4.3027e-14
9733.4 4.4601e-14
9735.1 4.5222e-14
9736.8 4.4841e-14
9738.6 4.3785e-14
9740.3 4.2553e-14
9742.1 4.1682e-14
9743.8 4.1566e-14
9745.5 4.2433e-14
9747.3 4.3847e-14
9749.0 4.5110e-14
9750.8 4.5651e-14
9752.5 4.5018e-14
9754.3 4.3152e-14
9756.0 4.0303e-14
9757.7 3.7042e-14
9759.5 3.4076e-14
9761.2 3.2545e-14
9763.0 3.3563e-14
9764.7 3.6755e-14
9766.4 4.0969e-14
9768.2 4.4699e-14
9769.9 4.6287e-14
9771.7 4.6041e-14
9773.4 4.5457e-14
9775.1 4.4334e-14
9776.9 4.1570e-14
9778.6 3.8537e-14
9780.4 3.7933e-14
9782.1 3.9386e-14
9783.9 4.0743e-14
9785.6 4.1297e-14
9787.3 4.1195e-14
9789.1 4.0693e-14
9790.8 4.0363e-14
9792.6 3.9948e-14
9794.3 3.8603e-14
9796.0 3.7260e-14
9797.8 3.8235e-14
9799.5 4.1187e-14
9801.3 4.3773e-14
9803.0 4.5178e-14
9804.8 4.5789e-14
9806.5 4.5881e-14
9808.2 4.5754e-14
9810.0 4.5555e-14
9811.7 4.5124e-14
9813.5 4.4799e-14
9815.2 4.5417e-14
9816.9 4.6849e-14
9818.7 4.7988e-14
9820.4 4.8464e-14
9822.2 4.8579e-14
9823.9 4.8653e-14
9825.7 4.9110e-14
9827.4 4.9917e-14
9829.1 5.0420e-14
9830.9 5.0602e-14
9832.6 5.1243e-14
9834.4 5.2413e-14
9836.1 5.3241e-14
9837.8 5.3566e-14
9839.6 5.4174e-14
9841.3 5.5379e-14
9843.1 5.6969e-14
9844.8 5.8388e-14
9846.6 5.8381e-14
9848.3 5.6970e-14
9850.0 5.6250e-14
9851.8 5.7194e-14
9853.5 5.8964e-14
9855.3 6.0766e-14
9857.0 6.1925e-14
9858.7 6.2129e-14
9860.5 6.1757e-14
9862.2 6.1346e-14
9864.0 6.1493e-14
9865.7 6.2400e-14
9867.4 6.3390e-14
9869.2 6.3726e-14
9870.9 6.2436e-14
9872.7 5.9526e-14
9874.4 5.7260e-14
9876.2 5.7043e-14
9877.9 5.7832e-14
9879.6 5.9016e-14
9881.4 6.1394e-14
9883.1 6.5099e-14
9884.9 6.8872e-14
9886.6 7.1632e-14
9888.3 7.2822e-14
9890.1 7.2277e-14
9891.8 7.0498e-14
9893.6 6.8368e-14
9895.3 6.7795e-14
9897.1 6.9912e-14
9898.8 7.3220e-14
9900.5 7.6203e-14
9902.3 7.8221e-14
9904.0 7.9024e-14
9905.8 7.9962e-14
9907.5 8.1957e-14
9909.2 8.3438e-14
9911.0 8.3180e-14
9912.7 8.2031e-14
9914.5 8.0969e-14
9916.2 8.0781e-14
9918.0 8.1979e-14
9919.7 8.3811e-14
9921.4 8.5443e-14
9923.2 8.6541e-14
9924.9 8.7029e-14
9926.7 8.7599e-14
9928.4 8.8885e-14
9930.1 9.0539e-14
9931.9 9.2181e-14
9933.6 9.3919e-14
9935.4 9.5963e-14
9937.1 9.8390e-14
9938.9 1.0129e-13
9940.6 1.0566e-13
9942.3 1.1211e-13
9944.1 1.1748e-13
9945.8 1.1859e-13
9947.6 1.1516e-13
9949.3 1.0809e-13
9951.0 1.0294e-13
9952.8 1.0512e-13
9954.5 1.1104e-13
9956.3 1.1510e-13
9958.0 1.1709e-13
9959.7 1.1778e-13
9961.5 1.1750e-13
9963.2 1.1664e-13
9965.0 1.1574e-13
9966.7 1.1516e-13
9968.5 1.1545e-13
9970.2 1.1712e-13
9971.9 1.1814e-13
9973.7 1.1594e-13
9975.4 1.1339e-13
9977.2 1.1482e-13
9978.9 1.1750e-13
9980.6 1.1672e-13
9982.4 1.1441e-13
9984.1 1.1451e-13
9985.9 1.1696e-13
9987.6 1.2044e-13
9989.4 1.2285e-13
9991.1 1.2189e-13
9992.8 1.1923e-13
9994.6 1.1847e-13
9996.3 1.1913e-13
9998.1 1.1899e-13
9999.8 1.1976e-13
