3249.2 1.1658e-14
3259.6 1.1961e-14
3270.0 -1.6101e-15
3280.5 1.4968e-14
3290.9 4.1812e-15
3301.3 1.5555e-14
3311.8 1.2686e-14
3322.2 -1.0065e-15
3332.6 1.3599e-14
3343.1 2.2856e-15
3353.5 7.6086e-15
3363.9 1.3015e-14
3374.4 1.2561e-14
3384.8 7.2050e-15
3395.2 1.5116e-14
3405.7 1.2161e-14
3416.1 7.8224e-15
3426.5 1.0709e-14
3437.0 1.7547e-14
3447.4 2.8350e-15
3457.8 1.1523e-14
3468.3 9.0075e-15
3478.7 1.0390e-14
3489.1 1.5900e-14
3499.6 1.5090e-14
3510.0 1.4322e-14
3520.5 1.8444e-14
3530.9 1.5849e-14
3541.3 1.6294e-14
3551.8 1.3927e-14
3562.2 1.4095e-14
3572.6 8.0920e-15
3583.1 1.8559e-14
3593.5 1.5479e-14
3603.9 2.3432e-14
3614.4 1.3678e-14
3624.8 2.1725e-14
3635.2 1.6387e-14
3645.7 1.5574e-14
3656.1 1.4394e-14
3666.5 1.5403e-14
3677.0 1.6506e-14
3687.4 1.6193e-14
3697.8 1.5607e-14
3708.3 9.4950e-15
3718.7 1.2651e-14
3729.1 1.0147e-14
3739.6 7.9389e-15
3750.0 5.7139e-15
3760.4 7.2559e-15
3770.9 5.5360e-15
3781.3 3.5187e-15
3791.7 1.1934e-14
3802.2 7.6649e-15
3812.6 7.8238e-15
3823.0 6.7077e-15
3833.5 1.1336e-14
3843.9 1.2836e-14
3854.3 6.8070e-15
3864.8 1.5166e-14
3875.2 8.9376e-15
3885.6 8.7439e-15
3896.1 1.2297e-14
3906.5 1.4229e-14
3916.9 1.6858e-14
3927.4 1.4278e-14
3937.8 1.8744e-14
3948.2 1.8222e-14
3958.7 2.1421e-14
3969.1 2.0101e-14
3979.6 1.8349e-14
3990.0 1.7299e-14
4000.4 1.8242e-14
4010.9 2.2561e-14
4021.3 1.8013e-14
4031.7 1.8704e-14
4042.2 1.8299e-14
4052.6 1.8287e-14
4063.0 1.7574e-14
4073.5 1.5807e-14
4083.9 1.5705e-14
4094.3 1.7861e-14
4104.8 2.2044e-14
4115.2 1.8421e-14
4125.6 2.1764e-14
4136.1 2.2907e-14
4146.5 1.9161e-14
4156.9 2.0081e-14
4167.4 1.6698e-14
4177.8 1.7002e-14
4188.2 1.6691e-14
4198.7 1.7386e-14
4209.1 1.7127e-14
4219.5 1.6648e-14
4230.0 1.8065e-14
4240.4 1.3676e-14
4250.8 1.2318e-14
4261.3 1.4532e-14
4271.7 1.3111e-14
4282.1 1.3186e-14
4292.6 1.2888e-14
4303.0 1.1867e-14
4313.4 1.2643e-14
4323.9 1.1217e-14
4334.3 1.1961e-14
4344.7 9.5966e-15
4355.2 9.6631e-15
4365.6 1.3578e-14
4376.0 1.1528e-14
4386.5 1.1788e-14
4396.9 1.4683e-14
4407.4 1.6914e-14
4417.8 2.2321e-14
4428.2 1.8100e-14
4438.7 1.7066e-14
4449.1 1.9164e-14
4459.5 1.5002e-14
4470.0 1.1185e-14
4480.4 1.0355e-14
4490.8 1.1795e-14
4501.3 1.2085e-14
4511.7 1.1553e-14
4522.1 1.4772e-14
4532.6 1.2705e-14
4543.0 1.2085e-14
4553.4 1.1800e-14
4563.9 1.4476e-14
4574.3 1.4240e-14
4584.7 1.1506e-14
4595.2 1.2735e-14
4605.6 1.5446e-14
4616.0 1.5342e-14
4626.5 1.2414e-14
4636.9 1.3343e-14
4647.3 1.3410e-14
4657.8 1.5009e-14
4668.2 1.3388e-14
4678.6 1.2282e-14
4689.1 1.1843e-14
4699.5 1.1298e-14
4709.9 1.1816e-14
4720.4 9.7705e-15
4730.8 8.2348e-15
4741.2 1.0125e-14
4751.7 1.1451e-14
4762.1 1.2412e-14
4772.5 1.0831e-14
4783.0 8.0849e-15
4793.4 1.0080e-14
4803.8 1.0068e-14
4814.3 8.6918e-15
4824.7 8.8952e-15
4835.1 8.9072e-15
4845.6 1.0274e-14
4856.0 9.0873e-15
4866.5 1.0408e-14
4876.9 1.0893e-14
4887.3 7.3673e-15
4897.8 7.0980e-15
4908.2 6.5942e-15
4918.6 7.5380e-15
4929.1 7.5759e-15
4939.5 7.8236e-15
4949.9 7.6178e-15
4960.4 7.5457e-15
4970.8 7.5320e-15
4981.2 7.4206e-15
4991.7 7.7367e-15
5002.1 8.0826e-15
5012.5 8.3254e-15
5023.0 7.7077e-15
5033.4 7.0276e-15
5043.8 6.6129e-15
5054.3 7.6765e-15
5064.7 6.7163e-15
5075.1 7.3134e-15
5085.6 6.9134e-15
5096.0 8.3553e-15
5106.4 8.5472e-15
5116.9 8.5280e-15
5127.3 8.7316e-15
5137.7 9.1832e-15
5148.2 8.6905e-15
5158.6 9.3560e-15
5169.0 9.1082e-15
5179.5 9.6394e-15
5189.9 9.4507e-15
5200.3 9.1957e-15
5210.8 8.8312e-15
5221.2 9.1486e-15
5231.6 8.9454e-15
5242.1 7.7296e-15
5252.5 9.1617e-15
5262.9 7.9474e-15
5273.4 8.5663e-15
5283.8 8.1642e-15
5294.2 7.7952e-15
5304.7 7.2870e-15
5315.1 6.7693e-15
5325.6 6.1158e-15
5336.0 5.2176e-15
5346.4 5.4951e-15
5356.9 6.4498e-15
5367.3 5.8291e-15
5377.7 5.8396e-15
5388.2 5.1980e-15
5398.6 6.0637e-15
5409.0 6.0531e-15
5419.5 6.2888e-15
5429.9 6.9577e-15
5440.3 6.0843e-15
5450.8 6.2759e-15
5461.2 6.4820e-15
5471.6 5.3962e-15
5482.1 5.3728e-15
5492.5 5.9558e-15
5502.9 4.7916e-15
5513.4 4.9795e-15
5523.8 5.9845e-15
5534.2 4.7388e-15
5544.7 4.6603e-15
5555.1 5.1037e-15
5565.5 5.6303e-15
5576.0 6.5632e-15
5586.4 5.2138e-15
5596.8 6.4701e-15
5607.3 6.2869e-15
5617.7 6.5960e-15
5628.1 6.3635e-15
5638.6 6.7694e-15
5649.0 6.1347e-15
5659.4 6.2084e-15
5669.9 6.6489e-15
5680.3 6.2600e-15
5690.7 6.9591e-15
5701.2 6.2129e-15
5711.6 7.1532e-15
5722.0 6.5660e-15
5732.5 6.9370e-15
5742.9 6.8644e-15
5753.3 6.3243e-15
5763.8 6.2626e-15
5774.2 6.4452e-15
5784.7 6.5834e-15
5795.1 5.9971e-15
5805.5 6.4035e-15
5816.0 6.5323e-15
5826.4 6.5611e-15
5836.8 5.0125e-15
5847.3 5.8045e-15
5857.7 5.1784e-15
5868.1 5.7145e-15
5878.6 5.8291e-15
5889.0 5.4563e-15
5899.4 5.9949e-15
5909.9 5.4949e-15
5920.3 5.7251e-15
5930.7 5.2165e-15
5941.2 5.6713e-15
5951.6 5.9024e-15
5962.0 5.6599e-15
5972.5 5.8745e-15
5982.9 6.0591e-15
5993.3 5.9096e-15
6003.8 5.9527e-15
6014.2 5.8020e-15
6024.6 5.5372e-15
6035.1 5.1347e-15
6045.5 5.1125e-15
6055.9 5.6981e-15
6066.4 5.0584e-15
6076.8 5.0141e-15
6087.2 5.5740e-15
6097.7 5.0417e-15
6108.1 5.0527e-15
6118.5 4.5529e-15
6129.0 3.9569e-15
6139.4 3.2813e-15
6149.8 3.2667e-15
6160.3 3.0920e-15
6170.7 2.8400e-15
6181.1 2.4268e-15
6191.6 2.0864e-15
6202.0 1.9801e-15
6212.4 2.0440e-15
6222.9 2.1848e-15
6233.3 2.0772e-15
6243.8 2.3853e-15
6254.2 2.4658e-15
6264.6 3.0657e-15
6275.1 3.0491e-15
6285.5 3.9689e-15
6295.9 3.5900e-15
6306.4 3.8570e-15
6316.8 3.8534e-15
6327.2 3.9299e-15
6337.7 4.1053e-15
6348.1 3.9724e-15
6358.5 4.2478e-15
6369.0 4.3142e-15
6379.4 4.6290e-15
6389.8 4.1118e-15
6400.3 4.1999e-15
6410.7 4.2257e-15
6421.1 4.0660e-15
6431.6 4.0726e-15
6442.0 3.7465e-15
6452.4 3.9964e-15
6462.9 4.0695e-15
6473.3 3.7676e-15
6483.7 3.8013e-15
6494.2 3.8076e-15
6504.6 3.5820e-15
6515.0 3.2999e-15
6525.5 3.9925e-15
6535.9 3.3724e-15
6546.3 3.6551e-15
6556.8 3.4271e-15
6567.2 3.5778e-15
6577.6 3.1781e-15
6588.1 3.7017e-15
6598.5 3.8590e-15
6608.9 2.9156e-15
6619.4 3.1566e-15
6629.8 3.1133e-15
6640.2 3.0438e-15
6650.7 2.8913e-15
6661.1 3.1512e-15
6671.5 2.6235e-15
6682.0 3.0209e-15
6692.4 2.4449e-15
6702.9 2.7960e-15
6713.3 2.9364e-15
6723.7 2.6753e-15
6734.2 2.6746e-15
6744.6 2.8050e-15
6755.0 2.5652e-15
6765.5 2.3942e-15
6775.9 2.5517e-15
6786.3 2.5715e-15
6796.8 2.1778e-15
6807.2 2.0640e-15
6817.6 2.1683e-15
6828.1 2.2535e-15
6838.5 2.0494e-15
6848.9 2.2038e-15
6859.4 2.0066e-15
6869.8 1.8877e-15
6880.2 2.1860e-15
6890.7 1.8045e-15
6901.1 2.3883e-15
6911.5 2.3151e-15
6922.0 1.9902e-15
6932.4 1.8356e-15
6942.8 1.8985e-15
6953.3 2.2424e-15
6963.7 1.9459e-15
6974.1 1.7422e-15
6984.6 1.8474e-15
6995.0 1.9350e-15
7005.4 1.6795e-15
7015.9 1.7506e-15
7026.3 1.8520e-15
7036.7 2.0584e-15
7047.2 1.6957e-15
7057.6 1.7634e-15
7068.0 1.4757e-15
7078.5 1.9508e-15
7088.9 1.8631e-15
7099.3 1.7069e-15
7109.8 1.8133e-15
7120.2 1.5145e-15
7130.6 1.7383e-15
7141.1 1.6344e-15
7151.5 1.8099e-15
7162.0 1.5750e-15
7172.4 1.5589e-15
7182.8 1.5760e-15
7193.3 1.9043e-15
7203.7 1.8150e-15
7214.1 1.5796e-15
7224.6 1.5951e-15
7235.0 1.6756e-15
7245.4 1.7087e-15
7255.9 1.4062e-15
7266.3 1.6180e-15
7276.7 1.6184e-15
7287.2 1.6676e-15
7297.6 1.9920e-15
7308.0 1.5778e-15
7318.5 1.1659e-15
7328.9 1.7633e-15
7339.3 1.4347e-15
7349.8 1.6003e-15
7360.2 1.3913e-15
7370.6 1.5230e-15
7381.1 1.8142e-15
7391.5 1.2123e-15
7401.9 1.4697e-15
7412.4 1.3196e-15
7422.8 1.1514e-15
7433.2 1.2084e-15
7443.7 1.1627e-15
7454.1 1.3340e-15
7464.5 1.1582e-15
7475.0 1.1476e-15
7485.4 1.3418e-15
7495.8 1.1691e-15
7506.3 1.2082e-15
7516.7 1.1462e-15
7527.1 1.3076e-15
7537.6 1.0782e-15
7548.0 9.9045e-16
7558.4 9.8448e-16
7568.9 1.0511e-15
7579.3 9.8397e-16
7589.7 1.8619e-16
7600.2 1.9162e-16
7610.6 1.2367e-15
7621.1 1.0030e-15
7631.5 9.2000e-16
7641.9 1.2182e-15
7652.4 1.4305e-15
7662.8 1.0196e-15
7673.2 1.3125e-15
7683.7 1.0412e-15
7694.1 1.3755e-15
7704.5 1.5208e-15
7715.0 8.9333e-16
7725.4 6.9607e-16
7735.8 1.2022e-15
7746.3 7.4076e-16
7756.7 9.5119e-16
7767.1 1.3504e-15
7777.6 1.2310e-15
7788.0 1.3845e-15
7798.4 8.1781e-16
7808.9 9.6314e-16
7819.3 1.0709e-15
7829.7 1.3533e-15
7840.2 1.3354e-15
7850.6 1.2844e-15
7861.0 1.5970e-15
7871.5 1.1259e-15
7881.9 1.2566e-15
7892.3 1.3565e-15
7902.8 1.3677e-15
7913.2 9.5595e-16
7923.6 1.5491e-15
7934.1 1.3968e-15
7944.5 1.3791e-15
7954.9 1.2079e-15
7965.4 1.4148e-15
7975.8 1.3724e-15
7986.2 1.5815e-15
7996.7 1.3336e-15
8007.1 1.3650e-15
8017.5 1.1495e-15
8028.0 7.1219e-16
8038.4 9.8691e-16
8048.8 7.9415e-16
8059.3 1.0145e-15
8069.7 1.0645e-15
8080.2 1.2496e-15
8090.6 1.1079e-15
8101.0 1.1622e-15
8111.5 1.2327e-15
8121.9 6.6058e-16
8132.3 1.0275e-15
8142.8 1.0966e-15
8153.2 9.3731e-16
8163.6 1.1032e-15
8174.1 9.7148e-16
8184.5 1.0786e-15
8194.9 1.0987e-15
8205.4 9.6708e-16
8215.8 8.6943e-16
8226.2 1.0674e-15
8236.7 1.2592e-15
8247.1 9.1592e-16
8257.5 8.5925e-16
8268.0 8.4875e-16
8278.4 3.0195e-16
8288.8 8.0617e-16
8299.3 9.1479e-16
8309.7 7.0599e-16
8320.1 7.2742e-16
8330.6 3.2017e-16
8341.0 9.4098e-16
8351.4 4.1841e-16
8361.9 9.6635e-16
8372.3 9.5005e-16
8382.7 9.6557e-16
8393.2 1.0329e-15
8403.6 1.0419e-15
8414.0 4.9224e-16
8424.5 8.0756e-16
8434.9 8.1060e-16
8445.3 9.1749e-16
8455.8 1.3281e-15
8466.2 9.0205e-16
8476.6 8.6121e-16
8487.1 8.7314e-16
8497.5 7.0137e-16
8507.9 1.1673e-15
8518.4 1.0034e-15
8528.8 1.0212e-15
8539.3 1.1729e-15
8549.7 1.2798e-15
8560.1 9.9068e-16
8570.6 1.4288e-15
8581.0 1.1039e-15
8591.4 1.2174e-15
8601.9 1.2417e-15
8612.3 1.5950e-15
8622.7 1.3337e-15
8633.2 1.0130e-15
8643.6 1.5008e-15
8654.0 7.1079e-16
8664.5 1.5208e-15
8674.9 1.2647e-15
8685.3 1.1319e-15
8695.8 1.2736e-15
8706.2 1.1960e-15
8716.6 1.0619e-15
8727.1 1.0567e-15
8737.5 1.1082e-15
8747.9 9.1103e-16
8758.4 1.4332e-15
8768.8 1.0976e-15
8779.2 1.3210e-15
8789.7 1.2965e-15
8800.1 1.1625e-15
8810.5 8.5594e-16
8821.0 1.8354e-15
8831.4 1.3240e-15
8841.8 1.8625e-15
8852.3 1.4706e-15
8862.7 1.2732e-15
8873.1 1.4418e-15
8883.6 1.4413e-15
8894.0 7.7423e-16
8904.4 1.4143e-15
8914.9 8.7247e-16
8925.3 1.2024e-15
8935.7 8.4833e-16
8946.2 1.1928e-15
8956.6 1.1738e-15
8967.0 5.6843e-16
8977.5 6.3420e-16
8987.9 1.0060e-15
8998.4 6.0087e-16
9008.8 9.7997e-16
9019.2 9.0051e-16
9029.7 1.1893e-15
9040.1 6.7066e-16
9050.5 8.2234e-16
9061.0 6.2580e-16
9071.4 8.8397e-16
9081.8 7.5570e-16
9092.3 7.7966e-16
9102.7 1.0159e-15
9113.1 1.0670e-15
9123.6 8.8283e-16
9134.0 9.7640e-16
9144.4 5.1043e-16
9154.9 3.1421e-16
9165.3 1.0487e-15
9175.7 1.1897e-15
9186.2 1.3656e-15
9196.6 9.7451e-16
9207.0 8.7823e-16
9217.5 1.1178e-15
9227.9 1.1132e-15
9238.3 1.0666e-15
9248.8 9.5711e-16
9259.2 9.5977e-16
9269.6 8.6506e-16
9280.1 7.8244e-16
9290.5 1.7059e-15
9300.9 1.5311e-15
9311.4 9.6702e-16
9321.8 -6.8799e-17
9332.2 7.1736e-16
9342.7 1.7665e-15
9353.1 -6.2360e-16
9363.5 3.4107e-16
9374.0 1.7355e-16
9384.4 1.1520e-15
9394.8 5.4975e-16
9405.3 7.6237e-16
9415.7 4.2645e-16
9426.1 3.4941e-16
9436.6 6.3451e-16
9447.0 1.2176e-16
9457.5 2.2182e-16
9467.9 6.8465e-16
9478.3 1.2823e-15
9488.8 8.2594e-16
9499.2 7.2763e-16
9509.6 4.7112e-16
9520.1 5.9416e-16
9530.5 -3.4847e-16
9540.9 1.1838e-15
9551.4 1.6520e-16
9561.8 3.3914e-16
9572.2 7.7055e-16
9582.7 7.0304e-16
9593.1 5.4663e-16
9603.5 2.0259e-16
9614.0 3.8152e-16
9624.4 6.6881e-16
9634.8 8.8612e-17
9645.3 5.9181e-16
9655.7 1.3408e-15
9666.1 -1.0095e-16
9676.6 7.6338e-16
9687.0 5.9069e-16
9697.4 6.9037e-16
9707.9 6.5224e-16
9718.3 3.0400e-16
9728.7 1.1454e-15
9739.2 7.9625e-16
9749.6 5.5443e-16
9760.0 5.0694e-16
9770.5 4.4377e-16
9780.9 1.7391e-16
9791.3 2.6796e-16
9801.8 7.5042e-16
9812.2 4.5094e-16
9822.6 2.4063e-16
9833.1 1.2182e-15
9843.5 -6.7430e-17
9853.9 7.7156e-16
9864.4 7.1480e-16
9874.8 6.5604e-16
9885.3 4.2405e-16
9895.7 1.1940e-16
9906.1 2.0885e-15
9916.6 1.1563e-15
9927.0 2.1812e-17
9937.4 1.1022e-15
9947.9 4.6528e-16
9958.3 1.1314e-15
9968.7 2.2875e-16
9979.2 -6.9328e-16
9989.6 1.4426e-15
10000.0 -1.3790e-16
