3493.0 2.3117e-15
3495.8 2.2790e-15
3498.7 2.2461e-15
3501.6 -1.3787e-16
3504.4 1.0366e-15
3507.3 8.1563e-16
3510.1 1.2403e-15
3513.0 1.6946e-15
3515.9 1.9641e-15
3518.7 1.3581e-15
3521.6 8.9578e-16
3524.5 1.3646e-15
3527.3 5.3837e-16
3530.2 1.3404e-15
3533.0 1.2877e-15
3535.9 5.9215e-16
3538.8 9.2358e-16
3541.6 1.9930e-15
3544.5 2.7100e-15
3547.4 8.2944e-16
3550.2 1.2247e-15
3553.1 3.0971e-15
3555.9 1.0263e-15
3558.8 1.4463e-15
3561.7 1.7643e-15
3564.5 9.5148e-16
3567.4 1.8326e-15
3570.3 2.5349e-15
3573.1 1.6303e-15
3576.0 2.0512e-15
3578.8 2.0582e-15
3581.7 1.4945e-15
3584.6 2.1965e-15
3587.4 1.6797e-15
3590.3 2.1098e-15
3593.1 1.7261e-15
3596.0 1.8795e-15
3598.9 1.3085e-15
3601.7 1.3025e-15
3604.6 1.3277e-15
3607.5 2.0596e-15
3610.3 1.4702e-15
3613.2 1.7574e-15
3616.0 1.2535e-15
3618.9 1.3394e-15
3621.8 1.4493e-15
3624.6 2.1638e-15
3627.5 2.5463e-15
3630.4 1.9958e-15
3633.2 2.5757e-15
3636.1 2.2922e-15
3638.9 1.2991e-15
3641.8 1.0987e-15
3644.7 1.9791e-15
3647.5 1.5973e-15
3650.4 1.4471e-15
3653.3 2.0850e-15
3656.1 1.7933e-15
3659.0 1.7588e-15
3661.8 1.7393e-15
3664.7 1.7001e-15
3667.6 2.0073e-15
3670.4 1.4263e-15
3673.3 1.7075e-15
3676.2 2.0591e-15
3679.0 1.2365e-15
3681.9 1.7577e-15
3684.7 1.2942e-15
3687.6 1.3818e-15
3690.5 9.4080e-16
3693.3 1.2420e-15
3696.2 1.6658e-15
3699.1 1.5674e-15
3701.9 2.0755e-15
3704.8 1.9809e-15
3707.6 1.6630e-15
3710.5 1.8117e-15
3713.4 2.1078e-15
3716.2 2.2324e-15
3719.1 1.6793e-15
3722.0 2.7170e-15
3724.8 2.1628e-15
3727.7 2.2932e-15
3730.5 2.3944e-15
3733.4 2.1652e-15
3736.3 1.9979e-15
3739.1 2.5506e-15
3742.0 2.0858e-15
3744.9 2.6236e-15
3747.7 2.5822e-15
3750.6 2.3603e-15
3753.4 2.3092e-15
3756.3 2.1639e-15
3759.2 1.6841e-15
3762.0 2.0383e-15
3764.9 1.5965e-15
3767.8 2.2055e-15
3770.6 1.5786e-15
3773.5 1.8788e-15
3776.3 1.6631e-15
3779.2 1.8406e-15
3782.1 1.6728e-15
3784.9 1.6340e-15
3787.8 1.5446e-15
3790.7 1.3444e-15
3793.5 1.1632e-15
3796.4 1.3160e-15
3799.2 1.0933e-15
3802.1 1.3679e-15
3805.0 1.1067e-15
3807.8 9.6333e-16
3810.7 9.0958e-16
3813.6 9.3233e-16
3816.4 1.0506e-15
3819.3 7.6119e-16
3822.1 8.5553e-16
3825.0 6.9094e-16
3827.9 6.5968e-16
3830.7 8.2584e-16
3833.6 8.4697e-16
3836.5 7.2502e-16
3839.3 7.0140e-16
3842.2 3.6197e-16
3845.0 7.1442e-16
3847.9 7.5263e-16
3850.8 8.4027e-16
3853.6 5.7898e-16
3856.5 4.7834e-16
3859.4 6.6711e-16
3862.2 7.1661e-16
3865.1 7.0782e-16
3867.9 5.0879e-16
3870.8 6.4268e-16
3873.7 5.5715e-16
3876.5 6.6757e-16
3879.4 8.7357e-16
3882.3 8.1820e-16
3885.1 9.2078e-16
3888.0 1.0215e-15
3890.8 1.1310e-15
3893.7 8.4491e-16
3896.6 8.2229e-16
3899.4 8.7065e-16
3902.3 1.0494e-15
3905.2 1.1771e-15
3908.0 1.3349e-15
3910.9 1.1935e-15
3913.7 1.2771e-15
3916.6 1.3655e-15
3919.5 1.3839e-15
3922.3 1.6887e-15
3925.2 1.5481e-15
3928.1 1.7695e-15
3930.9 1.5348e-15
3933.8 1.3159e-15
3936.6 1.7583e-15
3939.5 1.6238e-15
3942.4 1.8268e-15
3945.2 1.9824e-15
3948.1 1.7903e-15
3951.0 1.9165e-15
3953.8 1.9242e-15
3956.7 1.8248e-15
3959.5 1.9252e-15
3962.4 1.9417e-15
3965.3 1.9424e-15
3968.1 2.0567e-15
3971.0 1.9859e-15
3973.8 1.9082e-15
3976.7 2.1015e-15
3979.6 2.0388e-15
3982.4 1.8124e-15
3985.3 2.1327e-15
3988.2 2.1137e-15
3991.0 2.1750e-15
3993.9 1.9807e-15
3996.7 1.9552e-15
3999.6 2.1911e-15
4002.5 2.3199e-15
4005.3 2.1791e-15
4008.2 2.2780e-15
4011.1 2.1484e-15
4013.9 2.5164e-15
4016.8 2.2518e-15
4019.6 2.3007e-15
4022.5 2.1861e-15
4025.4 2.2219e-15
4028.2 2.1498e-15
4031.1 2.2285e-15
4034.0 2.0023e-15
4036.8 2.0938e-15
4039.7 2.0407e-15
4042.5 2.1653e-15
4045.4 2.1711e-15
4048.3 2.1469e-15
4051.1 1.9765e-15
4054.0 1.7978e-15
4056.9 1.8274e-15
4059.7 1.8310e-15
4062.6 1.4823e-15
4065.4 1.7215e-15
4068.3 1.6297e-15
4071.2 1.4860e-15
4074.0 1.4383e-15
4076.9 1.6205e-15
4079.8 1.4783e-15
4082.6 1.3191e-15
4085.5 1.6166e-15
4088.3 1.4571e-15
4091.2 1.4912e-15
4094.1 1.4493e-15
4096.9 1.4001e-15
4099.8 1.4239e-15
4102.7 1.3868e-15
4105.5 1.3186e-15
4108.4 1.4167e-15
4111.2 1.3594e-15
4114.1 1.3804e-15
4117.0 1.2977e-15
4119.8 1.3573e-15
4122.7 1.4140e-15
4125.6 1.4371e-15
4128.4 1.2623e-15
4131.3 1.2857e-15
4134.1 1.3314e-15
4137.0 1.3526e-15
4139.9 1.2442e-15
4142.7 1.2390e-15
4145.6 1.1654e-15
4148.5 1.1021e-15
4151.3 1.1133e-15
4154.2 1.0834e-15
4157.0 1.0356e-15
4159.9 1.0900e-15
4162.8 1.0163e-15
4165.6 1.1328e-15
4168.5 1.0057e-15
4171.4 1.0223e-15
4174.2 1.0888e-15
4177.1 1.0726e-15
4179.9 9.8647e-16
4182.8 1.0475e-15
4185.7 9.9738e-16
4188.5 1.0928e-15
4191.4 1.0287e-15
4194.3 9.0781e-16
4197.1 1.0560e-15
4200.0 9.1789e-16
4202.8 9.8477e-16
4205.7 1.0142e-15
4208.6 9.2903e-16
4211.4 1.0322e-15
4214.3 1.0340e-15
4217.2 9.5144e-16
4220.0 1.0017e-15
4222.9 1.0369e-15
4225.7 8.9097e-16
4228.6 9.3503e-16
4231.5 9.1062e-16
4234.3 1.0575e-15
4237.2 1.0794e-15
4240.1 9.8316e-16
4242.9 1.0241e-15
4245.8 1.1503e-15
4248.6 1.1935e-15
4251.5 1.0395e-15
4254.4 1.1137e-15
4257.2 1.0847e-15
4260.1 1.1186e-15
4263.0 1.1233e-15
4265.8 1.0177e-15
4268.7 1.0496e-15
4271.5 1.0061e-15
4274.4 1.0927e-15
4277.3 9.9683e-16
4280.1 1.1853e-15
4283.0 1.0088e-15
4285.9 1.0259e-15
4288.7 1.1082e-15
4291.6 1.1452e-15
4294.4 1.0091e-15
4297.3 1.0188e-15
4300.2 1.0076e-15
4303.0 1.0957e-15
4305.9 1.1455e-15
4308.8 1.0547e-15
4311.6 1.0571e-15
4314.5 9.9781e-16
4317.3 1.0165e-15
4320.2 1.0844e-15
4323.1 1.0461e-15
4325.9 1.0762e-15
4328.8 1.0117e-15
4331.6 1.1818e-15
4334.5 1.1123e-15
4337.4 1.1245e-15
4340.2 1.1268e-15
4343.1 1.0271e-15
4346.0 1.0028e-15
4348.8 1.0675e-15
4351.7 1.0769e-15
4354.5 1.0586e-15
4357.4 1.0652e-15
4360.3 1.1500e-15
4363.1 1.1633e-15
4366.0 1.1214e-15
4368.9 1.1169e-15
4371.7 1.1369e-15
4374.6 1.1766e-15
4377.4 1.1547e-15
4380.3 1.0081e-15
4383.2 1.0990e-15
4386.0 1.0827e-15
4388.9 1.0613e-15
4391.8 1.1000e-15
4394.6 1.0681e-15
4397.5 1.0451e-15
4400.3 1.0122e-15
4403.2 1.0507e-15
4406.1 1.0385e-15
4408.9 8.9776e-16
4411.8 9.6135e-16
4414.7 9.1219e-16
4417.5 8.3771e-16
4420.4 8.5419e-16
4423.2 7.2226e-16
4426.1 7.7584e-16
4429.0 7.9146e-16
4431.8 8.0175e-16
4434.7 7.6474e-16
4437.6 7.6398e-16
4440.4 6.0171e-16
4443.3 6.8805e-16
4446.1 6.2295e-16
4449.0 6.7547e-16
4451.9 6.2701e-16
4454.7 6.4378e-16
4457.6 6.5639e-16
4460.5 6.5063e-16
4463.3 5.4922e-16
4466.2 6.2754e-16
4469.0 5.6318e-16
4471.9 5.4773e-16
4474.8 5.5296e-16
4477.6 5.1569e-16
4480.5 5.4320e-16
4483.4 5.3548e-16
4486.2 5.2545e-16
4489.1 5.2890e-16
4491.9 5.4260e-16
4494.8 5.6775e-16
4497.7 5.8285e-16
4500.5 5.6938e-16
4503.4 6.2649e-16
4506.3 5.8711e-16
4509.1 6.1471e-16
4512.0 6.0231e-16
4514.8 5.8832e-16
4517.7 5.4801e-16
4520.6 6.3758e-16
4523.4 6.3936e-16
4526.3 6.6204e-16
4529.2 6.5954e-16
4532.0 6.1595e-16
4534.9 6.6299e-16
4537.7 6.5343e-16
4540.6 6.0222e-16
4543.5 6.4933e-16
4546.3 6.8725e-16
4549.2 6.9400e-16
4552.1 6.4258e-16
4554.9 7.4917e-16
4557.8 7.4253e-16
4560.6 7.3616e-16
4563.5 7.3866e-16
4566.4 7.4511e-16
4569.2 8.3305e-16
4572.1 8.3240e-16
4575.0 8.2016e-16
4577.8 8.3264e-16
4580.7 8.2531e-16
4583.5 8.6374e-16
4586.4 9.1083e-16
4589.3 9.4285e-16
4592.1 9.6956e-16
4595.0 1.0835e-15
4597.9 1.0235e-15
4600.7 1.0461e-15
4603.6 1.0571e-15
4606.4 1.0753e-15
4609.3 1.1862e-15
4612.2 1.1993e-15
4615.0 1.2311e-15
4617.9 1.2072e-15
4620.8 1.2492e-15
4623.6 1.3846e-15
4626.5 1.3644e-15
4629.3 1.4012e-15
4632.2 1.4271e-15
4635.1 1.4266e-15
4637.9 1.4683e-15
4640.8 1.4333e-15
4643.7 1.4394e-15
4646.5 1.4763e-15
4649.4 1.4852e-15
4652.2 1.4521e-15
4655.1 1.4440e-15
4658.0 1.4444e-15
4660.8 1.4721e-15
4663.7 1.4946e-15
4666.6 1.3938e-15
4669.4 1.5003e-15
4672.3 1.4863e-15
4675.1 1.4570e-15
4678.0 1.5164e-15
4680.9 1.4299e-15
4683.7 1.5106e-15
4686.6 1.4533e-15
4689.5 1.4241e-15
4692.3 1.4324e-15
4695.2 1.4837e-15
4698.0 1.4464e-15
4700.9 1.4302e-15
4703.8 1.4462e-15
4706.6 1.4480e-15
4709.5 1.4152e-15
4712.3 1.3680e-15
4715.2 1.3220e-15
4718.1 1.3844e-15
4720.9 1.3197e-15
4723.8 1.2107e-15
4726.7 1.2199e-15
4729.5 1.1626e-15
4732.4 1.1304e-15
4735.2 1.1672e-15
4738.1 1.1289e-15
4741.0 1.0267e-15
4743.8 9.9779e-16
4746.7 9.7086e-16
4749.6 9.3566e-16
4752.4 9.2529e-16
4755.3 8.4359e-16
4758.1 7.9388e-16
4761.0 7.5257e-16
4763.9 7.4416e-16
4766.7 7.5678e-16
4769.6 7.4205e-16
4772.5 7.1048e-16
4775.3 7.0948e-16
4778.2 7.1193e-16
4781.0 6.8656e-16
4783.9 5.9923e-16
4786.8 6.9433e-16
4789.6 6.5924e-16
4792.5 5.9086e-16
4795.4 6.5971e-16
4798.2 6.5137e-16
4801.1 6.3027e-16
4803.9 5.7793e-16
4806.8 5.7569e-16
4809.7 6.0038e-16
4812.5 5.7875e-16
4815.4 5.8786e-16
4818.3 5.7754e-16
4821.1 5.7317e-16
4824.0 5.6086e-16
4826.8 5.5824e-16
4829.7 5.5333e-16
4832.6 5.7463e-16
4835.4 5.8213e-16
4838.3 5.8927e-16
4841.2 6.7372e-16
4844.0 6.8166e-16
4846.9 6.3010e-16
4849.7 6.6188e-16
4852.6 6.5941e-16
4855.5 6.7428e-16
4858.3 7.1852e-16
4861.2 6.6610e-16
4864.1 7.0122e-16
4866.9 7.6488e-16
4869.8 8.0659e-16
4872.6 8.5851e-16
4875.5 7.9971e-16
4878.4 7.9137e-16
4881.2 8.2385e-16
4884.1 8.3324e-16
4887.0 7.9655e-16
4889.8 8.3601e-16
4892.7 8.0992e-16
4895.5 7.9839e-16
4898.4 7.4068e-16
4901.3 7.9589e-16
4904.1 7.8422e-16
4907.0 7.3666e-16
4909.9 6.9412e-16
4912.7 6.9237e-16
4915.6 6.7115e-16
4918.4 6.8420e-16
4921.3 6.6181e-16
4924.2 6.8501e-16
4927.0 7.0037e-16
4929.9 6.8342e-16
4932.8 7.1600e-16
4935.6 7.3794e-16
4938.5 7.1986e-16
4941.3 7.6480e-16
4944.2 7.8264e-16
4947.1 7.1927e-16
4949.9 7.3888e-16
4952.8 7.9379e-16
4955.7 8.2143e-16
4958.5 8.7295e-16
4961.4 8.6915e-16
4964.2 8.8383e-16
4967.1 9.4459e-16
4970.0 9.7927e-16
4972.8 1.0214e-15
4975.7 1.0049e-15
4978.6 1.0271e-15
4981.4 1.0718e-15
4984.3 1.1021e-15
4987.1 1.1843e-15
4990.0 1.1521e-15
4992.9 1.1595e-15
4995.7 1.1958e-15
4998.6 1.2634e-15
5001.5 1.1861e-15
5004.3 1.2511e-15
5007.2 1.2213e-15
5010.0 1.2604e-15
5012.9 1.2895e-15
5015.8 1.2535e-15
5018.6 1.1286e-15
5021.5 1.1543e-15
5024.4 1.1357e-15
5027.2 1.1103e-15
5030.1 1.0847e-15
5032.9 1.1034e-15
5035.8 1.0247e-15
5038.7 9.4649e-16
5041.5 9.2721e-16
5044.4 9.2295e-16
5047.3 9.0916e-16
5050.1 8.5450e-16
5053.0 8.0390e-16
5055.8 7.7617e-16
5058.7 7.4388e-16
5061.6 7.0458e-16
5064.4 6.8488e-16
5067.3 6.4910e-16
5070.2 6.4621e-16
5073.0 6.5258e-16
5075.9 6.9295e-16
5078.7 6.3951e-16
5081.6 6.1990e-16
5084.5 6.5737e-16
5087.3 6.3646e-16
5090.2 6.5321e-16
5093.0 6.2970e-16
5095.9 6.3643e-16
5098.8 5.9177e-16
5101.6 5.8016e-16
5104.5 6.1127e-16
5107.4 6.2222e-16
5110.2 6.2183e-16
5113.1 6.0112e-16
5115.9 6.3104e-16
5118.8 6.7069e-16
5121.7 6.0128e-16
5124.5 6.0772e-16
5127.4 5.9737e-16
5130.3 5.9991e-16
5133.1 6.1847e-16
5136.0 5.9943e-16
5138.8 5.9347e-16
5141.7 6.3134e-16
5144.6 6.1860e-16
5147.4 5.8468e-16
5150.3 6.0341e-16
5153.2 6.0661e-16
5156.0 5.9623e-16
5158.9 5.7894e-16
5161.7 6.0311e-16
5164.6 5.4835e-16
5167.5 5.9086e-16
5170.3 5.9845e-16
5173.2 5.9126e-16
5176.1 5.9338e-16
5178.9 5.9713e-16
5181.8 5.9898e-16
5184.6 6.2513e-16
5187.5 6.0572e-16
5190.4 5.8654e-16
5193.2 6.0008e-16
5196.1 6.0540e-16
5199.0 5.5547e-16
5201.8 5.7748e-16
5204.7 5.4169e-16
5207.5 5.9632e-16
5210.4 6.0351e-16
5213.3 5.4383e-16
5216.1 6.0340e-16
5219.0 5.8371e-16
5221.9 5.7924e-16
5224.7 6.0363e-16
5227.6 6.0714e-16
5230.4 6.0605e-16
5233.3 6.2132e-16
5236.2 6.3327e-16
5239.0 6.2520e-16
5241.9 6.8065e-16
5244.8 6.5547e-16
5247.6 7.0066e-16
5250.5 6.6832e-16
5253.3 6.9667e-16
5256.2 7.2600e-16
5259.1 6.5416e-16
5261.9 6.6411e-16
5264.8 7.2653e-16
5267.7 7.5412e-16
5270.5 7.5035e-16
5273.4 7.7909e-16
5276.2 7.9037e-16
5279.1 8.3670e-16
5282.0 8.2526e-16
5284.8 8.1049e-16
5287.7 8.4619e-16
5290.6 8.5655e-16
5293.4 8.6286e-16
5296.3 9.3606e-16
5299.1 9.3068e-16
5302.0 8.9376e-16
5304.9 9.2610e-16
5307.7 9.6881e-16
5310.6 9.7440e-16
5313.5 9.5866e-16
5316.3 9.8157e-16
5319.2 9.9062e-16
5322.0 1.0022e-15
5324.9 9.8198e-16
5327.8 1.0335e-15
5330.6 1.0348e-15
5333.5 1.0140e-15
5336.4 1.0667e-15
5339.2 1.0130e-15
5342.1 1.0540e-15
5344.9 1.0590e-15
5347.8 1.0994e-15
5350.7 1.0681e-15
5353.5 1.0853e-15
5356.4 1.1334e-15
5359.3 1.1804e-15
5362.1 1.2432e-15
5365.0 1.1807e-15
5367.8 1.1808e-15
5370.7 1.1910e-15
5373.6 1.2007e-15
5376.4 1.1764e-15
5379.3 1.2198e-15
5382.2 1.2124e-15
5385.0 1.2071e-15
5387.9 1.1673e-15
5390.7 1.2183e-15
5393.6 1.2431e-15
5396.5 1.1696e-15
5399.3 1.2092e-15
5402.2 1.1964e-15
5405.1 1.2103e-15
5407.9 1.1932e-15
5410.8 1.1855e-15
5413.6 1.2020e-15
5416.5 1.1743e-15
5419.4 1.1144e-15
5422.2 1.2037e-15
5425.1 1.1902e-15
5428.0 1.1409e-15
5430.8 1.1611e-15
5433.7 1.2153e-15
5436.5 1.1823e-15
5439.4 1.2148e-15
5442.3 1.1683e-15
5445.1 1.2370e-15
5448.0 1.2186e-15
5450.9 1.1945e-15
5453.7 1.2523e-15
5456.6 1.2508e-15
5459.4 1.2956e-15
5462.3 1.2702e-15
5465.2 1.2600e-15
5468.0 1.2861e-15
5470.9 1.2638e-15
5473.7 1.2821e-15
5476.6 1.3284e-15
5479.5 1.3068e-15
5482.3 1.3460e-15
5485.2 1.3892e-15
5488.1 1.4343e-15
5490.9 1.4387e-15
5493.8 1.4443e-15
5496.6 1.4478e-15
5499.5 1.5015e-15
5502.4 1.5452e-15
5505.2 1.6384e-15
5508.1 1.5695e-15
5511.0 1.6835e-15
5513.8 1.6860e-15
5516.7 1.6827e-15
5519.5 1.6857e-15
5522.4 1.7790e-15
5525.3 1.7886e-15
5528.1 1.8740e-15
5531.0 1.8219e-15
5533.9 1.8973e-15
5536.7 1.8811e-15
5539.6 1.8643e-15
5542.4 1.9505e-15
5545.3 1.8808e-15
5548.2 1.9182e-15
5551.0 1.9638e-15
5553.9 1.9728e-15
5556.8 2.0170e-15
5559.6 2.0370e-15
5562.5 2.0557e-15
5565.3 2.0057e-15
5568.2 2.0444e-15
5571.1 2.1242e-15
5573.9 1.9997e-15
5576.8 2.0025e-15
5579.7 1.9951e-15
5582.5 1.9233e-15
5585.4 1.9492e-15
5588.2 1.9231e-15
5591.1 1.9742e-15
5594.0 2.0436e-15
5596.8 2.0001e-15
5599.7 2.0257e-15
5602.6 2.0062e-15
5605.4 1.9528e-15
5608.3 1.8882e-15
5611.1 1.8980e-15
5614.0 1.9081e-15
5616.9 1.8681e-15
5619.7 1.9044e-15
5622.6 1.9131e-15
5625.5 1.9285e-15
5628.3 1.9377e-15
5631.2 1.7940e-15
5634.0 1.8164e-15
5636.9 1.8638e-15
5639.8 1.8792e-15
5642.6 1.8041e-15
5645.5 1.8287e-15
5648.4 1.7708e-15
5651.2 1.7454e-15
5654.1 1.7604e-15
5656.9 1.7011e-15
5659.8 1.7235e-15
5662.7 1.6484e-15
5665.5 1.6744e-15
5668.4 1.6735e-15
5671.3 1.6970e-15
5674.1 1.6578e-15
5677.0 1.5534e-15
5679.8 1.6175e-15
5682.7 1.6083e-15
5685.6 1.5829e-15
5688.4 1.5602e-15
5691.3 1.4685e-15
5694.2 1.4563e-15
5697.0 1.4862e-15
5699.9 1.4244e-15
5702.7 1.4520e-15
5705.6 1.4615e-15
5708.5 1.3225e-15
5711.3 1.3451e-15
5714.2 1.3256e-15
5717.1 1.2848e-15
5719.9 1.2798e-15
5722.8 1.2435e-15
5725.6 1.2852e-15
5728.5 1.2466e-15
5731.4 1.1796e-15
5734.2 1.1817e-15
5737.1 1.1568e-15
5740.0 1.1667e-15
5742.8 1.1443e-15
5745.7 1.1058e-15
5748.5 1.1580e-15
5751.4 1.0392e-15
5754.3 1.0381e-15
5757.1 1.0597e-15
5760.0 1.0771e-15
5762.9 9.6848e-16
5765.7 9.3489e-16
5768.6 9.7823e-16
5771.4 9.8843e-16
5774.3 9.6448e-16
5777.2 9.4795e-16
5780.0 1.0080e-15
5782.9 9.8262e-16
5785.8 9.9221e-16
5788.6 1.0510e-15
5791.5 1.0153e-15
5794.3 1.0881e-15
5797.2 1.1067e-15
5800.1 1.1015e-15
5802.9 1.1259e-15
5805.8 1.2241e-15
5808.7 1.2968e-15
5811.5 1.2861e-15
5814.4 1.3894e-15
5817.2 1.3933e-15
5820.1 1.3996e-15
5823.0 1.4496e-15
5825.8 1.5384e-15
5828.7 1.5769e-15
5831.6 1.6158e-15
5834.4 1.6180e-15
5837.3 1.6946e-15
5840.1 1.6888e-15
5843.0 1.7279e-15
5845.9 1.7488e-15
5848.7 1.7884e-15
5851.6 1.8035e-15
5854.4 1.8594e-15
5857.3 1.8517e-15
5860.2 1.9462e-15
5863.0 1.9880e-15
5865.9 2.0066e-15
5868.8 2.0026e-15
5871.6 1.9735e-15
5874.5 2.0715e-15
5877.3 2.0276e-15
5880.2 1.9741e-15
5883.1 2.0363e-15
5885.9 2.0287e-15
5888.8 1.9097e-15
5891.7 1.9894e-15
5894.5 2.0069e-15
5897.4 1.8806e-15
5900.2 1.9859e-15
5903.1 1.9729e-15
5906.0 1.9284e-15
5908.8 1.9881e-15
5911.7 1.9569e-15
5914.6 1.9461e-15
5917.4 1.9380e-15
5920.3 1.9422e-15
5923.1 1.8854e-15
5926.0 1.9099e-15
5928.9 1.9209e-15
5931.7 1.8993e-15
5934.6 1.8956e-15
5937.5 1.8944e-15
5940.3 1.8888e-15
5943.2 1.8291e-15
5946.0 1.8174e-15
5948.9 1.8550e-15
5951.8 1.8597e-15
5954.6 1.8358e-15
5957.5 1.8115e-15
5960.4 1.7521e-15
5963.2 1.7723e-15
5966.1 1.7880e-15
5968.9 1.8274e-15
5971.8 1.8486e-15
5974.7 1.8011e-15
5977.5 1.8445e-15
5980.4 1.8177e-15
5983.3 1.8280e-15
5986.1 1.8129e-15
5989.0 1.8451e-15
5991.8 1.8453e-15
5994.7 1.8325e-15
5997.6 1.8006e-15
6000.4 1.7503e-15
6003.3 1.7158e-15
6006.2 1.7738e-15
6009.0 1.7880e-15
6011.9 1.7900e-15
6014.7 1.6990e-15
6017.6 1.6603e-15
6020.5 1.6477e-15
6023.3 1.6400e-15
6026.2 1.6188e-15
6029.1 1.6115e-15
6031.9 1.5399e-15
6034.8 1.5312e-15
6037.6 1.5240e-15
6040.5 1.5008e-15
6043.4 1.5195e-15
6046.2 1.4897e-15
6049.1 1.4272e-15
6052.0 1.3884e-15
6054.8 1.3992e-15
6057.7 1.4587e-15
6060.5 1.4584e-15
6063.4 1.4291e-15
6066.3 1.3361e-15
6069.1 1.3686e-15
6072.0 1.4078e-15
6074.9 1.3771e-15
6077.7 1.3645e-15
6080.6 1.3295e-15
6083.4 1.3147e-15
6086.3 1.4275e-15
6089.2 1.4701e-15
6092.0 1.4050e-15
6094.9 1.4348e-15
6097.8 1.4663e-15
6100.6 1.5305e-15
6103.5 1.4801e-15
6106.3 1.4773e-15
6109.2 1.5234e-15
6112.1 1.5300e-15
6114.9 1.6105e-15
6117.8 1.5953e-15
6120.7 1.5075e-15
6123.5 1.5133e-15
6126.4 1.5622e-15
6129.2 1.5614e-15
6132.1 1.5662e-15
6135.0 1.5718e-15
6137.8 1.5441e-15
6140.7 1.5624e-15
6143.6 1.4809e-15
6146.4 1.5518e-15
6149.3 1.5776e-15
6152.1 1.4940e-15
6155.0 1.5376e-15
6157.9 1.4995e-15
6160.7 1.5578e-15
6163.6 1.5039e-15
6166.5 1.5387e-15
6169.3 1.5689e-15
6172.2 1.5344e-15
6175.0 1.6564e-15
6177.9 1.6698e-15
6180.8 1.6000e-15
6183.6 1.5949e-15
6186.5 1.6209e-15
6189.4 1.6671e-15
6192.2 1.7127e-15
6195.1 1.6764e-15
6197.9 1.7259e-15
6200.8 1.7674e-15
6203.7 1.7173e-15
6206.5 1.7442e-15
6209.4 1.8112e-15
6212.3 1.7552e-15
6215.1 1.7519e-15
6218.0 1.7683e-15
6220.8 1.6721e-15
6223.7 1.6763e-15
6226.6 1.6830e-15
6229.4 1.5827e-15
6232.3 1.6041e-15
6235.1 1.5825e-15
6238.0 1.6359e-15
6240.9 1.6348e-15
6243.7 1.6216e-15
6246.6 1.5476e-15
6249.5 1.5299e-15
6252.3 1.5985e-15
6255.2 1.5462e-15
6258.0 1.6080e-15
6260.9 1.6566e-15
6263.8 1.6567e-15
6266.6 1.7305e-15
6269.5 1.7554e-15
6272.4 1.7545e-15
6275.2 1.8501e-15
6278.1 1.9313e-15
6280.9 1.9329e-15
6283.8 1.9580e-15
6286.7 2.1638e-15
6289.5 2.1217e-15
6292.4 2.1147e-15
6295.3 2.0760e-15
6298.1 2.2437e-15
6301.0 2.2299e-15
6303.8 2.0526e-15
6306.7 2.0567e-15
6309.6 2.1617e-15
6312.4 2.1380e-15
6315.3 2.1838e-15
6318.2 2.1140e-15
6321.0 2.1438e-15
6323.9 2.1156e-15
6326.7 2.0740e-15
6329.6 2.1226e-15
6332.5 2.0652e-15
6335.3 2.0573e-15
6338.2 2.0030e-15
6341.1 1.9932e-15
6343.9 2.0235e-15
6346.8 2.0356e-15
6349.6 1.9707e-15
6352.5 1.9097e-15
6355.4 1.9465e-15
6358.2 1.9988e-15
6361.1 1.9513e-15
6364.0 1.9279e-15
6366.8 2.0814e-15
6369.7 1.9937e-15
6372.5 2.0394e-15
6375.4 2.1439e-15
6378.3 2.1638e-15
6381.1 2.0603e-15
6384.0 2.0546e-15
6386.9 2.1463e-15
6389.7 2.1786e-15
6392.6 2.1322e-15
6395.4 2.1799e-15
6398.3 2.1849e-15
6401.2 2.2645e-15
6404.0 2.2608e-15
6406.9 2.4702e-15
6409.8 2.4762e-15
6412.6 2.4718e-15
6415.5 2.4695e-15
6418.3 2.4425e-15
6421.2 2.5075e-15
6424.1 2.5471e-15
6426.9 2.4979e-15
6429.8 2.7254e-15
6432.7 2.8617e-15
6435.5 2.7749e-15
6438.4 2.8084e-15
6441.2 2.7937e-15
6444.1 2.8695e-15
6447.0 2.8280e-15
6449.8 2.8460e-15
6452.7 3.0296e-15
6455.6 2.9870e-15
6458.4 3.1151e-15
6461.3 3.2568e-15
6464.1 3.2883e-15
6467.0 3.2199e-15
6469.9 3.1917e-15
6472.7 3.3855e-15
6475.6 3.5363e-15
6478.5 3.6294e-15
6481.3 3.7592e-15
6484.2 3.7311e-15
6487.0 3.8485e-15
6489.9 3.9985e-15
6492.8 3.9874e-15
6495.6 3.9914e-15
6498.5 4.1507e-15
6501.4 4.2383e-15
6504.2 4.2880e-15
6507.1 4.2969e-15
6509.9 4.3112e-15
6512.8 4.5713e-15
6515.7 4.3562e-15
6518.5 4.3453e-15
6521.4 4.6366e-15
6524.3 4.7991e-15
6527.1 4.7391e-15
6530.0 4.7823e-15
6532.8 4.7680e-15
6535.7 5.0128e-15
6538.6 4.9359e-15
6541.4 4.9135e-15
6544.3 4.9218e-15
6547.2 5.0661e-15
6550.0 5.1740e-15
6552.9 5.1102e-15
6555.7 5.1752e-15
6558.6 5.2790e-15
6561.5 5.1906e-15
6564.3 5.0417e-15
6567.2 5.2443e-15
6570.1 5.3727e-15
6572.9 5.3139e-15
6575.8 5.3020e-15
6578.6 5.2330e-15
6581.5 5.3405e-15
6584.4 5.3247e-15
6587.2 5.4037e-15
6590.1 5.4497e-15
6593.0 5.4094e-15
6595.8 5.3307e-15
6598.7 5.5924e-15
6601.5 5.4283e-15
6604.4 5.5290e-15
6607.3 5.5803e-15
6610.1 5.3715e-15
6613.0 5.4302e-15
6615.8 5.4573e-15
6618.7 5.3923e-15
6621.6 5.2419e-15
6624.4 5.3283e-15
6627.3 5.3909e-15
6630.2 5.2595e-15
6633.0 5.2551e-15
6635.9 5.3529e-15
6638.7 5.2418e-15
6641.6 4.9969e-15
6644.5 5.4418e-15
6647.3 5.3142e-15
6650.2 5.3719e-15
6653.1 5.3142e-15
6655.9 5.4427e-15
6658.8 5.5905e-15
6661.6 5.2867e-15
6664.5 5.1022e-15
6667.4 5.3154e-15
6670.2 5.0489e-15
6673.1 5.1655e-15
6676.0 5.0868e-15
6678.8 4.9530e-15
6681.7 5.0741e-15
6684.5 5.0330e-15
6687.4 4.9787e-15
6690.3 4.7194e-15
6693.1 4.7372e-15
6696.0 4.5444e-15
6698.9 4.7456e-15
6701.7 4.6593e-15
6704.6 4.7881e-15
6707.4 4.6586e-15
6710.3 4.3428e-15
6713.2 4.4259e-15
6716.0 4.4424e-15
6718.9 4.2742e-15
6721.8 4.0129e-15
6724.6 4.0804e-15
6727.5 4.0096e-15
6730.3 4.0556e-15
6733.2 3.9857e-15
6736.1 3.8476e-15
6738.9 3.8611e-15
6741.8 3.7036e-15
6744.7 3.5303e-15
6747.5 3.6989e-15
6750.4 3.7432e-15
6753.2 3.6671e-15
6756.1 3.7120e-15
6759.0 3.9095e-15
6761.8 4.0252e-15
6764.7 3.7866e-15
6767.6 3.5082e-15
6770.4 3.4773e-15
6773.3 3.4374e-15
6776.1 3.3052e-15
6779.0 3.8640e-15
6781.9 3.4875e-15
6784.7 3.6440e-15
6787.6 3.5477e-15
6790.5 3.6069e-15
6793.3 3.3859e-15
6796.2 3.5725e-15
6799.0 3.8462e-15
6801.9 3.7864e-15
6804.8 3.7301e-15
6807.6 3.5440e-15
6810.5 3.6316e-15
6813.4 3.8674e-15
6816.2 3.7881e-15
6819.1 3.7988e-15
6821.9 3.8341e-15
6824.8 4.0590e-15
6827.7 3.9641e-15
6830.5 3.7902e-15
6833.4 3.8457e-15
6836.3 4.0870e-15
6839.1 4.0098e-15
6842.0 3.9051e-15
6844.8 3.9807e-15
6847.7 4.1457e-15
6850.6 4.2058e-15
6853.4 4.3083e-15
6856.3 4.1988e-15
6859.2 3.9356e-15
6862.0 4.0021e-15
6864.9 4.1219e-15
6867.7 3.9947e-15
6870.6 3.7788e-15
6873.5 3.8380e-15
6876.3 4.0781e-15
6879.2 4.1510e-15
6882.1 4.1825e-15
6884.9 4.0919e-15
6887.8 4.1679e-15
6890.6 4.1756e-15
6893.5 4.1674e-15
6896.4 4.3167e-15
6899.2 4.5495e-15
6902.1 4.4147e-15
6905.0 4.4959e-15
6907.8 4.0326e-15
6910.7 3.9548e-15
6913.5 4.4590e-15
6916.4 4.2322e-15
6919.3 4.1556e-15
6922.1 4.1628e-15
6925.0 4.2168e-15
6927.9 4.3376e-15
6930.7 4.0322e-15
6933.6 4.1851e-15
6936.4 4.3218e-15
6939.3 4.4321e-15
6942.2 4.5102e-15
6945.0 4.5537e-15
6947.9 4.3441e-15
6950.8 4.3273e-15
6953.6 4.5246e-15
6956.5 4.5689e-15
6959.3 4.4800e-15
6962.2 4.5276e-15
6965.1 4.5824e-15
6967.9 4.5086e-15
6970.8 4.6634e-15
6973.7 4.9430e-15
6976.5 4.8962e-15
6979.4 4.8079e-15
6982.2 5.0441e-15
6985.1 5.2485e-15
6988.0 4.8729e-15
6990.8 5.3107e-15
6993.7 4.8491e-15
6996.5 5.3307e-15
6999.4 5.3168e-15
7002.3 5.3504e-15
7005.1 5.2773e-15
7008.0 5.3886e-15
7010.9 5.6625e-15
7013.7 5.4227e-15
7016.6 5.9075e-15
7019.4 6.0026e-15
7022.3 6.1452e-15
7025.2 6.4009e-15
7028.0 6.0314e-15
7030.9 5.6931e-15
7033.8 5.8688e-15
7036.6 5.9803e-15
7039.5 6.2030e-15
7042.3 6.1253e-15
7045.2 6.6156e-15
7048.1 6.2544e-15
7050.9 6.2059e-15
7053.8 6.1232e-15
7056.7 6.4016e-15
7059.5 6.3862e-15
7062.4 6.5337e-15
7065.2 6.6797e-15
7068.1 6.2444e-15
7071.0 6.5019e-15
7073.8 6.7980e-15
7076.7 6.3661e-15
7079.6 6.3877e-15
7082.4 6.7355e-15
7085.3 6.2481e-15
7088.1 6.1454e-15
7091.0 6.7204e-15
7093.9 6.5455e-15
7096.7 6.7192e-15
7099.6 6.7350e-15
7102.5 6.3882e-15
7105.3 6.3449e-15
7108.2 6.5448e-15
7111.0 7.0619e-15
7113.9 6.6499e-15
7116.8 6.6017e-15
7119.6 6.7459e-15
7122.5 6.6973e-15
7125.4 7.2226e-15
7128.2 7.2041e-15
7131.1 7.1244e-15
7133.9 7.7505e-15
7136.8 7.4516e-15
7139.7 7.8104e-15
7142.5 7.4935e-15
7145.4 7.7604e-15
7148.3 8.0993e-15
7151.1 8.2111e-15
7154.0 7.6382e-15
7156.8 7.8750e-15
7159.7 8.1404e-15
7162.6 8.3285e-15
7165.4 8.7211e-15
7168.3 8.3526e-15
7171.2 8.9364e-15
7174.0 8.9086e-15
7176.9 9.1874e-15
7179.7 9.6462e-15
7182.6 8.6571e-15
7185.5 9.4406e-15
7188.3 9.2635e-15
7191.2 9.4957e-15
7194.1 1.0016e-14
7196.9 9.9004e-15
7199.8 9.7537e-15
7202.6 9.8930e-15
7205.5 1.0962e-14
7208.4 1.0118e-14
7211.2 1.0732e-14
7214.1 1.0207e-14
7217.0 9.8006e-15
7219.8 1.1527e-14
7222.7 1.1322e-14
7225.5 1.0786e-14
7228.4 1.1341e-14
7231.3 1.1585e-14
7234.1 1.1286e-14
7237.0 1.1731e-14
7239.9 1.1981e-14
7242.7 1.2137e-14
7245.6 1.2464e-14
7248.4 1.2810e-14
7251.3 1.2583e-14
7254.2 1.2893e-14
7257.0 1.3392e-14
7259.9 1.3536e-14
7262.8 1.3972e-14
7265.6 1.3587e-14
7268.5 1.5315e-14
7271.3 1.4166e-14
7274.2 1.5480e-14
7277.1 1.4499e-14
7279.9 1.5606e-14
7282.8 1.5606e-14
7285.7 1.6709e-14
7288.5 1.7288e-14
7291.4 1.8130e-14
7294.2 1.8560e-14
7297.1 1.8393e-14
7300.0 1.7824e-14
7302.8 1.7177e-14
7305.7 1.7562e-14
7308.6 1.8834e-14
7311.4 1.8285e-14
7314.3 1.7734e-14
7317.1 1.7961e-14
7320.0 1.9260e-14
7322.9 1.9672e-14
7325.7 1.9963e-14
7328.6 1.9585e-14
7331.5 1.8571e-14
7334.3 1.9950e-14
7337.2 1.9653e-14
7340.0 1.9543e-14
7342.9 1.9980e-14
7345.8 1.8285e-14
7348.6 1.9913e-14
7351.5 2.0438e-14
7354.4 2.0137e-14
7357.2 1.9396e-14
7360.1 1.9391e-14
7362.9 2.0920e-14
7365.8 2.0014e-14
7368.7 2.0018e-14
7371.5 1.8699e-14
7374.4 1.9855e-14
7377.2 1.9243e-14
7380.1 1.9731e-14
7383.0 1.9273e-14
7385.8 1.9222e-14
7388.7 1.9783e-14
7391.6 1.9874e-14
7394.4 2.1145e-14
7397.3 2.1707e-14
7400.1 2.0736e-14
7403.0 2.0599e-14
7405.9 2.0220e-14
7408.7 2.1307e-14
7411.6 2.1977e-14
7414.5 2.1678e-14
7417.3 2.1396e-14
7420.2 2.2541e-14
7423.0 2.2780e-14
7425.9 2.2703e-14
7428.8 2.5327e-14
7431.6 2.5209e-14
7434.5 2.4045e-14
7437.4 2.5755e-14
7440.2 2.5583e-14
7443.1 2.5571e-14
7445.9 2.4581e-14
7448.8 2.6260e-14
7451.7 2.7713e-14
7454.5 2.7398e-14
7457.4 2.7429e-14
7460.3 2.9574e-14
7463.1 2.9078e-14
7466.0 2.9335e-14
7468.8 3.1508e-14
7471.7 3.1484e-14
7474.6 3.1415e-14
7477.4 3.1990e-14
7480.3 3.2784e-14
7483.2 3.2798e-14
7486.0 3.3255e-14
7488.9 3.4276e-14
7491.7 3.4841e-14
7494.6 3.6484e-14
7497.5 3.5585e-14
7500.3 3.9054e-14
7503.2 3.7057e-14
7506.1 3.9050e-14
7508.9 4.2788e-14
7511.8 4.0325e-14
7514.6 4.1288e-14
7517.5 4.3345e-14
7520.4 4.0997e-14
7523.2 3.9955e-14
7526.1 4.1599e-14
7529.0 4.1875e-14
7531.8 4.1688e-14
7534.7 4.3577e-14
7537.5 4.4975e-14
7540.4 4.7669e-14
7543.3 4.3335e-14
7546.1 4.2787e-14
7549.0 4.3243e-14
7551.9 4.4019e-14
7554.7 4.5500e-14
7557.6 4.4407e-14
7560.4 4.2815e-14
7563.3 4.3708e-14
7566.2 4.4874e-14
7569.0 4.2779e-14
7571.9 4.1381e-14
7574.8 4.2533e-14
7577.6 4.1566e-14
7580.5 3.9388e-14
7583.3 3.8991e-14
7586.2 3.8239e-14
7589.1 3.8844e-14
7591.9 3.8550e-14
7594.8 3.9509e-14
7597.7 3.8974e-14
7600.5 3.8732e-14
7603.4 3.4969e-14
7606.2 3.4602e-14
7609.1 3.4131e-14
7612.0 3.3736e-14
7614.8 3.8788e-14
7617.7 4.2608e-14
7620.6 3.9353e-14
7623.4 3.5749e-14
7626.3 3.3863e-14
7629.1 3.4763e-14
7632.0 3.9707e-14
7634.9 4.0285e-14
7637.7 3.7173e-14
7640.6 4.1939e-14
7643.5 4.1368e-14
7646.3 4.2668e-14
7649.2 4.1523e-14
7652.0 4.0593e-14
7654.9 4.4395e-14
7657.8 4.6919e-14
7660.6 4.9341e-14
7663.5 4.7626e-14
7666.4 4.7156e-14
7669.2 5.1479e-14
7672.1 5.4381e-14
7674.9 5.4535e-14
7677.8 5.5550e-14
7680.7 5.5465e-14
7683.5 5.5920e-14
7686.4 6.1394e-14
7689.3 6.2829e-14
7692.1 6.4471e-14
7695.0 6.3292e-14
7697.8 6.7217e-14
7700.7 6.7827e-14
7703.6 6.9691e-14
7706.4 7.2011e-14
7709.3 7.2419e-14
7712.2 7.5470e-14
7715.0 7.6818e-14
7717.9 7.7238e-14
7720.7 7.7933e-14
7723.6 7.9473e-14
7726.5 7.9421e-14
7729.3 8.3149e-14
7732.2 9.1663e-14
7735.1 8.9169e-14
7737.9 8.7382e-14
7740.8 8.9593e-14
7743.6 8.9241e-14
7746.5 9.1198e-14
7749.4 8.9630e-14
7752.2 9.2564e-14
7755.1 9.2635e-14
7757.9 9.5738e-14
7760.8 9.8430e-14
7763.7 9.9975e-14
7766.5 9.9844e-14
7769.4 9.8112e-14
7772.3 1.0368e-13
7775.1 1.0379e-13
7778.0 1.0085e-13
7780.8 1.0270e-13
7783.7 1.0414e-13
7786.6 1.0144e-13
7789.4 1.0321e-13
7792.3 1.0448e-13
7795.2 1.0704e-13
7798.0 1.1040e-13
7800.9 1.1220e-13
7803.7 1.1106e-13
7806.6 1.0913e-13
7809.5 1.1033e-13
7812.3 1.1427e-13
7815.2 1.1768e-13
7818.1 1.1886e-13
7820.9 1.2303e-13
7823.8 1.1749e-13
7826.6 1.1936e-13
7829.5 1.2326e-13
7832.4 1.2217e-13
7835.2 1.2061e-13
7838.1 1.2598e-13
7841.0 1.2478e-13
7843.8 1.2402e-13
7846.7 1.3329e-13
7849.5 1.2467e-13
7852.4 1.1980e-13
7855.3 1.2038e-13
7858.1 1.2023e-13
7861.0 1.2431e-13
7863.9 1.2608e-13
7866.7 1.2876e-13
7869.6 1.2771e-13
7872.4 1.2718e-13
7875.3 1.2538e-13
7878.2 1.2399e-13
7881.0 1.3000e-13
7883.9 1.3034e-13
7886.8 1.2261e-13
7889.6 1.1966e-13
7892.5 1.2833e-13
7895.3 1.3232e-13
7898.2 1.2823e-13
7901.1 1.3340e-13
7903.9 1.2536e-13
7906.8 1.2587e-13
7909.7 1.2542e-13
7912.5 1.2292e-13
7915.4 1.2375e-13
7918.2 1.2720e-13
7921.1 1.2215e-13
7924.0 1.1820e-13
7926.8 1.2245e-13
7929.7 1.3494e-13
7932.6 1.2454e-13
7935.4 1.3251e-13
7938.3 1.2153e-13
7941.1 1.1807e-13
7944.0 1.2015e-13
7946.9 1.2597e-13
7949.7 1.2631e-13
7952.6 1.2408e-13
7955.5 1.2246e-13
7958.3 1.2127e-13
7961.2 1.2241e-13
7964.0 1.1963e-13
7966.9 1.1797e-13
7969.8 1.2353e-13
7972.6 1.2378e-13
7975.5 1.1811e-13
7978.4 1.1892e-13
7981.2 1.2645e-13
7984.1 1.2179e-13
7986.9 1.1997e-13
7989.8 1.2527e-13
7992.7 1.2150e-13
7995.5 1.2071e-13
7998.4 1.2866e-13
8001.3 1.3088e-13
8004.1 1.2554e-13
8007.0 1.3552e-13
8009.8 1.2214e-13
8012.7 1.1914e-13
8015.6 1.2309e-13
8018.4 1.2116e-13
8021.3 1.3606e-13
8024.2 1.3359e-13
8027.0 1.3138e-13
8029.9 1.4199e-13
8032.7 1.4220e-13
8035.6 1.3818e-13
8038.5 1.3608e-13
8041.3 1.3818e-13
8044.2 1.4158e-13
8047.1 1.3728e-13
8049.9 1.4062e-13
8052.8 1.4056e-13
8055.6 1.4270e-13
8058.5 1.4281e-13
8061.4 1.5760e-13
8064.2 1.5519e-13
8067.1 1.5187e-13
8070.0 1.5468e-13
8072.8 1.5243e-13
8075.7 1.5851e-13
8078.5 1.5967e-13
8081.4 1.5348e-13
8084.3 1.6377e-13
8087.1 1.7093e-13
8090.0 1.6946e-13
8092.9 1.7278e-13
8095.7 1.6763e-13
8098.6 1.6683e-13
8101.4 1.8340e-13
8104.3 1.8397e-13
8107.2 1.7104e-13
8110.0 1.7346e-13
8112.9 1.7647e-13
8115.8 1.8491e-13
8118.6 1.9880e-13
8121.5 1.7075e-13
8124.3 1.8759e-13
8127.2 1.9252e-13
8130.1 1.8919e-13
8132.9 1.8611e-13
8135.8 1.9263e-13
8138.6 2.0475e-13
8141.5 1.9459e-13
8144.4 2.0193e-13
8147.2 2.1606e-13
8150.1 1.9917e-13
8153.0 2.1278e-13
8155.8 2.0031e-13
8158.7 2.1390e-13
8161.5 2.1646e-13
8164.4 2.1628e-13
8167.3 2.1512e-13
8170.1 2.3170e-13
8173.0 2.2903e-13
8175.9 2.0927e-13
8178.7 2.3277e-13
8181.6 2.3117e-13
8184.4 2.3433e-13
8187.3 2.3259e-13
8190.2 2.3977e-13
8193.0 2.2857e-13
8195.9 2.3016e-13
8198.8 2.6312e-13
8201.6 2.5580e-13
8204.5 2.3107e-13
8207.3 2.3594e-13
8210.2 2.5301e-13
8213.1 2.5057e-13
8215.9 2.5967e-13
8218.8 2.4650e-13
8221.7 2.2429e-13
8224.5 2.4123e-13
8227.4 2.3795e-13
8230.2 2.3977e-13
8233.1 2.3410e-13
8236.0 2.4174e-13
8238.8 2.4053e-13
8241.7 2.3386e-13
8244.6 2.3073e-13
8247.4 2.0600e-13
8250.3 2.3552e-13
8253.1 2.1425e-13
8256.0 1.6832e-13
8258.9 1.9475e-13
8261.7 2.1278e-13
8264.6 1.8135e-13
8267.5 1.6354e-13
8270.3 1.6559e-13
8273.2 1.7709e-13
8276.0 1.7431e-13
8278.9 1.5249e-13
8281.8 1.7180e-13
8284.6 1.4346e-13
8287.5 1.4251e-13
8290.4 1.2060e-13
8293.2 1.4241e-13
8296.1 1.6654e-13
8298.9 1.4902e-13
8301.8 1.1163e-13
8304.7 1.0797e-13
8307.5 1.0308e-13
8310.4 8.8920e-14
8313.3 1.3187e-13
8316.1 1.0622e-13
8319.0 9.6672e-14
8321.8 8.1687e-14
8324.7 9.6623e-14
8327.6 8.7024e-14
8330.4 1.2472e-13
8333.3 1.3284e-13
8336.2 9.8723e-14
8339.0 8.0668e-14
8341.9 1.4671e-13
8344.7 9.9086e-14
8347.6 6.8303e-14
8350.5 1.1446e-13
8353.3 8.4997e-14
8356.2 1.0306e-13
8359.1 1.5103e-13
8361.9 1.2112e-13
8364.8 1.2187e-13
8367.6 1.4013e-13
8370.5 1.6241e-13
8373.4 1.8232e-13
8376.2 1.7130e-13
8379.1 1.9848e-13
8382.0 1.4371e-13
8384.8 1.5780e-13
8387.7 1.9405e-13
8390.5 1.7598e-13
8393.4 1.4936e-13
8396.3 1.5969e-13
8399.1 1.8929e-13
8402.0 1.8726e-13
8404.9 2.0573e-13
8407.7 2.3210e-13
8410.6 1.9639e-13
8413.4 2.5709e-13
8416.3 2.6523e-13
8419.2 2.3768e-13
8422.0 2.8062e-13
8424.9 2.4570e-13
8427.8 2.4747e-13
8430.6 3.1683e-13
8433.5 3.1950e-13
8436.3 2.8599e-13
8439.2 3.3607e-13
8442.1 2.6292e-13
8444.9 2.7680e-13
8447.8 3.0636e-13
8450.7 3.1231e-13
8453.5 3.2566e-13
8456.4 3.7391e-13
8459.2 3.3546e-13
8462.1 3.5142e-13
8465.0 3.0496e-13
8467.8 3.5500e-13
8470.7 3.6869e-13
8473.6 3.8740e-13
8476.4 4.4047e-13
8479.3 4.2079e-13
8482.1 3.5944e-13
8485.0 3.7810e-13
8487.9 4.0998e-13
8490.7 4.1865e-13
8493.6 3.9862e-13
8496.5 4.4292e-13
8499.3 4.2710e-13
8502.2 4.5959e-13
8505.0 4.7520e-13
8507.9 5.0347e-13
8510.8 5.1875e-13
8513.6 5.2750e-13
8516.5 5.6518e-13
8519.3 5.9522e-13
8522.2 5.8366e-13
8525.1 6.0043e-13
8527.9 6.5611e-13
8530.8 7.1128e-13
8533.7 7.2858e-13
8536.5 7.8393e-13
8539.4 8.0175e-13
8542.2 8.5038e-13
8545.1 8.9279e-13
8548.0 9.0108e-13
8550.8 1.0088e-12
8553.7 1.0210e-12
8556.6 1.1939e-12
8559.4 1.3126e-12
8562.3 1.4286e-12
8565.1 1.3931e-12
8568.0 1.3883e-12
8570.9 1.5399e-12
8573.7 1.5404e-12
8576.6 1.4250e-12
8579.5 1.5803e-12
8582.3 1.7927e-12
8585.2 1.7008e-12
8588.0 1.7547e-12
8590.9 1.7957e-12
8593.8 1.8635e-12
8596.6 1.9517e-12
8599.5 1.9519e-12
8602.4 1.9641e-12
8605.2 2.0776e-12
8608.1 1.9332e-12
8610.9 1.9967e-12
8613.8 2.1553e-12
8616.7 2.1205e-12
8619.5 2.2495e-12
8622.4 2.2588e-12
8625.3 2.2013e-12
8628.1 2.2157e-12
8631.0 2.1101e-12
8633.8 2.3323e-12
8636.7 2.0841e-12
8639.6 2.3430e-12
8642.4 2.5020e-12
8645.3 2.3628e-12
8648.2 2.3541e-12
8651.0 2.3965e-12
8653.9 2.5958e-12
8656.7 2.4602e-12
8659.6 2.5838e-12
8662.5 2.6871e-12
8665.3 2.6862e-12
8668.2 2.7992e-12
8671.1 2.6775e-12
8673.9 2.7182e-12
8676.8 2.8102e-12
8679.6 2.7368e-12
8682.5 2.9206e-12
8685.4 2.8658e-12
8688.2 2.8797e-12
8691.1 2.8915e-12
8694.0 2.8938e-12
8696.8 2.9228e-12
8699.7 2.9515e-12
8702.5 3.0329e-12
8705.4 3.0697e-12
8708.3 3.1955e-12
8711.1 3.3732e-12
8714.0 3.2158e-12
8716.9 3.5918e-12
8719.7 3.3483e-12
8722.6 3.0679e-12
8725.4 3.4024e-12
8728.3 3.6424e-12
8731.2 3.5629e-12
8734.0 3.5378e-12
8736.9 3.4508e-12
8739.8 3.9007e-12
8742.6 3.8395e-12
8745.5 4.0108e-12
8748.3 4.1318e-12
8751.2 4.2089e-12
8754.1 4.3375e-12
8756.9 4.4186e-12
8759.8 4.6909e-12
8762.7 4.8332e-12
8765.5 4.6098e-12
8768.4 4.4824e-12
8771.2 5.0264e-12
8774.1 5.1393e-12
8777.0 4.9697e-12
8779.8 4.8354e-12
8782.7 5.0638e-12
8785.6 5.3147e-12
8788.4 5.1334e-12
8791.3 5.5748e-12
8794.1 5.7231e-12
8797.0 5.8392e-12
8799.9 5.8376e-12
8802.7 6.0666e-12
8805.6 6.3069e-12
8808.5 6.1472e-12
8811.3 6.6385e-12
8814.2 6.3045e-12
8817.0 6.6934e-12
8819.9 6.6074e-12
8822.8 6.5237e-12
8825.6 6.8898e-12
8828.5 7.0289e-12
8831.4 6.9345e-12
8834.2 6.9543e-12
8837.1 7.6417e-12
8839.9 6.9761e-12
8842.8 7.6817e-12
8845.7 8.0349e-12
8848.5 7.8942e-12
8851.4 7.7039e-12
8854.3 7.6035e-12
8857.1 8.1501e-12
8860.0 8.1665e-12
8862.8 8.3503e-12
8865.7 8.1811e-12
8868.6 8.5238e-12
8871.4 8.4982e-12
8874.3 8.6062e-12
8877.2 9.2612e-12
8880.0 9.4010e-12
8882.9 8.7494e-12
8885.7 9.9325e-12
8888.6 9.4913e-12
8891.5 9.2188e-12
8894.3 9.2831e-12
8897.2 9.7410e-12
8900.0 9.8241e-12
8902.9 9.5722e-12
8905.8 9.8321e-12
8908.6 1.0120e-11
8911.5 9.8266e-12
8914.4 9.7165e-12
8917.2 1.0095e-11
8920.1 1.0622e-11
8922.9 1.0853e-11
8925.8 1.0362e-11
8928.7 1.0336e-11
8931.5 1.0170e-11
8934.4 9.8873e-12
8937.3 1.0467e-11
8940.1 1.0818e-11
8943.0 1.1279e-11
8945.8 1.1241e-11
8948.7 1.0315e-11
8951.6 1.0109e-11
8954.4 1.1123e-11
8957.3 1.1624e-11
8960.2 1.1659e-11
8963.0 1.0726e-11
8965.9 1.1736e-11
8968.7 1.2321e-11
8971.6 1.1955e-11
8974.5 1.2195e-11
8977.3 1.2928e-11
8980.2 1.2469e-11
8983.1 1.2416e-11
8985.9 1.1795e-11
8988.8 1.2560e-11
8991.6 1.2881e-11
8994.5 1.2239e-11
8997.4 1.2914e-11
9000.2 1.3867e-11
9003.1 1.3113e-11
9006.0 1.3589e-11
9008.8 1.4293e-11
9011.7 1.3609e-11
9014.5 1.2989e-11
9017.4 1.3345e-11
9020.3 1.4612e-11
9023.1 1.6126e-11
9026.0 1.5779e-11
9028.9 1.4539e-11
9031.7 1.4932e-11
9034.6 1.6663e-11
9037.4 1.6041e-11
9040.3 1.5062e-11
9043.2 1.6402e-11
9046.0 1.6926e-11
9048.9 1.6371e-11
9051.8 1.6262e-11
9054.6 1.4017e-11
9057.5 1.4638e-11
9060.3 1.5950e-11
9063.2 1.4541e-11
9066.1 1.5490e-11
9068.9 1.4120e-11
9071.8 1.5599e-11
9074.7 1.6618e-11
9077.5 1.4375e-11
9080.4 1.5920e-11
9083.2 1.7292e-11
9086.1 1.4175e-11
9089.0 1.6677e-11
9091.8 1.8280e-11
9094.7 1.5285e-11
9097.6 1.3931e-11
9100.4 1.3436e-11
9103.3 1.3423e-11
9106.1 1.2315e-11
9109.0 1.1711e-11
9111.9 1.1667e-11
9114.7 1.0230e-11
9117.6 1.1521e-11
9120.5 1.1098e-11
9123.3 9.3324e-12
9126.2 9.9616e-12
9129.0 1.1074e-11
9131.9 1.1271e-11
9134.8 1.1611e-11
9137.6 1.1957e-11
9140.5 1.2306e-11
9143.4 1.2661e-11
9146.2 1.3025e-11
9149.1 1.3396e-11
9151.9 1.3776e-11
9154.8 1.4159e-11
9157.7 1.4554e-11
9160.5 1.4956e-11
