3498.6 9.2148e-15
3501.4 9.0485e-15
3504.3 9.1812e-15
3507.2 9.2642e-15
3510.0 9.5760e-15
3512.9 9.3384e-15
3515.8 9.6837e-15
3518.6 9.6257e-15
3521.5 9.6524e-15
3524.4 9.6169e-15
3527.2 9.4189e-15
3530.1 9.6264e-15
3533.0 9.3170e-15
3535.8 9.9369e-15
3538.7 9.6071e-15
3541.6 9.5475e-15
3544.4 9.6954e-15
3547.3 9.6837e-15
3550.2 9.7112e-15
3553.0 9.8850e-15
3555.9 9.7720e-15
3558.8 9.5367e-15
3561.6 9.9985e-15
3564.5 1.0044e-14
3567.4 1.0271e-14
3570.2 1.0181e-14
3573.1 9.2619e-15
3576.0 1.0398e-14
3578.8 1.0172e-14
3581.7 1.0257e-14
3584.6 1.0107e-14
3587.4 1.0482e-14
3590.3 1.0665e-14
3593.2 1.0706e-14
3596.0 1.0644e-14
3598.9 1.0376e-14
3601.8 1.0602e-14
3604.6 1.0668e-14
3607.5 1.1044e-14
3610.4 1.0805e-14
3613.2 1.0793e-14
3616.1 1.0851e-14
3619.0 1.0704e-14
3621.8 1.0934e-14
3624.7 1.0470e-14
3627.6 1.0718e-14
3630.4 1.0562e-14
3633.3 1.0601e-14
3636.2 1.0717e-14
3639.0 1.0220e-14
3641.9 1.0966e-14
3644.8 1.0340e-14
3647.6 1.0541e-14
3650.5 1.0451e-14
3653.4 1.0559e-14
3656.2 1.0339e-14
3659.1 9.9023e-15
3662.0 9.8859e-15
3664.8 9.4405e-15
3667.7 9.4565e-15
3670.6 9.2907e-15
3673.4 9.2654e-15
3676.3 8.5924e-15
3679.2 8.5717e-15
3682.0 8.3720e-15
3684.9 7.9851e-15
3687.8 7.6577e-15
3690.6 7.5590e-15
3693.5 7.3144e-15
3696.4 6.8979e-15
3699.2 6.5826e-15
3702.1 6.2276e-15
3705.0 6.1328e-15
3707.8 5.9048e-15
3710.7 5.6189e-15
3713.6 5.4380e-15
3716.4 5.3440e-15
3719.3 5.0684e-15
3722.2 4.9976e-15
3725.0 5.1529e-15
3727.9 4.9316e-15
3730.8 4.8387e-15
3733.6 4.8289e-15
3736.5 4.7967e-15
3739.4 4.6202e-15
3742.2 4.4976e-15
3745.1 4.5107e-15
3748.0 4.3804e-15
3750.8 4.4914e-15
3753.7 4.5634e-15
3756.5 4.4592e-15
3759.4 4.6463e-15
3762.3 4.3504e-15
3765.1 4.5063e-15
3768.0 4.7390e-15
3770.9 4.8240e-15
3773.7 4.9337e-15
3776.6 5.3086e-15
3779.5 5.3801e-15
3782.3 5.6308e-15
3785.2 5.4252e-15
3788.1 5.6774e-15
3790.9 5.7648e-15
3793.8 5.9763e-15
3796.7 5.9027e-15
3799.5 5.9162e-15
3802.4 5.9171e-15
3805.3 6.1552e-15
3808.1 6.0160e-15
3811.0 6.0168e-15
3813.9 6.2079e-15
3816.7 5.9112e-15
3819.6 6.1235e-15
3822.5 6.0820e-15
3825.3 6.1308e-15
3828.2 6.3109e-15
3831.1 5.9684e-15
3833.9 5.9753e-15
3836.8 6.0611e-15
3839.7 6.3218e-15
3842.5 6.1711e-15
3845.4 6.2551e-15
3848.3 6.4614e-15
3851.1 6.3721e-15
3854.0 6.7623e-15
3856.9 6.9289e-15
3859.7 6.8883e-15
3862.6 6.8643e-15
3865.5 7.1132e-15
3868.3 7.1765e-15
3871.2 7.5107e-15
3874.1 7.5068e-15
3876.9 7.6725e-15
3879.8 7.8179e-15
3882.7 8.0744e-15
3885.5 8.3645e-15
3888.4 8.5079e-15
3891.3 8.4896e-15
3894.1 8.6333e-15
3897.0 8.8763e-15
3899.9 9.1710e-15
3902.7 9.0863e-15
3905.6 9.5715e-15
3908.5 9.6574e-15
3911.3 9.6092e-15
3914.2 1.0002e-14
3917.1 1.0056e-14
3919.9 1.0144e-14
3922.8 1.0195e-14
3925.7 1.0363e-14
3928.5 1.0317e-14
3931.4 1.0339e-14
3934.3 1.0501e-14
3937.1 1.0564e-14
3940.0 1.0559e-14
3942.9 1.0793e-14
3945.7 1.1089e-14
3948.6 1.1294e-14
3951.5 1.1440e-14
3954.3 1.1666e-14
3957.2 1.1822e-14
3960.1 1.2030e-14
3962.9 1.1967e-14
3965.8 1.2100e-14
3968.7 1.1993e-14
3971.5 1.2213e-14
3974.4 1.2229e-14
3977.3 1.2123e-14
3980.1 1.2390e-14
3983.0 1.2406e-14
3985.9 1.2313e-14
3988.7 1.2196e-14
3991.6 1.2202e-14
3994.5 1.2229e-14
3997.3 1.2220e-14
4000.2 1.1837e-14
4003.1 1.1915e-14
4005.9 1.1579e-14
4008.8 1.1505e-14
4011.7 1.1459e-14
4014.5 1.1083e-14
4017.4 1.1538e-14
4020.3 1.0975e-14
4023.1 1.1067e-14
4026.0 1.0943e-14
4028.9 1.0825e-14
4031.7 1.0673e-14
4034.6 1.0763e-14
4037.5 1.0772e-14
4040.3 1.0749e-14
4043.2 1.1041e-14
4046.1 1.0787e-14
4048.9 1.1098e-14
4051.8 1.1280e-14
4054.7 1.1082e-14
4057.5 1.1056e-14
4060.4 1.1419e-14
4063.3 1.1099e-14
4066.1 1.1341e-14
4069.0 1.1369e-14
4071.9 1.1588e-14
4074.7 1.1435e-14
4077.6 1.1743e-14
4080.4 1.1572e-14
4083.3 1.1672e-14
4086.2 1.1945e-14
4089.0 1.1756e-14
4091.9 1.2028e-14
4094.8 1.1821e-14
4097.6 1.2220e-14
4100.5 1.2249e-14
4103.4 1.2002e-14
4106.2 1.2148e-14
4109.1 1.2257e-14
4112.0 1.2134e-14
4114.8 1.2242e-14
4117.7 1.2075e-14
4120.6 1.2067e-14
4123.4 1.2029e-14
4126.3 1.1801e-14
4129.2 1.1846e-14
4132.0 1.1805e-14
4134.9 1.1566e-14
4137.8 1.1388e-14
4140.6 1.1369e-14
4143.5 1.1565e-14
4146.4 1.1219e-14
4149.2 1.0999e-14
4152.1 1.0946e-14
4155.0 1.0670e-14
4157.8 1.0575e-14
4160.7 1.0329e-14
4163.6 1.0362e-14
4166.4 1.0194e-14
4169.3 1.0187e-14
4172.2 1.0247e-14
4175.0 1.0214e-14
4177.9 1.0160e-14
4180.8 9.9174e-15
4183.6 1.0074e-14
4186.5 9.9745e-15
4189.4 9.7565e-15
4192.2 9.7927e-15
4195.1 9.8147e-15
4198.0 9.7884e-15
4200.8 9.6366e-15
4203.7 9.7266e-15
4206.6 9.5423e-15
4209.4 9.5680e-15
4212.3 9.5215e-15
4215.2 9.5400e-15
4218.0 9.2250e-15
4220.9 9.3225e-15
4223.8 9.2391e-15
4226.6 9.1757e-15
4229.5 8.9141e-15
4232.4 8.9058e-15
4235.2 8.8005e-15
4238.1 8.7719e-15
4241.0 8.4375e-15
4243.8 8.5411e-15
4246.7 8.1901e-15
4249.6 8.3810e-15
4252.4 7.9718e-15
4255.3 8.0095e-15
4258.2 8.0216e-15
4261.0 7.8449e-15
4263.9 7.8915e-15
4266.8 7.8220e-15
4269.6 7.8404e-15
4272.5 7.9047e-15
4275.4 7.6470e-15
4278.2 7.7544e-15
4281.1 7.6611e-15
4284.0 7.5858e-15
4286.8 7.5726e-15
4289.7 7.5865e-15
4292.6 7.5374e-15
4295.4 7.5252e-15
4298.3 7.5166e-15
4301.2 7.4920e-15
4304.0 7.3184e-15
4306.9 7.2059e-15
4309.8 7.1958e-15
4312.6 7.2414e-15
4315.5 7.0199e-15
4318.4 7.0119e-15
4321.2 6.9388e-15
4324.1 6.8331e-15
4327.0 6.9406e-15
4329.8 6.9657e-15
4332.7 6.8450e-15
4335.6 6.8117e-15
4338.4 6.8124e-15
4341.3 6.7767e-15
4344.2 6.8225e-15
4347.0 6.7819e-15
4349.9 6.8341e-15
4352.8 6.8464e-15
4355.6 6.9588e-15
4358.5 6.8641e-15
4361.4 6.9770e-15
4364.2 6.9884e-15
4367.1 6.9670e-15
4370.0 7.0924e-15
4372.8 7.2423e-15
4375.7 7.0640e-15
4378.6 7.1647e-15
4381.4 7.2764e-15
4384.3 7.4498e-15
4387.2 7.4521e-15
4390.0 7.5394e-15
4392.9 7.3890e-15
4395.8 7.7101e-15
4398.6 7.5949e-15
4401.5 7.7406e-15
4404.3 7.7929e-15
4407.2 7.6802e-15
4410.1 7.7862e-15
4412.9 7.9940e-15
4415.8 7.8697e-15
4418.7 7.9071e-15
4421.5 7.9459e-15
4424.4 7.7476e-15
4427.3 7.7017e-15
4430.1 7.7402e-15
4433.0 7.5659e-15
4435.9 7.3955e-15
4438.7 7.1031e-15
4441.6 7.0588e-15
4444.5 6.8711e-15
4447.3 6.7800e-15
4450.2 6.6815e-15
4453.1 6.4015e-15
4455.9 6.5728e-15
4458.8 6.3661e-15
4461.7 6.4485e-15
4464.5 6.4545e-15
4467.4 6.3250e-15
4470.3 6.4166e-15
4473.1 6.4686e-15
4476.0 6.5706e-15
4478.9 6.4949e-15
4481.7 6.6433e-15
4484.6 6.6935e-15
4487.5 6.9138e-15
4490.3 6.9163e-15
4493.2 6.9175e-15
4496.1 7.0968e-15
4498.9 7.1672e-15
4501.8 7.1983e-15
4504.7 7.3238e-15
4507.5 7.3850e-15
4510.4 7.5476e-15
4513.3 7.6454e-15
4516.1 7.6744e-15
4519.0 7.6822e-15
4521.9 7.7474e-15
4524.7 7.8343e-15
4527.6 7.8338e-15
4530.5 7.7904e-15
4533.3 7.7299e-15
4536.2 7.7235e-15
4539.1 7.5603e-15
4541.9 7.5493e-15
4544.8 7.5606e-15
4547.7 7.5595e-15
4550.5 7.6990e-15
4553.4 7.6241e-15
4556.3 7.5914e-15
4559.1 7.6261e-15
4562.0 7.7449e-15
4564.9 7.6690e-15
4567.7 7.8000e-15
4570.6 7.7162e-15
4573.5 7.7337e-15
4576.3 7.6024e-15
4579.2 7.6170e-15
4582.1 7.5261e-15
4584.9 7.5738e-15
4587.8 7.5885e-15
4590.7 7.5291e-15
4593.5 7.5413e-15
4596.4 7.6521e-15
4599.3 7.6074e-15
4602.1 7.5285e-15
4605.0 7.5608e-15
4607.9 7.6680e-15
4610.7 7.6361e-15
4613.6 7.5703e-15
4616.5 7.5678e-15
4619.3 7.6771e-15
4622.2 7.7539e-15
4625.1 7.6974e-15
4627.9 7.7174e-15
4630.8 7.8429e-15
4633.7 7.8021e-15
4636.5 7.8658e-15
4639.4 7.7597e-15
4642.3 8.0726e-15
4645.1 7.7747e-15
4648.0 7.7852e-15
4650.9 7.9464e-15
4653.7 7.7251e-15
4656.6 7.6994e-15
4659.5 7.7911e-15
4662.3 7.8343e-15
4665.2 7.6725e-15
4668.1 7.5958e-15
4670.9 7.4068e-15
4673.8 7.4114e-15
4676.7 7.3506e-15
4679.5 7.2893e-15
4682.4 7.1641e-15
4685.3 6.9579e-15
4688.1 6.9229e-15
4691.0 6.8356e-15
4693.9 6.8340e-15
4696.7 6.8046e-15
4699.6 6.6966e-15
4702.5 6.5617e-15
4705.3 6.7160e-15
4708.2 6.4972e-15
4711.1 6.5359e-15
4713.9 6.4154e-15
4716.8 6.4782e-15
4719.6 6.3003e-15
4722.5 6.3723e-15
4725.4 6.4154e-15
4728.2 6.4785e-15
4731.1 6.4146e-15
4734.0 6.3029e-15
4736.8 6.3161e-15
4739.7 6.3201e-15
4742.6 6.4338e-15
4745.4 6.4179e-15
4748.3 6.3898e-15
4751.2 6.4185e-15
4754.0 6.4016e-15
4756.9 6.4502e-15
4759.8 6.4580e-15
4762.6 6.4182e-15
4765.5 6.3994e-15
4768.4 6.4249e-15
4771.2 6.1779e-15
4774.1 6.2042e-15
4777.0 6.2488e-15
4779.8 6.1132e-15
4782.7 6.2690e-15
4785.6 6.0765e-15
4788.4 6.0788e-15
4791.3 5.9730e-15
4794.2 6.0853e-15
4797.0 6.0740e-15
4799.9 6.1720e-15
4802.8 6.0968e-15
4805.6 6.0948e-15
4808.5 6.1305e-15
4811.4 6.1669e-15
4814.2 6.2295e-15
4817.1 6.2184e-15
4820.0 6.3018e-15
4822.8 6.3306e-15
4825.7 6.3540e-15
4828.6 6.3860e-15
4831.4 6.3730e-15
4834.3 6.3467e-15
4837.2 6.2389e-15
4840.0 6.2266e-15
4842.9 6.1839e-15
4845.8 6.1772e-15
4848.6 6.1733e-15
4851.5 6.1107e-15
4854.4 6.1988e-15
4857.2 5.9795e-15
4860.1 5.8844e-15
4863.0 5.9067e-15
4865.8 5.7816e-15
4868.7 5.7786e-15
4871.6 5.6700e-15
4874.4 5.5200e-15
4877.3 5.5637e-15
4880.2 5.5405e-15
4883.0 5.3511e-15
4885.9 5.2907e-15
4888.8 5.2189e-15
4891.6 5.0724e-15
4894.5 5.1663e-15
4897.4 5.0245e-15
4900.2 5.0101e-15
4903.1 4.9687e-15
4906.0 5.0330e-15
4908.8 4.8550e-15
4911.7 4.8286e-15
4914.6 4.9572e-15
4917.4 4.8276e-15
4920.3 4.9321e-15
4923.2 4.9807e-15
4926.0 4.9641e-15
4928.9 4.8905e-15
4931.8 4.8917e-15
4934.6 4.9490e-15
4937.5 5.1579e-15
4940.4 4.9342e-15
4943.2 4.9847e-15
4946.1 5.0966e-15
4949.0 4.8895e-15
4951.8 4.9839e-15
4954.7 4.9902e-15
4957.6 4.9429e-15
4960.4 5.0371e-15
4963.3 4.9625e-15
4966.2 5.0940e-15
4969.0 5.0268e-15
4971.9 5.0897e-15
4974.8 5.1339e-15
4977.6 5.1332e-15
4980.5 5.1456e-15
4983.4 5.1753e-15
4986.2 5.0795e-15
4989.1 5.0854e-15
4992.0 5.1603e-15
4994.8 4.9913e-15
4997.7 5.1038e-15
5000.6 5.2113e-15
5003.4 5.0242e-15
5006.3 5.0614e-15
5009.2 5.0075e-15
5012.0 5.0035e-15
5014.9 5.0379e-15
5017.8 4.9695e-15
5020.6 4.9828e-15
5023.5 4.9681e-15
5026.4 4.9756e-15
5029.2 5.0087e-15
5032.1 5.0245e-15
5035.0 4.8981e-15
5037.8 4.9080e-15
5040.7 4.9285e-15
5043.5 5.0069e-15
5046.4 5.0105e-15
5049.3 4.9482e-15
5052.1 5.0583e-15
5055.0 5.0272e-15
5057.9 5.1051e-15
5060.7 5.0170e-15
5063.6 5.0701e-15
5066.5 5.0743e-15
5069.3 5.0664e-15
5072.2 5.1083e-15
5075.1 5.2195e-15
5077.9 5.2589e-15
5080.8 5.3378e-15
5083.7 5.3508e-15
5086.5 5.4221e-15
5089.4 5.4864e-15
5092.3 5.3425e-15
5095.1 5.3853e-15
5098.0 5.3293e-15
5100.9 5.3305e-15
5103.7 5.5344e-15
5106.6 5.5798e-15
5109.5 6.4549e-15
5112.3 5.4281e-15
5115.2 5.5429e-15
5118.1 6.1775e-15
5120.9 5.7883e-15
5123.8 5.6404e-15
5126.7 5.7226e-15
5129.5 5.7057e-15
5132.4 5.6523e-15
5135.3 5.7645e-15
5138.1 5.8135e-15
5141.0 5.7648e-15
5143.9 5.7719e-15
5146.7 5.9080e-15
5149.6 5.9701e-15
5152.5 5.8103e-15
5155.3 6.0048e-15
5158.2 5.9045e-15
5161.1 5.8700e-15
5163.9 5.9983e-15
5166.8 6.0593e-15
5169.7 5.9026e-15
5172.5 5.8428e-15
5175.4 5.9560e-15
5178.3 5.7963e-15
5181.1 5.9025e-15
5184.0 5.8159e-15
5186.9 5.8000e-15
5189.7 5.7728e-15
5192.6 5.8268e-15
5195.5 5.8831e-15
5198.3 5.8153e-15
5201.2 5.8559e-15
5204.1 5.8623e-15
5206.9 5.8489e-15
5209.8 5.7584e-15
5212.7 5.7048e-15
5215.5 5.9166e-15
5218.4 5.8320e-15
5221.3 5.7347e-15
5224.1 5.8756e-15
5227.0 5.8909e-15
5229.9 5.8481e-15
5232.7 5.9117e-15
5235.6 5.8035e-15
5238.5 5.7581e-15
5241.3 5.9352e-15
5244.2 5.7939e-15
5247.1 5.8092e-15
5249.9 5.7370e-15
5252.8 5.7394e-15
5255.7 5.6248e-15
5258.5 5.7180e-15
5261.4 5.6503e-15
5264.3 5.5173e-15
5267.1 5.4312e-15
5270.0 5.3199e-15
5272.9 5.3781e-15
5275.7 5.2862e-15
5278.6 5.0990e-15
5281.5 4.9865e-15
5284.3 4.8944e-15
5287.2 4.9468e-15
5290.1 4.7270e-15
5292.9 4.7012e-15
5295.8 4.6166e-15
5298.7 4.5106e-15
5301.5 4.5955e-15
5304.4 4.3947e-15
5307.3 4.4991e-15
5310.1 4.4285e-15
5313.0 4.3467e-15
5315.9 4.3446e-15
5318.7 4.3412e-15
5321.6 4.2587e-15
5324.5 4.3350e-15
5327.3 4.3429e-15
5330.2 4.3820e-15
5333.1 4.2387e-15
5335.9 4.3641e-15
5338.8 4.3127e-15
5341.7 4.3477e-15
5344.5 4.3708e-15
5347.4 4.3660e-15
5350.3 4.3334e-15
5353.1 4.3337e-15
5356.0 4.4228e-15
5358.9 4.4551e-15
5361.7 4.3663e-15
5364.6 4.3397e-15
5367.4 4.3944e-15
5370.3 4.5598e-15
5373.2 4.4234e-15
5376.0 4.4427e-15
5378.9 4.6085e-15
5381.8 4.6623e-15
5384.6 4.5250e-15
5387.5 4.5312e-15
5390.4 4.6199e-15
5393.2 4.6535e-15
5396.1 4.6708e-15
5399.0 4.6695e-15
5401.8 4.7535e-15
5404.7 4.7253e-15
5407.6 4.6350e-15
5410.4 4.6734e-15
5413.3 4.7510e-15
5416.2 4.7177e-15
5419.0 4.8442e-15
5421.9 4.6233e-15
5424.8 4.6453e-15
5427.6 4.6627e-15
5430.5 4.6095e-15
5433.4 4.7323e-15
5436.2 4.7264e-15
5439.1 4.6427e-15
5442.0 4.6507e-15
5444.8 4.6422e-15
5447.7 4.6148e-15
5450.6 4.5725e-15
5453.4 4.5900e-15
5456.3 4.4725e-15
5459.2 4.3644e-15
5462.0 4.3489e-15
5464.9 4.3794e-15
5467.8 4.2676e-15
5470.6 4.2811e-15
5473.5 4.1850e-15
5476.4 4.1574e-15
5479.2 4.2472e-15
5482.1 4.1256e-15
5485.0 4.1369e-15
5487.8 4.1388e-15
5490.7 4.0419e-15
5493.6 3.9599e-15
5496.4 4.0389e-15
5499.3 3.9980e-15
5502.2 4.0182e-15
5505.0 4.0632e-15
5507.9 4.0378e-15
5510.8 3.9706e-15
5513.6 3.9705e-15
5516.5 4.0455e-15
5519.4 4.1956e-15
5522.2 4.1407e-15
5525.1 4.2681e-15
5528.0 4.3803e-15
5530.8 4.3626e-15
5533.7 4.3759e-15
5536.6 4.3497e-15
5539.4 4.4031e-15
5542.3 4.4289e-15
5545.2 4.4646e-15
5548.0 4.4586e-15
5550.9 4.3558e-15
5553.8 4.5444e-15
5556.6 4.5133e-15
5559.5 4.6309e-15
5562.4 4.5823e-15
5565.2 4.4408e-15
5568.1 4.5675e-15
5571.0 4.5573e-15
5573.8 4.5939e-15
5576.7 4.6521e-15
5579.6 4.5678e-15
5582.4 4.5962e-15
5585.3 4.4571e-15
5588.2 4.5405e-15
5591.0 4.5376e-15
5593.9 4.4398e-15
5596.8 4.4835e-15
5599.6 4.3222e-15
5602.5 4.4450e-15
5605.4 4.4927e-15
5608.2 4.7949e-15
5611.1 4.4566e-15
5614.0 4.7076e-15
5616.8 4.6170e-15
5619.7 4.3658e-15
5622.6 4.3740e-15
5625.4 4.3102e-15
5628.3 4.4247e-15
5631.2 4.3739e-15
5634.0 4.3951e-15
5636.9 4.3198e-15
5639.8 4.4929e-15
5642.6 4.5367e-15
5645.5 4.4723e-15
5648.4 4.5886e-15
5651.2 4.5426e-15
5654.1 4.5254e-15
5657.0 4.6356e-15
5659.8 4.5072e-15
5662.7 4.5123e-15
5665.6 4.6033e-15
5668.4 4.6017e-15
5671.3 4.6443e-15
5674.2 4.6785e-15
5677.0 4.6350e-15
5679.9 4.6512e-15
5682.7 4.8001e-15
5685.6 4.6525e-15
5688.5 4.5328e-15
5691.3 4.7353e-15
5694.2 4.8657e-15
5697.1 4.7112e-15
5699.9 4.7181e-15
5702.8 4.6884e-15
5705.7 4.7413e-15
5708.5 4.6919e-15
5711.4 4.6560e-15
5714.3 4.6937e-15
5717.1 4.7814e-15
5720.0 4.8057e-15
5722.9 4.7176e-15
5725.7 4.7390e-15
5728.6 4.7456e-15
5731.5 4.7154e-15
5734.3 4.6218e-15
5737.2 4.8039e-15
5740.1 4.5748e-15
5742.9 4.6211e-15
5745.8 4.5658e-15
5748.7 4.6853e-15
5751.5 4.6228e-15
5754.4 4.6368e-15
5757.3 4.6015e-15
5760.1 4.5868e-15
5763.0 4.5750e-15
5765.9 4.5654e-15
5768.7 4.4681e-15
5771.6 4.5697e-15
5774.5 4.5225e-15
5777.3 4.4271e-15
5780.2 4.4040e-15
5783.1 4.5691e-15
5785.9 4.4166e-15
5788.8 4.2921e-15
5791.7 4.4106e-15
5794.5 4.4609e-15
5797.4 4.4062e-15
5800.3 4.3524e-15
5803.1 4.3654e-15
5806.0 4.4095e-15
5808.9 4.3229e-15
5811.7 4.3188e-15
5814.6 4.2628e-15
5817.5 4.2917e-15
5820.3 4.2899e-15
5823.2 4.2847e-15
5826.1 4.2821e-15
5828.9 4.3291e-15
5831.8 4.2975e-15
5834.7 4.3550e-15
5837.5 4.3058e-15
5840.4 4.3016e-15
5843.3 4.3417e-15
5846.1 4.3182e-15
5849.0 4.3262e-15
5851.9 4.2880e-15
5854.7 4.2177e-15
5857.6 4.3019e-15
5860.5 4.4236e-15
5863.3 4.3141e-15
5866.2 4.2705e-15
5869.1 4.3274e-15
5871.9 4.2751e-15
5874.8 4.2392e-15
5877.7 4.2527e-15
5880.5 4.2631e-15
5883.4 4.1815e-15
5886.3 4.1827e-15
5889.1 4.0331e-15
5892.0 4.0169e-15
5894.9 4.1593e-15
5897.7 4.0555e-15
5900.6 4.1501e-15
5903.5 4.1757e-15
5906.3 4.1863e-15
5909.2 4.2015e-15
5912.1 4.2236e-15
5914.9 4.2177e-15
5917.8 4.2445e-15
5920.7 4.2732e-15
5923.5 4.2536e-15
5926.4 4.2743e-15
5929.3 4.2149e-15
5932.1 4.2143e-15
5935.0 4.3141e-15
5937.9 4.1583e-15
5940.7 4.2148e-15
5943.6 4.2117e-15
5946.5 4.1882e-15
5949.3 4.2335e-15
5952.2 4.2144e-15
5955.1 4.1690e-15
5957.9 4.0981e-15
5960.8 4.1838e-15
5963.7 4.2843e-15
5966.5 4.0736e-15
5969.4 4.1267e-15
5972.3 4.2452e-15
5975.1 4.2006e-15
5978.0 4.2349e-15
5980.9 4.1332e-15
5983.7 4.1893e-15
5986.6 4.1170e-15
5989.5 4.1060e-15
5992.3 4.2007e-15
5995.2 4.1774e-15
5998.1 4.1155e-15
6000.9 4.0296e-15
6003.8 4.0456e-15
6006.6 4.0387e-15
6009.5 3.9500e-15
6012.4 4.0374e-15
6015.2 3.9616e-15
6018.1 4.0311e-15
6021.0 4.0554e-15
6023.8 4.0743e-15
6026.7 3.9764e-15
6029.6 3.9716e-15
6032.4 3.9087e-15
6035.3 3.8884e-15
6038.2 3.9629e-15
6041.0 3.9452e-15
6043.9 3.9257e-15
6046.8 3.9338e-15
6049.6 3.8099e-15
6052.5 3.8556e-15
6055.4 3.9315e-15
6058.2 3.7417e-15
6061.1 3.8323e-15
6064.0 3.7384e-15
6066.8 3.6829e-15
6069.7 3.6401e-15
6072.6 3.6848e-15
6075.4 3.7335e-15
6078.3 3.6121e-15
6081.2 3.6770e-15
6084.0 3.4786e-15
6086.9 3.5286e-15
6089.8 3.4926e-15
6092.6 3.5043e-15
6095.5 3.4197e-15
6098.4 3.3961e-15
6101.2 3.4072e-15
6104.1 3.4310e-15
6107.0 3.3936e-15
6109.8 3.2573e-15
6112.7 3.1713e-15
6115.6 3.1252e-15
6118.4 3.1236e-15
6121.3 3.0892e-15
6124.2 3.0026e-15
6127.0 3.0277e-15
6129.9 2.9220e-15
6132.8 3.0117e-15
6135.6 2.7586e-15
6138.5 2.7944e-15
6141.4 2.7828e-15
6144.2 2.7192e-15
6147.1 2.7544e-15
6150.0 2.6338e-15
6152.8 2.5183e-15
6155.7 2.5021e-15
6158.6 2.5496e-15
6161.4 2.4705e-15
6164.3 2.4561e-15
6167.2 2.3823e-15
6170.0 2.3910e-15
6172.9 2.3077e-15
6175.8 2.2663e-15
6178.6 2.2579e-15
6181.5 2.1906e-15
6184.4 2.1884e-15
6187.2 2.2088e-15
6190.1 2.1325e-15
6193.0 2.1637e-15
6195.8 2.2081e-15
6198.7 2.1967e-15
6201.6 2.2153e-15
6204.4 2.1415e-15
6207.3 2.2298e-15
6210.2 2.2392e-15
6213.0 2.2465e-15
6215.9 2.2621e-15
6218.8 2.2922e-15
6221.6 2.5435e-15
6224.5 2.5228e-15
6227.4 2.3722e-15
6230.2 2.5106e-15
6233.1 2.5074e-15
6236.0 2.5785e-15
6238.8 2.5977e-15
6241.7 2.5665e-15
6244.6 2.6456e-15
6247.4 2.6505e-15
6250.3 2.7445e-15
6253.2 2.8212e-15
6256.0 2.7629e-15
6258.9 2.7972e-15
6261.8 2.8957e-15
6264.6 2.7778e-15
6267.5 2.8397e-15
6270.4 2.9019e-15
6273.2 2.9019e-15
6276.1 2.8768e-15
6279.0 2.8732e-15
6281.8 2.9159e-15
6284.7 3.0147e-15
6287.6 3.0187e-15
6290.4 3.0767e-15
6293.3 3.1011e-15
6296.2 3.0992e-15
6299.0 3.1612e-15
6301.9 3.2575e-15
6304.8 3.1712e-15
6307.6 3.1710e-15
6310.5 3.2196e-15
6313.4 3.3237e-15
6316.2 3.2266e-15
6319.1 3.2549e-15
6322.0 3.3763e-15
6324.8 3.3998e-15
6327.7 3.4824e-15
6330.5 3.5014e-15
6333.4 3.4739e-15
6336.3 3.5235e-15
6339.1 3.4814e-15
6342.0 3.4616e-15
6344.9 3.4478e-15
6347.7 3.4945e-15
6350.6 3.5391e-15
6353.5 3.5131e-15
6356.3 3.4708e-15
6359.2 3.4300e-15
6362.1 3.3807e-15
6364.9 3.4315e-15
6367.8 3.4244e-15
6370.7 3.3669e-15
6373.5 3.3505e-15
6376.4 3.3445e-15
6379.3 3.3061e-15
6382.1 3.2886e-15
6385.0 3.2630e-15
6387.9 3.1748e-15
6390.7 3.2593e-15
6393.6 3.2978e-15
6396.5 3.2937e-15
6399.3 3.3284e-15
6402.2 3.2733e-15
6405.1 3.3130e-15
6407.9 3.2636e-15
6410.8 3.2053e-15
6413.7 3.2833e-15
6416.5 3.3121e-15
6419.4 3.3150e-15
6422.3 3.3328e-15
6425.1 3.3727e-15
6428.0 3.3586e-15
6430.9 3.3719e-15
6433.7 3.3467e-15
6436.6 3.3086e-15
6439.5 3.3495e-15
6442.3 3.3393e-15
6445.2 3.3307e-15
6448.1 3.3746e-15
6450.9 3.3815e-15
6453.8 3.4504e-15
6456.7 3.3644e-15
6459.5 3.4679e-15
6462.4 3.3087e-15
6465.3 3.3650e-15
6468.1 3.3823e-15
6471.0 3.3804e-15
6473.9 3.4123e-15
6476.7 3.3656e-15
6479.6 3.3818e-15
6482.5 3.3844e-15
6485.3 3.2914e-15
6488.2 3.3912e-15
6491.1 3.3179e-15
6493.9 3.4313e-15
6496.8 3.3375e-15
6499.7 3.4375e-15
6502.5 3.4548e-15
6505.4 3.4038e-15
6508.3 3.2580e-15
6511.1 3.4100e-15
6514.0 3.3027e-15
6516.9 3.3248e-15
6519.7 3.3113e-15
6522.6 3.2924e-15
6525.5 3.3031e-15
6528.3 3.3080e-15
6531.2 3.3083e-15
6534.1 3.3176e-15
6536.9 3.2498e-15
6539.8 3.2953e-15
6542.7 3.4035e-15
6545.5 3.3330e-15
6548.4 3.2377e-15
6551.3 3.3077e-15
6554.1 3.2673e-15
6557.0 3.2118e-15
6559.9 3.2563e-15
6562.7 3.2574e-15
6565.6 3.2035e-15
6568.5 3.2351e-15
6571.3 3.1709e-15
6574.2 3.1808e-15
6577.1 3.2616e-15
6579.9 3.2129e-15
6582.8 3.2025e-15
6585.7 3.2079e-15
6588.5 3.1687e-15
6591.4 3.1568e-15
6594.3 3.1725e-15
6597.1 3.1521e-15
6600.0 3.0427e-15
6602.9 3.0868e-15
6605.7 3.1538e-15
6608.6 3.1678e-15
6611.5 3.2743e-15
6614.3 3.2307e-15
6617.2 3.2893e-15
6620.1 3.3307e-15
6622.9 3.5105e-15
6625.8 3.7071e-15
6628.7 3.3708e-15
6631.5 3.3380e-15
6634.4 3.2253e-15
6637.3 3.8072e-15
6640.1 3.6770e-15
6643.0 3.4944e-15
6645.8 3.3600e-15
6648.7 3.3967e-15
6651.6 3.2747e-15
6654.4 3.2493e-15
6657.3 3.0524e-15
6660.2 3.0156e-15
6663.0 3.1161e-15
6665.9 3.0046e-15
6668.8 3.0399e-15
6671.6 2.9529e-15
6674.5 2.9286e-15
6677.4 2.9771e-15
6680.2 3.0016e-15
6683.1 3.0629e-15
6686.0 3.0210e-15
6688.8 2.9741e-15
6691.7 2.9912e-15
6694.6 3.0024e-15
6697.4 3.0226e-15
6700.3 2.9873e-15
6703.2 2.9198e-15
6706.0 2.8978e-15
6708.9 2.9367e-15
6711.8 2.8565e-15
6714.6 2.9407e-15
6717.5 2.9448e-15
6720.4 2.8243e-15
6723.2 2.8499e-15
6726.1 2.9856e-15
6729.0 2.9564e-15
6731.8 2.9051e-15
6734.7 2.8923e-15
6737.6 2.8780e-15
6740.4 2.9211e-15
6743.3 2.8639e-15
6746.2 2.8462e-15
6749.0 2.8822e-15
6751.9 2.8237e-15
6754.8 2.8015e-15
6757.6 2.8129e-15
6760.5 2.9578e-15
6763.4 2.8910e-15
6766.2 2.8185e-15
6769.1 2.8015e-15
6772.0 2.8460e-15
6774.8 2.8804e-15
6777.7 2.8695e-15
6780.6 2.8123e-15
6783.4 2.6950e-15
6786.3 2.7811e-15
6789.2 2.7605e-15
6792.0 2.7353e-15
6794.9 2.7255e-15
6797.8 2.6676e-15
6800.6 2.7019e-15
6803.5 2.6601e-15
6806.4 2.7010e-15
6809.2 2.7927e-15
6812.1 2.6737e-15
6815.0 2.7467e-15
6817.8 2.6940e-15
6820.7 2.6678e-15
6823.6 2.7533e-15
6826.4 2.7447e-15
6829.3 2.6916e-15
6832.2 2.7141e-15
6835.0 2.6485e-15
6837.9 2.7187e-15
6840.8 2.7470e-15
6843.6 2.5881e-15
6846.5 2.5817e-15
6849.4 2.6065e-15
6852.2 2.5925e-15
6855.1 2.6016e-15
6858.0 2.6090e-15
6860.8 2.5994e-15
6863.7 2.5707e-15
6866.6 2.5718e-15
6869.4 2.5797e-15
6872.3 2.6305e-15
6875.2 2.5812e-15
6878.0 2.5392e-15
6880.9 2.5534e-15
6883.8 2.5229e-15
6886.6 2.5476e-15
6889.5 2.5365e-15
6892.4 2.6055e-15
6895.2 2.5830e-15
6898.1 2.5722e-15
6901.0 2.4892e-15
6903.8 2.5897e-15
6906.7 2.5739e-15
6909.6 2.5098e-15
6912.4 2.5567e-15
6915.3 2.4861e-15
6918.2 2.4735e-15
6921.0 2.4719e-15
6923.9 2.4919e-15
6926.8 2.4833e-15
6929.6 2.4799e-15
6932.5 2.4885e-15
6935.4 2.4685e-15
6938.2 2.4561e-15
6941.1 2.4376e-15
6944.0 2.4226e-15
6946.8 2.4197e-15
6949.7 2.4138e-15
6952.6 2.4248e-15
6955.4 2.3946e-15
6958.3 2.3458e-15
6961.2 2.3495e-15
6964.0 2.4061e-15
6966.9 2.4472e-15
6969.7 2.3550e-15
6972.6 2.3540e-15
6975.5 2.3918e-15
6978.3 2.3635e-15
6981.2 2.3581e-15
6984.1 2.3670e-15
6986.9 2.4060e-15
6989.8 2.2786e-15
6992.7 2.2303e-15
6995.5 2.3513e-15
6998.4 2.3164e-15
7001.3 2.2780e-15
7004.1 2.3715e-15
7007.0 2.3735e-15
7009.9 2.3954e-15
7012.7 2.3029e-15
7015.6 2.3029e-15
7018.5 2.2557e-15
7021.3 2.1661e-15
7024.2 2.2126e-15
7027.1 2.2083e-15
7029.9 2.2144e-15
7032.8 2.2262e-15
7035.7 2.1990e-15
7038.5 2.2368e-15
7041.4 2.2633e-15
7044.3 2.2179e-15
7047.1 2.1710e-15
7050.0 2.1242e-15
7052.9 2.1277e-15
7055.7 2.2068e-15
7058.6 2.1218e-15
7061.5 2.2388e-15
7064.3 2.1405e-15
7067.2 2.1714e-15
7070.1 2.2162e-15
7072.9 2.2025e-15
7075.8 2.1562e-15
7078.7 2.2617e-15
7081.5 2.2263e-15
7084.4 2.2966e-15
7087.3 2.3029e-15
7090.1 2.2675e-15
7093.0 2.2080e-15
7095.9 2.2298e-15
7098.7 2.2691e-15
7101.6 2.2629e-15
7104.5 2.1828e-15
7107.3 2.1983e-15
7110.2 2.3062e-15
7113.1 2.3056e-15
7115.9 2.3425e-15
7118.8 2.3965e-15
7121.7 2.2730e-15
7124.5 2.2411e-15
7127.4 2.2879e-15
7130.3 2.2283e-15
7133.1 2.2392e-15
7136.0 2.2780e-15
7138.9 2.2364e-15
7141.7 2.3476e-15
7144.6 2.3439e-15
7147.5 2.2685e-15
7150.3 2.2970e-15
7153.2 2.2703e-15
7156.1 2.2202e-15
7158.9 2.2545e-15
7161.8 2.2973e-15
7164.7 2.3062e-15
7167.5 2.2341e-15
7170.4 2.2238e-15
7173.3 2.2649e-15
7176.1 2.2960e-15
7179.0 2.3060e-15
7181.9 2.2971e-15
7184.7 2.2867e-15
7187.6 2.2449e-15
7190.5 2.2985e-15
7193.3 2.2467e-15
7196.2 2.2204e-15
7199.1 2.2789e-15
7201.9 2.2295e-15
7204.8 2.2385e-15
7207.7 2.2418e-15
7210.5 2.1846e-15
7213.4 2.2700e-15
7216.3 2.2606e-15
7219.1 2.2764e-15
7222.0 2.2826e-15
7224.9 2.1730e-15
7227.7 2.2210e-15
7230.6 2.3091e-15
7233.5 2.2566e-15
7236.3 2.2201e-15
7239.2 2.1966e-15
7242.1 2.2726e-15
7244.9 2.2420e-15
7247.8 2.1372e-15
7250.7 2.1885e-15
7253.5 2.2400e-15
7256.4 2.2740e-15
7259.3 2.3171e-15
7262.1 2.2878e-15
7265.0 2.1815e-15
7267.9 2.0982e-15
7270.7 2.2259e-15
7273.6 2.1880e-15
7276.5 2.2475e-15
7279.3 2.3047e-15
7282.2 2.1112e-15
7285.1 2.0847e-15
7287.9 2.2252e-15
7290.8 2.0977e-15
7293.6 2.0142e-15
7296.5 2.1652e-15
7299.4 2.1983e-15
7302.2 2.1707e-15
7305.1 2.0750e-15
7308.0 2.0815e-15
7310.8 2.1018e-15
7313.7 2.0966e-15
7316.6 2.0855e-15
7319.4 2.0521e-15
7322.3 2.1167e-15
7325.2 2.1190e-15
7328.0 2.1469e-15
7330.9 2.1645e-15
7333.8 2.0820e-15
7336.6 2.0499e-15
7339.5 2.0937e-15
7342.4 2.0748e-15
7345.2 2.0768e-15
7348.1 2.0874e-15
7351.0 2.0472e-15
7353.8 2.1403e-15
7356.7 2.1646e-15
7359.6 2.1262e-15
7362.4 2.1029e-15
7365.3 2.0508e-15
7368.2 1.9487e-15
7371.0 2.0534e-15
7373.9 2.0670e-15
7376.8 2.0715e-15
7379.6 2.1109e-15
7382.5 2.1406e-15
7385.4 2.1414e-15
7388.2 2.0114e-15
7391.1 2.0695e-15
7394.0 2.1394e-15
7396.8 2.0404e-15
7399.7 1.9893e-15
7402.6 2.1713e-15
7405.4 2.1380e-15
7408.3 2.0577e-15
7411.2 2.1016e-15
7414.0 2.0975e-15
7416.9 2.0945e-15
7419.8 2.0397e-15
7422.6 2.0389e-15
7425.5 2.0894e-15
7428.4 2.1115e-15
7431.2 2.0354e-15
7434.1 2.0329e-15
7437.0 2.0494e-15
7439.8 2.0448e-15
7442.7 2.0407e-15
7445.6 2.0835e-15
7448.4 2.1225e-15
7451.3 2.0520e-15
7454.2 2.0253e-15
7457.0 1.9937e-15
7459.9 2.0465e-15
7462.8 2.0438e-15
7465.6 2.0583e-15
7468.5 2.1064e-15
7471.4 2.1712e-15
7474.2 2.1548e-15
7477.1 2.1286e-15
7480.0 1.9235e-15
7482.8 2.0222e-15
7485.7 2.1095e-15
7488.6 2.1259e-15
7491.4 2.0493e-15
7494.3 2.0512e-15
7497.2 2.1258e-15
7500.0 2.0215e-15
7502.9 2.0238e-15
7505.8 1.9932e-15
7508.6 1.9581e-15
7511.5 2.0327e-15
7514.4 2.0099e-15
7517.2 1.8888e-15
7520.1 1.9235e-15
7523.0 2.0183e-15
7525.8 2.0577e-15
7528.7 2.1194e-15
7531.6 1.9979e-15
7534.4 1.9953e-15
7537.3 1.9831e-15
7540.2 1.9914e-15
7543.0 1.8769e-15
7545.9 1.8629e-15
7548.8 1.9962e-15
7551.6 1.9534e-15
7554.5 1.9190e-15
7557.4 1.9237e-15
7560.2 1.9420e-15
7563.1 1.8535e-15
7566.0 1.8671e-15
7568.8 1.8976e-15
7571.7 1.9262e-15
7574.6 1.8711e-15
7577.4 1.9334e-15
7580.3 1.8897e-15
7583.2 1.8585e-15
7586.0 1.8861e-15
7588.9 1.9649e-15
7591.8 1.8753e-15
7594.6 1.8354e-15
7597.5 1.8609e-15
7600.4 1.8313e-15
7603.2 1.7989e-15
7606.1 1.8095e-15
7608.9 1.8500e-15
7611.8 1.9059e-15
7614.7 1.8588e-15
7617.5 1.8067e-15
7620.4 1.7418e-15
7623.3 1.8126e-15
7626.1 1.9350e-15
7629.0 1.9553e-15
7631.9 1.8610e-15
7634.7 1.8535e-15
7637.6 1.8466e-15
7640.5 1.7874e-15
7643.3 1.8872e-15
7646.2 1.8851e-15
7649.1 1.8065e-15
7651.9 1.9719e-15
7654.8 1.9581e-15
7657.7 1.8667e-15
7660.5 2.0026e-15
7663.4 1.9612e-15
7666.3 1.8821e-15
7669.1 1.9381e-15
7672.0 1.9380e-15
7674.9 1.8793e-15
7677.7 1.8773e-15
7680.6 1.8941e-15
7683.5 1.9842e-15
7686.3 2.0342e-15
7689.2 1.8619e-15
7692.1 1.9227e-15
7694.9 1.9686e-15
7697.8 1.8981e-15
7700.7 1.9549e-15
7703.5 1.9099e-15
7706.4 1.9316e-15
7709.3 1.9543e-15
7712.1 1.8965e-15
7715.0 1.8952e-15
7717.9 1.9951e-15
7720.7 1.9692e-15
7723.6 1.8920e-15
7726.5 1.9073e-15
7729.3 1.9853e-15
7732.2 1.9787e-15
7735.1 1.9093e-15
7737.9 1.9036e-15
7740.8 1.9764e-15
7743.7 2.0156e-15
7746.5 2.0207e-15
7749.4 2.0702e-15
7752.3 1.9879e-15
7755.1 1.8878e-15
7758.0 1.9518e-15
7760.9 1.9470e-15
7763.7 2.0486e-15
7766.6 2.0952e-15
7769.5 2.0219e-15
7772.3 1.9935e-15
7775.2 1.9912e-15
7778.1 1.9868e-15
7780.9 1.8329e-15
7783.8 1.8474e-15
7786.7 2.0087e-15
7789.5 1.9625e-15
7792.4 2.0512e-15
7795.3 2.0194e-15
7798.1 1.8860e-15
7801.0 1.9534e-15
7803.9 1.9523e-15
7806.7 1.9417e-15
7809.6 1.8787e-15
7812.5 1.9695e-15
7815.3 2.0368e-15
7818.2 1.9168e-15
7821.1 1.9651e-15
7823.9 1.9758e-15
7826.8 1.9608e-15
7829.7 1.9794e-15
7832.5 2.0287e-15
7835.4 2.0853e-15
7838.3 2.0018e-15
7841.1 2.0300e-15
7844.0 1.9419e-15
7846.9 1.9046e-15
7849.7 1.9675e-15
7852.6 2.0773e-15
7855.5 2.0672e-15
7858.3 1.9981e-15
7861.2 1.9850e-15
7864.1 2.0481e-15
7866.9 1.9489e-15
7869.8 1.8974e-15
7872.7 1.9898e-15
7875.5 2.0457e-15
7878.4 2.0994e-15
7881.3 2.0971e-15
7884.1 2.0874e-15
7887.0 1.9505e-15
7889.9 1.9472e-15
7892.7 2.0005e-15
7895.6 1.9749e-15
7898.5 1.9939e-15
7901.3 1.9756e-15
7904.2 1.9826e-15
7907.1 1.9989e-15
7909.9 1.9215e-15
7912.8 1.9345e-15
7915.7 1.9604e-15
7918.5 1.9381e-15
7921.4 1.9677e-15
7924.3 1.8091e-15
7927.1 1.9143e-15
7930.0 1.8253e-15
7932.8 1.8554e-15
7935.7 1.9437e-15
7938.6 1.7577e-15
7941.4 1.7431e-15
7944.3 1.8253e-15
7947.2 1.7930e-15
7950.0 1.8402e-15
7952.9 1.8226e-15
7955.8 1.7329e-15
7958.6 1.8238e-15
7961.5 1.7274e-15
7964.4 1.6711e-15
7967.2 1.7336e-15
7970.1 1.7565e-15
7973.0 1.8068e-15
7975.8 1.6377e-15
7978.7 1.7268e-15
7981.6 1.7418e-15
7984.4 1.6842e-15
7987.3 1.7843e-15
7990.2 1.7262e-15
7993.0 1.6695e-15
7995.9 1.6483e-15
7998.8 1.5685e-15
8001.6 1.6193e-15
8004.5 1.5851e-15
8007.4 1.6170e-15
8010.2 1.5490e-15
8013.1 1.4855e-15
8016.0 1.5454e-15
8018.8 1.5422e-15
8021.7 1.5021e-15
8024.6 1.4901e-15
8027.4 1.4874e-15
8030.3 1.5078e-15
8033.2 1.5216e-15
8036.0 1.4694e-15
8038.9 1.4989e-15
8041.8 1.4634e-15
8044.6 1.4345e-15
8047.5 1.4621e-15
8050.4 1.3677e-15
8053.2 1.3908e-15
8056.1 1.3626e-15
8059.0 1.5021e-15
8061.8 1.4614e-15
8064.7 1.3902e-15
8067.6 1.4677e-15
8070.4 1.4112e-15
8073.3 1.3681e-15
8076.2 1.4363e-15
8079.0 1.4019e-15
8081.9 1.4412e-15
8084.8 1.4435e-15
8087.6 1.5507e-15
8090.5 1.5042e-15
8093.4 1.4567e-15
8096.2 1.4254e-15
8099.1 1.4169e-15
8102.0 1.3826e-15
8104.8 1.4097e-15
8107.7 1.4791e-15
8110.6 1.3838e-15
8113.4 1.4569e-15
8116.3 1.4418e-15
8119.2 1.3881e-15
8122.0 1.4991e-15
8124.9 1.4796e-15
8127.8 1.3862e-15
8130.6 1.4670e-15
8133.5 1.5361e-15
8136.4 1.4946e-15
8139.2 1.4786e-15
8142.1 1.4298e-15
8145.0 1.4221e-15
8147.8 1.4171e-15
8150.7 1.4713e-15
8153.6 1.3084e-15
8156.4 1.4483e-15
8159.3 1.4910e-15
8162.2 1.4942e-15
8165.0 1.5089e-15
8167.9 1.5050e-15
8170.8 1.4846e-15
8173.6 1.4566e-15
8176.5 1.4040e-15
8179.4 1.4218e-15
8182.2 1.5174e-15
8185.1 1.6205e-15
8188.0 1.5221e-15
8190.8 1.4224e-15
8193.7 1.4626e-15
8196.6 1.6158e-15
8199.4 1.5592e-15
8202.3 1.4601e-15
8205.2 1.5344e-15
8208.0 1.5702e-15
8210.9 1.5531e-15
8213.8 1.5307e-15
8216.6 1.4741e-15
8219.5 1.5483e-15
8222.4 1.5861e-15
8225.2 1.6046e-15
8228.1 1.4884e-15
8231.0 1.6089e-15
8233.8 1.5600e-15
8236.7 1.4697e-15
8239.6 1.4579e-15
8242.4 1.4168e-15
8245.3 1.4496e-15
8248.2 1.4095e-15
8251.0 1.3878e-15
8253.9 1.4030e-15
8256.7 1.4897e-15
8259.6 1.5218e-15
8262.5 1.4158e-15
8265.3 1.4073e-15
8268.2 1.4411e-15
8271.1 1.3838e-15
8273.9 1.4552e-15
8276.8 1.4873e-15
8279.7 1.3443e-15
8282.5 1.3400e-15
8285.4 1.3532e-15
8288.3 1.4308e-15
8291.1 1.5262e-15
8294.0 1.3724e-15
8296.9 1.3474e-15
8299.7 1.3464e-15
8302.6 1.3666e-15
8305.5 1.3389e-15
8308.3 1.3321e-15
8311.2 1.3968e-15
8314.1 1.3029e-15
8316.9 1.3641e-15
8319.8 1.3784e-15
8322.7 1.3894e-15
8325.5 1.3353e-15
8328.4 1.2117e-15
8331.3 1.2286e-15
8334.1 1.2566e-15
8337.0 1.2809e-15
8339.9 1.2603e-15
8342.7 1.2394e-15
8345.6 1.3951e-15
8348.5 1.2804e-15
8351.3 1.2834e-15
8354.2 1.3006e-15
8357.1 1.3707e-15
8359.9 1.3287e-15
8362.8 1.2869e-15
8365.7 1.3091e-15
8368.5 1.2913e-15
8371.4 1.3277e-15
8374.3 1.3285e-15
8377.1 1.2096e-15
8380.0 1.1967e-15
8382.9 1.2891e-15
8385.7 1.2876e-15
8388.6 1.2923e-15
8391.5 1.3203e-15
8394.3 1.2955e-15
8397.2 1.2322e-15
8400.1 1.2205e-15
8402.9 1.1809e-15
8405.8 1.1837e-15
8408.7 1.2474e-15
8411.5 1.2694e-15
8414.4 1.2967e-15
8417.3 1.3142e-15
8420.1 1.2515e-15
8423.0 1.2211e-15
8425.9 1.2090e-15
8428.7 1.1765e-15
8431.6 1.1939e-15
8434.5 1.1800e-15
8437.3 1.2532e-15
8440.2 1.2394e-15
8443.1 1.2268e-15
8445.9 1.1968e-15
8448.8 1.2184e-15
8451.7 1.2779e-15
8454.5 1.2835e-15
8457.4 1.2376e-15
8460.3 1.2533e-15
8463.1 1.2588e-15
8466.0 1.2781e-15
8468.9 1.3041e-15
8471.7 1.3660e-15
8474.6 1.3095e-15
8477.5 1.2299e-15
8480.3 1.2793e-15
8483.2 1.3834e-15
8486.1 1.3822e-15
8488.9 1.3267e-15
8491.8 1.3193e-15
8494.7 1.3167e-15
8497.5 1.3666e-15
8500.4 1.3369e-15
8503.3 1.3712e-15
8506.1 1.3905e-15
8509.0 1.3737e-15
8511.9 1.3675e-15
8514.7 1.3695e-15
8517.6 1.3772e-15
8520.5 1.3866e-15
8523.3 1.3806e-15
8526.2 1.3670e-15
8529.1 1.3969e-15
8531.9 1.3938e-15
8534.8 1.4117e-15
8537.7 1.4266e-15
8540.5 1.3731e-15
8543.4 1.3634e-15
8546.3 1.3831e-15
8549.1 1.3922e-15
8552.0 1.3980e-15
8554.9 1.3795e-15
8557.7 1.4397e-15
8560.6 1.4458e-15
8563.5 1.4453e-15
8566.3 1.4864e-15
8569.2 1.4164e-15
8572.0 1.3551e-15
8574.9 1.4292e-15
8577.8 1.4370e-15
8580.6 1.3930e-15
8583.5 1.4724e-15
8586.4 1.5239e-15
8589.2 1.4682e-15
8592.1 1.3859e-15
8595.0 1.3535e-15
8597.8 1.4100e-15
8600.7 1.4672e-15
8603.6 1.4397e-15
8606.4 1.5188e-15
8609.3 1.4681e-15
8612.2 1.5338e-15
8615.0 1.4714e-15
8617.9 1.4110e-15
8620.8 1.5396e-15
8623.6 1.5612e-15
8626.5 1.4623e-15
8629.4 1.4938e-15
8632.2 1.5081e-15
8635.1 1.3965e-15
8638.0 1.4875e-15
8640.8 1.5559e-15
8643.7 1.5158e-15
8646.6 1.5354e-15
8649.4 1.4781e-15
8652.3 1.3893e-15
8655.2 1.4816e-15
8658.0 1.4190e-15
8660.9 1.3361e-15
8663.8 1.4716e-15
8666.6 1.4904e-15
8669.5 1.4388e-15
8672.4 1.4850e-15
8675.2 1.4971e-15
8678.1 1.4435e-15
8681.0 1.4350e-15
8683.8 1.4730e-15
8686.7 1.4536e-15
8689.6 1.3907e-15
8692.4 1.3842e-15
8695.3 1.4232e-15
8698.2 1.4229e-15
8701.0 1.4452e-15
8703.9 1.4989e-15
8706.8 1.4105e-15
8709.6 1.4064e-15
8712.5 1.4611e-15
8715.4 1.5067e-15
8718.2 1.4002e-15
8721.1 1.4023e-15
8724.0 1.4992e-15
8726.8 1.4223e-15
8729.7 1.4036e-15
8732.6 1.3970e-15
8735.4 1.3623e-15
8738.3 1.4103e-15
8741.2 1.4314e-15
8744.0 1.4733e-15
8746.9 1.5324e-15
8749.8 1.4768e-15
8752.6 1.4399e-15
8755.5 1.4141e-15
8758.4 1.4398e-15
8761.2 1.5063e-15
8764.1 1.4371e-15
8767.0 1.4161e-15
8769.8 1.4923e-15
8772.7 1.4339e-15
8775.6 1.3969e-15
8778.4 1.5127e-15
8781.3 1.5219e-15
8784.2 1.4757e-15
8787.0 1.4910e-15
8789.9 1.5512e-15
8792.8 1.4715e-15
8795.6 1.4121e-15
8798.5 1.4693e-15
8801.4 1.5390e-15
8804.2 1.4819e-15
8807.1 1.3957e-15
8810.0 1.4232e-15
8812.8 1.4521e-15
8815.7 1.4952e-15
8818.6 1.5324e-15
8821.4 1.4774e-15
8824.3 1.4204e-15
8827.2 1.5710e-15
8830.0 1.4480e-15
8832.9 1.4634e-15
8835.8 1.4011e-15
8838.6 1.3954e-15
8841.5 1.4801e-15
8844.4 1.4652e-15
8847.2 1.4027e-15
8850.1 1.5060e-15
8853.0 1.4988e-15
8855.8 1.4272e-15
8858.7 1.5407e-15
8861.6 1.5507e-15
8864.4 1.3747e-15
8867.3 1.3542e-15
8870.2 1.4413e-15
8873.0 1.4770e-15
8875.9 1.4393e-15
8878.8 1.5372e-15
8881.6 1.5364e-15
8884.5 1.5118e-15
8887.4 1.4051e-15
8890.2 1.2647e-15
8893.1 1.4268e-15
8895.9 1.6549e-15
8898.8 1.4169e-15
8901.7 1.4214e-15
8904.5 1.4589e-15
8907.4 1.4115e-15
8910.3 1.3192e-15
8913.1 1.3141e-15
8916.0 1.4339e-15
8918.9 1.3791e-15
8921.7 1.4345e-15
8924.6 1.4626e-15
8927.5 1.3246e-15
8930.3 1.2669e-15
8933.2 1.2638e-15
8936.1 1.3267e-15
8938.9 1.3896e-15
8941.8 1.3702e-15
8944.7 1.3158e-15
8947.5 1.2487e-15
8950.4 1.2475e-15
8953.3 1.3482e-15
8956.1 1.3871e-15
8959.0 1.2966e-15
8961.9 1.3383e-15
8964.7 1.1691e-15
8967.6 1.2180e-15
8970.5 1.2902e-15
8973.3 1.1552e-15
8976.2 1.1259e-15
8979.1 1.1540e-15
8981.9 1.2002e-15
8984.8 1.1991e-15
8987.7 1.0777e-15
8990.5 1.1268e-15
8993.4 1.2134e-15
8996.3 1.1968e-15
8999.1 1.0452e-15
9002.0 1.0956e-15
9004.9 1.1388e-15
9007.7 1.0748e-15
9010.6 1.1050e-15
9013.5 1.0934e-15
9016.3 1.1135e-15
9019.2 1.1632e-15
9022.1 1.1109e-15
9024.9 1.0989e-15
9027.8 1.1231e-15
9030.7 1.0554e-15
9033.5 1.1093e-15
9036.4 1.1670e-15
9039.3 1.1575e-15
9042.1 1.1702e-15
9045.0 1.2030e-15
9047.9 1.0672e-15
9050.7 1.1173e-15
9053.6 1.0885e-15
9056.5 1.1624e-15
9059.3 1.0769e-15
9062.2 9.4979e-16
9065.1 9.8398e-16
9067.9 1.0054e-15
9070.8 9.6107e-16
9073.7 7.6854e-16
9076.5 9.5366e-16
9079.4 8.6685e-16
9082.3 8.7365e-16
9085.1 9.1071e-16
9088.0 7.2005e-16
9090.9 9.1200e-16
9093.7 8.8359e-16
9096.6 7.9692e-16
9099.5 8.9879e-16
9102.3 8.7160e-16
9105.2 6.9958e-16
9108.1 6.9056e-16
9110.9 8.1280e-16
9113.8 6.9363e-16
9116.7 5.4426e-16
9119.5 5.8832e-16
9122.4 5.4964e-16
9125.3 5.5334e-16
9128.1 5.6316e-16
9131.0 4.6247e-16
9133.9 5.3885e-16
9136.7 5.8085e-16
9139.6 5.8829e-16
9142.5 5.9588e-16
9145.3 6.0364e-16
9148.2 6.1163e-16
9151.1 6.1975e-16
9153.9 6.2806e-16
9156.8 6.3649e-16
9159.7 6.4508e-16
9162.5 6.5385e-16
9165.4 6.6276e-16
9168.3 6.7185e-16
9171.1 6.8113e-16
9174.0 6.9055e-16
