3799.8 9.3794e-15
3801.6 9.7297e-15
3803.4 9.9872e-15
3805.1 9.9255e-15
3806.9 1.0128e-14
3808.7 1.0003e-14
3810.5 1.0201e-14
3812.2 1.0281e-14
3814.0 1.0245e-14
3815.8 1.0157e-14
3817.6 1.0236e-14
3819.4 1.0493e-14
3821.1 1.0066e-14
3822.9 9.8135e-15
3824.7 9.9873e-15
3826.5 9.8107e-15
3828.3 9.8206e-15
3830.0 1.0283e-14
3831.8 1.0546e-14
3833.6 9.9480e-15
3835.4 9.7198e-15
3837.2 9.9897e-15
3838.9 9.9054e-15
3840.7 9.6055e-15
3842.5 9.7097e-15
3844.3 9.7163e-15
3846.1 1.0083e-14
3847.8 9.9578e-15
3849.6 1.0137e-14
3851.4 1.0085e-14
3853.2 1.0172e-14
3854.9 1.0117e-14
3856.7 1.0411e-14
3858.5 1.0403e-14
3860.3 1.0446e-14
3862.1 1.0432e-14
3863.8 1.0528e-14
3865.6 1.0669e-14
3867.4 1.0912e-14
3869.2 1.1003e-14
3871.0 1.0965e-14
3872.7 1.1293e-14
3874.5 1.1857e-14
3876.3 1.2096e-14
3878.1 1.1887e-14
3879.9 1.2139e-14
3881.6 1.2254e-14
3883.4 1.2753e-14
3885.2 1.3244e-14
3887.0 1.3264e-14
3888.8 1.3349e-14
3890.5 1.3362e-14
3892.3 1.3525e-14
3894.1 1.4341e-14
3895.9 1.4087e-14
3897.6 1.4288e-14
3899.4 1.4374e-14
3901.2 1.4248e-14
3903.0 1.4599e-14
3904.8 1.4980e-14
3906.5 1.5456e-14
3908.3 1.5411e-14
3910.1 1.5751e-14
3911.9 1.5738e-14
3913.7 1.5973e-14
3915.4 1.6070e-14
3917.2 1.6113e-14
3919.0 1.6087e-14
3920.8 1.6037e-14
3922.6 1.6659e-14
3924.3 1.6462e-14
3926.1 1.6513e-14
3927.9 1.6768e-14
3929.7 1.6657e-14
3931.5 1.6371e-14
3933.2 1.6399e-14
3935.0 1.6672e-14
3936.8 1.6470e-14
3938.6 1.6976e-14
3940.4 1.6969e-14
3942.1 1.6994e-14
3943.9 1.7911e-14
3945.7 1.7454e-14
3947.5 1.7622e-14
3949.2 1.8031e-14
3951.0 1.8023e-14
3952.8 1.7859e-14
3954.6 1.7669e-14
3956.4 1.8311e-14
3958.1 1.8299e-14
3959.9 1.8519e-14
3961.7 1.8063e-14
3963.5 1.7825e-14
3965.3 1.8630e-14
3967.0 1.8572e-14
3968.8 1.8288e-14
3970.6 1.8657e-14
3972.4 1.9149e-14
3974.2 1.9038e-14
3975.9 1.8589e-14
3977.7 1.8974e-14
3979.5 1.9250e-14
3981.3 1.9512e-14
3983.1 1.9328e-14
3984.8 1.9424e-14
3986.6 1.9509e-14
3988.4 1.9615e-14
3990.2 1.9161e-14
3991.9 1.9144e-14
3993.7 1.9418e-14
3995.5 1.9101e-14
3997.3 1.9062e-14
3999.1 1.8990e-14
4000.8 1.8930e-14
4002.6 1.8401e-14
4004.4 1.8441e-14
4006.2 1.8442e-14
4008.0 1.7856e-14
4009.7 1.7785e-14
4011.5 1.7398e-14
4013.3 1.7196e-14
4015.1 1.7224e-14
4016.9 1.7227e-14
4018.6 1.6834e-14
4020.4 1.6707e-14
4022.2 1.6841e-14
4024.0 1.6293e-14
4025.8 1.6169e-14
4027.5 1.6430e-14
4029.3 1.6460e-14
4031.1 1.6137e-14
4032.9 1.5899e-14
4034.7 1.5571e-14
4036.4 1.5888e-14
4038.2 1.5728e-14
4040.0 1.5292e-14
4041.8 1.5176e-14
4043.5 1.5391e-14
4045.3 1.5288e-14
4047.1 1.5018e-14
4048.9 1.5496e-14
4050.7 1.5482e-14
4052.4 1.5358e-14
4054.2 1.5029e-14
4056.0 1.5172e-14
4057.8 1.5428e-14
4059.6 1.5897e-14
4061.3 1.5764e-14
4063.1 1.5624e-14
4064.9 1.5810e-14
4066.7 1.5901e-14
4068.5 1.5974e-14
4070.2 1.6333e-14
4072.0 1.6307e-14
4073.8 1.6117e-14
4075.6 1.6053e-14
4077.4 1.6111e-14
4079.1 1.6431e-14
4080.9 1.6434e-14
4082.7 1.6705e-14
4084.5 1.6687e-14
4086.2 1.6154e-14
4088.0 1.6660e-14
4089.8 1.6742e-14
4091.6 1.6552e-14
4093.4 1.6762e-14
4095.1 1.6878e-14
4096.9 1.6799e-14
4098.7 1.6555e-14
4100.5 1.6565e-14
4102.3 1.6896e-14
4104.0 1.7047e-14
4105.8 1.6986e-14
4107.6 1.6782e-14
4109.4 1.6677e-14
4111.2 1.6747e-14
4112.9 1.6755e-14
4114.7 1.7170e-14
4116.5 1.7187e-14
4118.3 1.7209e-14
4120.1 1.6954e-14
4121.8 1.6652e-14
4123.6 1.6977e-14
4125.4 1.7187e-14
4127.2 1.6995e-14
4129.0 1.6980e-14
4130.7 1.7046e-14
4132.5 1.6901e-14
4134.3 1.6717e-14
4136.1 1.6617e-14
4137.8 1.6468e-14
4139.6 1.6475e-14
4141.4 1.6822e-14
4143.2 1.7053e-14
4145.0 1.6974e-14
4146.7 1.6618e-14
4148.5 1.6334e-14
4150.3 1.6066e-14
4152.1 1.6683e-14
4153.9 1.6509e-14
4155.6 1.6404e-14
4157.4 1.6165e-14
4159.2 1.6010e-14
4161.0 1.5755e-14
4162.8 1.5501e-14
4164.5 1.5568e-14
4166.3 1.5096e-14
4168.1 1.4829e-14
4169.9 1.4916e-14
4171.7 1.4830e-14
4173.4 1.4574e-14
4175.2 1.4372e-14
4177.0 1.4383e-14
4178.8 1.4298e-14
4180.5 1.4456e-14
4182.3 1.4310e-14
4184.1 1.4186e-14
4185.9 1.4338e-14
4187.7 1.4253e-14
4189.4 1.4191e-14
4191.2 1.4392e-14
4193.0 1.4257e-14
4194.8 1.4186e-14
4196.6 1.4188e-14
4198.3 1.3949e-14
4200.1 1.4127e-14
4201.9 1.3951e-14
4203.7 1.3580e-14
4205.5 1.3651e-14
4207.2 1.3868e-14
4209.0 1.3764e-14
4210.8 1.3588e-14
4212.6 1.3662e-14
4214.4 1.3778e-14
4216.1 1.3524e-14
4217.9 1.3452e-14
4219.7 1.3659e-14
4221.5 1.3675e-14
4223.3 1.3520e-14
4225.0 1.3378e-14
4226.8 1.3166e-14
4228.6 1.3349e-14
4230.4 1.3053e-14
4232.1 1.2887e-14
4233.9 1.2867e-14
4235.7 1.2744e-14
4237.5 1.2617e-14
4239.3 1.2754e-14
4241.0 1.2736e-14
4242.8 1.2529e-14
4244.6 1.2393e-14
4246.4 1.2285e-14
4248.2 1.2214e-14
4249.9 1.2248e-14
4251.7 1.1926e-14
4253.5 1.1581e-14
4255.3 1.1638e-14
4257.1 1.1739e-14
4258.8 1.1432e-14
4260.6 1.1176e-14
4262.4 1.1418e-14
4264.2 1.1428e-14
4266.0 1.1384e-14
4267.7 1.1132e-14
4269.5 1.0831e-14
4271.3 1.1184e-14
4273.1 1.1105e-14
4274.8 1.0873e-14
4276.6 1.0908e-14
4278.4 1.0826e-14
4280.2 1.0898e-14
4282.0 1.0705e-14
4283.7 1.0744e-14
4285.5 1.0649e-14
4287.3 1.0555e-14
4289.1 1.0539e-14
4290.9 1.0282e-14
4292.6 1.0426e-14
4294.4 1.0133e-14
4296.2 1.0240e-14
4298.0 1.0288e-14
4299.8 1.0194e-14
4301.5 1.0272e-14
4303.3 9.9804e-15
4305.1 1.0144e-14
4306.9 9.9264e-15
4308.7 9.6558e-15
4310.4 9.6970e-15
4312.2 9.8883e-15
4314.0 9.7227e-15
4315.8 9.6626e-15
4317.6 9.6309e-15
4319.3 9.4355e-15
4321.1 9.3853e-15
4322.9 9.3810e-15
4324.7 9.3266e-15
4326.4 9.2639e-15
4328.2 9.2144e-15
4330.0 8.9806e-15
4331.8 8.8248e-15
4333.6 8.9556e-15
4335.3 8.9836e-15
4337.1 9.0746e-15
4338.9 8.9509e-15
4340.7 8.8182e-15
4342.5 8.9772e-15
4344.2 8.8083e-15
4346.0 8.9271e-15
4347.8 8.7070e-15
4349.6 8.9166e-15
4351.4 8.7912e-15
4353.1 8.6565e-15
4354.9 8.9081e-15
4356.7 8.6162e-15
4358.5 8.9127e-15
4360.3 9.0722e-15
4362.0 8.9839e-15
4363.8 9.0856e-15
4365.6 9.0499e-15
4367.4 8.9662e-15
4369.1 8.9984e-15
4370.9 9.0429e-15
4372.7 9.4193e-15
4374.5 9.3412e-15
4376.3 9.2557e-15
4378.0 9.3736e-15
4379.8 9.5642e-15
4381.6 9.5508e-15
4383.4 9.5842e-15
4385.2 9.5573e-15
4386.9 9.5736e-15
4388.7 9.6024e-15
4390.5 9.7937e-15
4392.3 1.0006e-14
4394.1 9.9478e-15
4395.8 9.9391e-15
4397.6 9.9688e-15
4399.4 1.0026e-14
4401.2 1.0153e-14
4403.0 1.0305e-14
4404.7 1.0410e-14
4406.5 1.0324e-14
4408.3 1.0369e-14
4410.1 1.0536e-14
4411.9 1.0520e-14
4413.6 1.0677e-14
4415.4 1.0747e-14
4417.2 1.0711e-14
4419.0 1.0737e-14
4420.7 1.0555e-14
4422.5 1.0937e-14
4424.3 1.0688e-14
4426.1 1.0914e-14
4427.9 1.0803e-14
4429.6 1.0735e-14
4431.4 1.0696e-14
4433.2 1.0623e-14
4435.0 1.0661e-14
4436.8 1.0546e-14
4438.5 1.0651e-14
4440.3 1.0492e-14
4442.1 1.0467e-14
4443.9 1.0311e-14
4445.7 1.0170e-14
4447.4 1.0116e-14
4449.2 9.9981e-15
4451.0 9.9528e-15
4452.8 9.7475e-15
4454.6 9.5078e-15
4456.3 9.5438e-15
4458.1 9.3995e-15
4459.9 9.0843e-15
4461.7 8.9914e-15
4463.4 9.0072e-15
4465.2 8.9683e-15
4467.0 8.9032e-15
4468.8 8.8611e-15
4470.6 8.7977e-15
4472.3 8.6472e-15
4474.1 8.6081e-15
4475.9 8.6077e-15
4477.7 8.5498e-15
4479.5 8.5683e-15
4481.2 8.5319e-15
4483.0 8.6894e-15
4484.8 8.6831e-15
4486.6 8.5863e-15
4488.4 8.6210e-15
4490.1 8.7558e-15
4491.9 8.9907e-15
4493.7 8.8744e-15
4495.5 9.0470e-15
4497.3 9.1503e-15
4499.0 9.3024e-15
4500.8 9.3079e-15
4502.6 9.3681e-15
4504.4 9.3579e-15
4506.1 9.5864e-15
4507.9 9.6125e-15
4509.7 9.8396e-15
4511.5 9.9460e-15
4513.3 9.9351e-15
4515.0 1.0067e-14
4516.8 1.0081e-14
4518.6 1.0329e-14
4520.4 1.0350e-14
4522.2 1.0379e-14
4523.9 1.0572e-14
4525.7 1.0517e-14
4527.5 1.0459e-14
4529.3 1.0404e-14
4531.1 1.0459e-14
4532.8 1.0617e-14
4534.6 1.0773e-14
4536.4 1.0767e-14
4538.2 1.0541e-14
4540.0 1.0706e-14
4541.7 1.0760e-14
4543.5 1.0627e-14
4545.3 1.0816e-14
4547.1 1.0782e-14
4548.9 1.0545e-14
4550.6 1.0607e-14
4552.4 1.0725e-14
4554.2 1.0612e-14
4556.0 1.0535e-14
4557.7 1.0609e-14
4559.5 1.0683e-14
4561.3 1.0628e-14
4563.1 1.0583e-14
4564.9 1.0625e-14
4566.6 1.0738e-14
4568.4 1.0615e-14
4570.2 1.0483e-14
4572.0 1.0510e-14
4573.8 1.0556e-14
4575.5 1.0570e-14
4577.3 1.0434e-14
4579.1 1.0506e-14
4580.9 1.0426e-14
4582.7 1.0420e-14
4584.4 1.0484e-14
4586.2 1.0428e-14
4588.0 1.0351e-14
4589.8 1.0325e-14
4591.6 1.0220e-14
4593.3 1.0082e-14
4595.1 1.0223e-14
4596.9 1.0240e-14
4598.7 1.0177e-14
4600.4 1.0209e-14
4602.2 1.0050e-14
4604.0 1.0161e-14
4605.8 1.0256e-14
4607.6 1.0179e-14
4609.3 1.0258e-14
4611.1 1.0274e-14
4612.9 1.0225e-14
4614.7 1.0362e-14
4616.5 1.0211e-14
4618.2 1.0314e-14
4620.0 1.0263e-14
4621.8 1.0213e-14
4623.6 1.0195e-14
4625.4 1.0185e-14
4627.1 1.0331e-14
4628.9 1.0296e-14
4630.7 1.0251e-14
4632.5 1.0309e-14
4634.3 1.0319e-14
4636.0 1.0166e-14
4637.8 1.0202e-14
4639.6 1.0220e-14
4641.4 1.0156e-14
4643.2 1.0231e-14
4644.9 1.0135e-14
4646.7 1.0109e-14
4648.5 1.0020e-14
4650.3 1.0052e-14
4652.0 1.0236e-14
4653.8 1.0155e-14
4655.6 1.0041e-14
4657.4 9.9599e-15
4659.2 1.0042e-14
4660.9 9.8903e-15
4662.7 1.0033e-14
4664.5 1.0058e-14
4666.3 9.9563e-15
4668.1 9.8951e-15
4669.8 9.8004e-15
4671.6 9.7548e-15
4673.4 9.7056e-15
4675.2 9.6084e-15
4677.0 9.5850e-15
4678.7 9.5110e-15
4680.5 9.4025e-15
4682.3 9.1905e-15
4684.1 9.2021e-15
4685.9 9.2096e-15
4687.6 9.0900e-15
4689.4 8.8996e-15
4691.2 8.7199e-15
4693.0 8.7705e-15
4694.7 8.8049e-15
4696.5 8.7537e-15
4698.3 8.6876e-15
4700.1 8.4512e-15
4701.9 8.4455e-15
4703.6 8.4735e-15
4705.4 8.3478e-15
4707.2 8.2984e-15
4709.0 8.3149e-15
4710.8 8.1127e-15
4712.5 7.9638e-15
4714.3 8.0360e-15
4716.1 7.9852e-15
4717.9 7.9062e-15
4719.7 7.9726e-15
4721.4 7.9450e-15
4723.2 7.7363e-15
4725.0 7.7711e-15
4726.8 7.8378e-15
4728.6 7.8400e-15
4730.3 7.7526e-15
4732.1 7.7709e-15
4733.9 7.7815e-15
4735.7 7.5375e-15
4737.5 7.5990e-15
4739.2 7.6501e-15
4741.0 7.5999e-15
4742.8 7.5054e-15
4744.6 7.5683e-15
4746.3 7.4839e-15
4748.1 7.3556e-15
4749.9 7.3961e-15
4751.7 7.6232e-15
4753.5 7.5699e-15
4755.2 7.6083e-15
4757.0 7.6082e-15
4758.8 7.6453e-15
4760.6 7.6584e-15
4762.4 7.4764e-15
4764.1 7.5302e-15
4765.9 7.6388e-15
4767.7 7.6213e-15
4769.5 7.6254e-15
4771.3 7.5270e-15
4773.0 7.4494e-15
4774.8 7.4351e-15
4776.6 7.3666e-15
4778.4 7.3036e-15
4780.2 7.3397e-15
4781.9 7.2687e-15
4783.7 7.1807e-15
4785.5 7.2218e-15
4787.3 7.2734e-15
4789.0 7.1274e-15
4790.8 7.0913e-15
4792.6 7.1240e-15
4794.4 7.1131e-15
4796.2 7.0440e-15
4797.9 6.9749e-15
4799.7 7.1197e-15
4801.5 7.2305e-15
4803.3 7.0989e-15
4805.1 7.0291e-15
4806.8 7.0583e-15
4808.6 7.0600e-15
4810.4 7.0552e-15
4812.2 7.0359e-15
4814.0 7.1127e-15
4815.7 7.1432e-15
4817.5 7.1364e-15
4819.3 7.1507e-15
4821.1 7.1644e-15
4822.9 7.2074e-15
4824.6 7.2248e-15
4826.4 7.2005e-15
4828.2 7.2354e-15
4830.0 7.1354e-15
4831.8 7.2535e-15
4833.5 7.2328e-15
4835.3 7.3196e-15
4837.1 7.3040e-15
4838.9 7.3348e-15
4840.6 7.2726e-15
4842.4 7.2669e-15
4844.2 7.3388e-15
4846.0 7.2200e-15
4847.8 7.2151e-15
4849.5 7.2618e-15
4851.3 7.2802e-15
4853.1 7.2882e-15
4854.9 7.1145e-15
4856.7 7.1412e-15
4858.4 7.1530e-15
4860.2 6.9898e-15
4862.0 7.0308e-15
4863.8 7.1167e-15
4865.6 6.9085e-15
4867.3 6.9447e-15
4869.1 6.9323e-15
4870.9 6.9236e-15
4872.7 6.8070e-15
4874.5 6.6933e-15
4876.2 6.6495e-15
4878.0 6.6547e-15
4879.8 6.6024e-15
4881.6 6.5190e-15
4883.3 6.5027e-15
4885.1 6.4503e-15
4886.9 6.3738e-15
4888.7 6.2328e-15
4890.5 6.1319e-15
4892.2 6.1787e-15
4894.0 6.1446e-15
4895.8 5.9968e-15
4897.6 5.9414e-15
4899.4 5.9450e-15
4901.1 5.9278e-15
4902.9 5.8723e-15
4904.7 5.8429e-15
4906.5 5.8319e-15
4908.3 5.7951e-15
4910.0 5.7554e-15
4911.8 5.7891e-15
4913.6 5.8065e-15
4915.4 5.6906e-15
4917.2 5.6856e-15
4918.9 5.6832e-15
4920.7 5.6544e-15
4922.5 5.7047e-15
4924.3 5.6690e-15
4926.1 5.7258e-15
4927.8 5.7786e-15
4929.6 5.7397e-15
4931.4 5.7019e-15
4933.2 5.7760e-15
4934.9 5.7992e-15
4936.7 5.7769e-15
4938.5 5.7456e-15
4940.3 5.8191e-15
4942.1 5.7927e-15
4943.8 5.7689e-15
4945.6 5.7881e-15
4947.4 5.8820e-15
4949.2 5.8697e-15
4951.0 5.8901e-15
4952.7 5.8915e-15
4954.5 5.8741e-15
4956.3 5.9271e-15
4958.1 5.9460e-15
4959.9 5.9253e-15
4961.6 5.9923e-15
4963.4 5.9964e-15
4965.2 5.9984e-15
4967.0 6.1012e-15
4968.8 5.9902e-15
4970.5 5.9352e-15
4972.3 5.9858e-15
4974.1 6.0361e-15
4975.9 6.0253e-15
4977.6 6.0050e-15
4979.4 6.0348e-15
4981.2 6.0860e-15
4983.0 6.1956e-15
4984.8 6.1817e-15
4986.5 6.1543e-15
4988.3 6.1650e-15
4990.1 6.1586e-15
4991.9 6.2148e-15
4993.7 6.3040e-15
4995.4 6.3202e-15
4997.2 6.3647e-15
4999.0 6.3476e-15
5000.8 6.2442e-15
5002.6 6.3765e-15
5004.3 6.3174e-15
5006.1 6.4297e-15
5007.9 6.3266e-15
5009.7 6.3005e-15
5011.5 6.2568e-15
5013.2 6.3903e-15
5015.0 6.2365e-15
5016.8 6.1461e-15
5018.6 6.2536e-15
5020.3 6.1817e-15
5022.1 6.1592e-15
5023.9 6.1700e-15
5025.7 6.2852e-15
5027.5 6.3285e-15
5029.2 6.1989e-15
5031.0 6.2944e-15
5032.8 6.2616e-15
5034.6 6.1963e-15
5036.4 6.1999e-15
5038.1 6.0204e-15
5039.9 6.2232e-15
5041.7 6.2409e-15
5043.5 6.3233e-15
5045.3 6.3297e-15
5047.0 6.3516e-15
5048.8 6.3746e-15
5050.6 6.3326e-15
5052.4 6.3628e-15
5054.2 6.3986e-15
5055.9 6.5147e-15
5057.7 6.4311e-15
5059.5 6.5071e-15
5061.3 6.6434e-15
5063.1 6.5018e-15
5064.8 6.4123e-15
5066.6 6.5987e-15
5068.4 6.7170e-15
5070.2 6.6867e-15
5071.9 6.7768e-15
5073.7 6.7984e-15
5075.5 6.9232e-15
5077.3 6.7974e-15
5079.1 6.8196e-15
5080.8 6.8476e-15
5082.6 6.8884e-15
5084.4 6.9323e-15
5086.2 7.1120e-15
5088.0 7.1449e-15
5089.7 7.1341e-15
5091.5 7.1447e-15
5093.3 7.3185e-15
5095.1 7.3282e-15
5096.9 7.3113e-15
5098.6 7.4418e-15
5100.4 7.4649e-15
5102.2 7.3750e-15
5104.0 7.4508e-15
5105.8 7.3997e-15
5107.5 7.4068e-15
5109.3 7.3771e-15
5111.1 7.3155e-15
5112.9 7.2774e-15
5114.6 7.3973e-15
5116.4 7.4406e-15
5118.2 7.4874e-15
5120.0 7.4438e-15
5121.8 7.5640e-15
5123.5 7.5089e-15
5125.3 7.4968e-15
5127.1 7.6258e-15
5128.9 7.7659e-15
5130.7 7.7532e-15
5132.4 7.6972e-15
5134.2 7.6647e-15
5136.0 7.8163e-15
5137.8 7.9116e-15
5139.6 7.8704e-15
5141.3 7.8936e-15
5143.1 7.9371e-15
5144.9 7.9338e-15
5146.7 8.0801e-15
5148.5 8.1080e-15
5150.2 7.9355e-15
5152.0 8.0884e-15
5153.8 8.1977e-15
5155.6 8.1291e-15
5157.4 8.0262e-15
5159.1 7.9824e-15
5160.9 8.1154e-15
5162.7 8.1499e-15
5164.5 8.0184e-15
5166.2 8.0168e-15
5168.0 8.0278e-15
5169.8 7.8946e-15
5171.6 7.8659e-15
5173.4 7.8914e-15
5175.1 7.8270e-15
5176.9 7.8290e-15
5178.7 7.7164e-15
5180.5 7.7751e-15
5182.3 7.7716e-15
5184.0 7.8069e-15
5185.8 7.8172e-15
5187.6 7.6460e-15
5189.4 7.6994e-15
5191.2 7.7575e-15
5192.9 7.6954e-15
5194.7 7.6024e-15
5196.5 7.5155e-15
5198.3 7.6468e-15
5200.1 7.6603e-15
5201.8 7.7006e-15
5203.6 7.5615e-15
5205.4 7.6250e-15
5207.2 7.6200e-15
5208.9 7.5007e-15
5210.7 7.5427e-15
5212.5 7.5822e-15
5214.3 7.6470e-15
5216.1 7.5435e-15
5217.8 7.5760e-15
5219.6 7.5062e-15
5221.4 7.5782e-15
5223.2 7.5126e-15
5225.0 7.5544e-15
5226.7 7.4831e-15
5228.5 7.4742e-15
5230.3 7.5685e-15
5232.1 7.6625e-15
5233.9 7.5997e-15
5235.6 7.4954e-15
5237.4 7.5454e-15
5239.2 7.5026e-15
5241.0 7.5063e-15
5242.8 7.4920e-15
5244.5 7.4008e-15
5246.3 7.2800e-15
5248.1 7.3638e-15
5249.9 7.1832e-15
5251.7 7.1885e-15
5253.4 7.1477e-15
5255.2 6.9727e-15
5257.0 6.9420e-15
5258.8 6.9638e-15
5260.5 6.8874e-15
5262.3 6.8656e-15
5264.1 6.6888e-15
5265.9 6.5812e-15
5267.7 6.4462e-15
5269.4 6.3841e-15
5271.2 6.1057e-15
5273.0 6.2393e-15
5274.8 6.2031e-15
5276.6 5.9977e-15
5278.3 6.0091e-15
5280.1 5.8753e-15
5281.9 5.7759e-15
5283.7 5.6965e-15
5285.5 5.5502e-15
5287.2 5.4578e-15
5289.0 5.3871e-15
5290.8 5.4748e-15
5292.6 5.2282e-15
5294.4 5.0136e-15
5296.1 5.0275e-15
5297.9 5.0270e-15
5299.7 5.1288e-15
5301.5 5.0364e-15
5303.2 4.9210e-15
5305.0 4.8824e-15
5306.8 4.9433e-15
5308.6 4.6861e-15
5310.4 4.6521e-15
5312.1 4.6437e-15
5313.9 4.6632e-15
5315.7 4.7335e-15
5317.5 4.7949e-15
5319.3 4.7198e-15
5326.0 4.6655e-15
5328.3 4.7477e-15
5330.6 4.8085e-15
5332.9 4.8989e-15
5335.1 4.7768e-15
5337.4 4.7898e-15
5339.7 4.8252e-15
5342.0 4.8030e-15
5344.3 4.8853e-15
5346.6 4.9034e-15
5348.9 4.8544e-15
5351.2 4.8543e-15
5353.5 5.0014e-15
5355.8 5.0853e-15
5358.1 5.0277e-15
5360.4 5.0732e-15
5362.7 5.1311e-15
5365.0 5.0866e-15
5367.3 5.0857e-15
5369.6 5.2254e-15
5371.9 5.2694e-15
5374.2 5.1950e-15
5376.5 5.2648e-15
5378.8 5.3096e-15
5381.1 5.2859e-15
5383.4 5.3763e-15
5385.7 5.4306e-15
5388.0 5.4789e-15
5390.3 5.4552e-15
5392.6 5.4889e-15
5394.9 5.4870e-15
5397.2 5.4958e-15
5399.4 5.5733e-15
5401.7 5.6161e-15
5404.0 5.6114e-15
5406.3 5.6497e-15
5408.6 5.7025e-15
5410.9 5.6887e-15
5413.2 5.6673e-15
5415.5 5.5542e-15
5417.8 5.5982e-15
5420.1 5.6785e-15
5422.4 5.6255e-15
5424.7 5.5954e-15
5427.0 5.5427e-15
5429.3 5.5066e-15
5431.6 5.4259e-15
5433.9 5.5600e-15
5436.2 5.5620e-15
5438.5 5.4592e-15
5440.8 5.4202e-15
5443.1 5.2620e-15
5445.4 5.2969e-15
5447.7 5.2463e-15
5450.0 5.2511e-15
5452.3 5.2468e-15
5454.6 5.0580e-15
5456.9 5.0822e-15
5459.2 5.0205e-15
5461.5 4.9994e-15
5463.8 4.8469e-15
5466.0 4.8910e-15
5468.3 4.9207e-15
5470.6 4.7897e-15
5472.9 4.7697e-15
5475.2 4.7677e-15
5477.5 4.6714e-15
5479.8 4.6020e-15
5482.1 4.5638e-15
5484.4 4.5571e-15
5486.7 4.5352e-15
5489.0 4.4985e-15
5491.3 4.4684e-15
5493.6 4.4922e-15
5495.9 4.5114e-15
5498.2 4.4461e-15
5500.5 4.4281e-15
5502.8 4.4485e-15
5505.1 4.4337e-15
5507.4 4.5360e-15
5509.7 4.5937e-15
5512.0 4.5905e-15
5514.3 4.6292e-15
5516.6 4.6648e-15
5518.9 4.7227e-15
5521.2 4.8275e-15
5523.5 4.8265e-15
5525.8 4.9060e-15
5528.1 4.8929e-15
5530.4 4.9779e-15
5532.6 5.0821e-15
5534.9 5.1337e-15
5537.2 5.1218e-15
5539.5 5.1522e-15
5541.8 5.1828e-15
5544.1 5.1825e-15
5546.4 5.2338e-15
5548.7 5.2906e-15
5551.0 5.3272e-15
5553.3 5.3402e-15
5555.6 5.3356e-15
5557.9 5.2449e-15
5560.2 5.2456e-15
5562.5 5.2432e-15
5564.8 5.3072e-15
5567.1 5.4211e-15
5569.4 5.3983e-15
5571.7 5.3726e-15
5574.0 5.3974e-15
5576.3 5.4758e-15
5578.6 5.4546e-15
5580.9 5.4410e-15
5583.2 5.5071e-15
5585.5 5.5367e-15
5587.8 5.5312e-15
5590.1 5.4719e-15
5592.4 5.5378e-15
5594.7 5.4985e-15
5596.9 5.4429e-15
5599.2 5.3879e-15
5601.5 5.4152e-15
5603.8 5.3327e-15
5606.1 5.3865e-15
5608.4 5.2992e-15
5610.7 5.2984e-15
5613.0 5.1725e-15
5615.3 5.1315e-15
5617.6 5.1674e-15
5619.9 5.0809e-15
5622.2 5.0215e-15
5624.5 5.0330e-15
5626.8 5.0901e-15
5629.1 5.1261e-15
5631.4 5.1700e-15
5633.7 5.1838e-15
5636.0 5.1256e-15
5638.3 5.0725e-15
5640.6 5.0929e-15
5642.9 5.1826e-15
5645.2 5.2308e-15
5647.5 5.1344e-15
5649.8 5.1452e-15
5652.1 5.2619e-15
5654.4 5.2540e-15
5656.7 5.2795e-15
5659.0 5.2885e-15
5661.3 5.3143e-15
5663.5 5.3618e-15
5665.8 5.2933e-15
5668.1 5.2940e-15
5670.4 5.3933e-15
5672.7 5.4387e-15
5675.0 5.4939e-15
5677.3 5.4606e-15
5679.6 5.4174e-15
5681.9 5.4537e-15
5684.2 5.4813e-15
5686.5 5.5269e-15
5688.8 5.4986e-15
5691.1 5.4946e-15
5693.4 5.5378e-15
5695.7 5.5298e-15
5698.0 5.5454e-15
5700.3 5.6073e-15
5702.6 5.6126e-15
5704.9 5.6619e-15
5707.2 5.6343e-15
5709.5 5.6576e-15
5711.8 5.6894e-15
5714.1 5.6729e-15
5716.4 5.6470e-15
5718.7 5.6634e-15
5721.0 5.6013e-15
5723.3 5.6549e-15
5725.6 5.6869e-15
5727.9 5.6683e-15
5730.1 5.7634e-15
5732.4 5.6972e-15
5734.7 5.7226e-15
5737.0 5.6891e-15
5739.3 5.6573e-15
5741.6 5.7059e-15
5743.9 5.6742e-15
5746.2 5.6373e-15
5748.5 5.6742e-15
5750.8 5.5813e-15
5753.1 5.5665e-15
5755.4 5.5888e-15
5757.7 5.5526e-15
5760.0 5.5594e-15
5762.3 5.5388e-15
5764.6 5.5229e-15
5766.9 5.4574e-15
5769.2 5.3675e-15
5771.5 5.3859e-15
5773.8 5.4274e-15
5776.1 5.3728e-15
5778.4 5.3426e-15
5780.7 5.2350e-15
5783.0 5.3224e-15
5785.3 5.2354e-15
5787.6 5.2767e-15
5789.9 5.2572e-15
5792.2 5.1699e-15
5794.4 5.2213e-15
5796.7 5.2047e-15
5799.0 5.1561e-15
5801.3 5.1418e-15
5803.6 5.1748e-15
5805.9 5.0688e-15
5808.2 5.0320e-15
5810.5 4.9743e-15
5812.8 4.9493e-15
5815.1 4.9642e-15
5817.4 4.9714e-15
5819.7 4.9400e-15
5822.0 4.9534e-15
5824.3 4.9377e-15
5826.6 4.9118e-15
5828.9 4.8797e-15
5831.2 4.9393e-15
5833.5 4.8400e-15
5835.8 4.7324e-15
5838.1 4.8763e-15
5840.4 4.8406e-15
5842.7 4.7965e-15
5845.0 4.8299e-15
5847.3 4.8487e-15
5849.6 4.8164e-15
5851.9 4.8052e-15
5854.2 4.8153e-15
5856.5 4.8608e-15
5858.8 4.8622e-15
5861.0 4.8035e-15
5863.3 4.8592e-15
5865.6 4.9228e-15
5867.9 4.8893e-15
5870.2 4.8268e-15
5872.5 4.8690e-15
5874.8 4.8798e-15
5877.1 4.8872e-15
5879.4 4.8539e-15
5881.7 4.8515e-15
5884.0 4.7908e-15
5886.3 4.6968e-15
5888.6 4.6890e-15
5890.9 4.7221e-15
5893.2 4.6938e-15
5895.5 4.6671e-15
5897.8 4.7580e-15
5900.1 4.8250e-15
5902.4 4.9770e-15
5904.7 4.9309e-15
5907.0 4.9019e-15
5909.3 4.9514e-15
5911.6 4.9378e-15
5913.9 4.9258e-15
5916.2 4.8757e-15
5918.5 4.8986e-15
5920.8 4.9554e-15
5923.1 4.9478e-15
5925.4 4.9756e-15
5927.6 5.0167e-15
5929.9 5.0090e-15
5932.2 5.0693e-15
5934.5 5.0497e-15
5936.8 5.0080e-15
5939.1 5.0388e-15
5941.4 5.0170e-15
5943.7 5.0022e-15
5946.0 5.0020e-15
5948.3 5.0457e-15
5950.6 5.0879e-15
5952.9 5.0590e-15
5955.2 5.0472e-15
5957.5 5.0517e-15
5959.8 5.0701e-15
5962.1 5.1063e-15
5964.4 5.0950e-15
5966.7 5.0518e-15
5969.0 5.0471e-15
5971.3 5.0684e-15
5973.6 5.0173e-15
5975.9 5.0404e-15
5978.2 5.0672e-15
5980.5 5.0474e-15
5982.8 4.9905e-15
5985.1 4.9734e-15
5987.4 4.9672e-15
5989.7 4.9407e-15
5991.9 4.9491e-15
5994.2 4.9669e-15
5996.5 4.9100e-15
5998.8 4.9276e-15
6001.1 4.9087e-15
6003.4 4.9402e-15
6005.7 4.9092e-15
6008.0 4.9108e-15
6010.3 4.8789e-15
6012.6 4.8778e-15
6014.9 4.8684e-15
6017.2 4.8160e-15
6019.5 4.8828e-15
6021.8 4.8199e-15
6024.1 4.8339e-15
6026.4 4.8197e-15
6028.7 4.8210e-15
6031.0 4.8123e-15
6033.3 4.7818e-15
6035.6 4.7506e-15
6037.9 4.7940e-15
6040.2 4.7598e-15
6042.5 4.7425e-15
6044.8 4.7253e-15
6047.1 4.7173e-15
6049.4 4.7221e-15
6051.7 4.7139e-15
6054.0 4.6693e-15
6056.3 4.6737e-15
6058.5 4.6215e-15
6060.8 4.5944e-15
6063.1 4.6145e-15
6065.4 4.6084e-15
6067.7 4.6513e-15
6070.0 4.5566e-15
6072.3 4.5396e-15
6074.6 4.5266e-15
6076.9 4.5479e-15
6079.2 4.5027e-15
6081.5 4.4978e-15
6083.8 4.4627e-15
6086.1 4.4174e-15
6088.4 4.4078e-15
6090.7 4.4221e-15
6093.0 4.3694e-15
6095.3 4.3485e-15
6097.6 4.3280e-15
6099.9 4.3069e-15
6102.2 4.2882e-15
6104.5 4.2266e-15
6106.8 4.2226e-15
6109.1 4.1979e-15
6111.4 4.1026e-15
6113.7 4.0563e-15
6116.0 4.0403e-15
6118.3 3.9826e-15
6120.6 3.9664e-15
6122.9 3.8803e-15
6125.1 3.8650e-15
6127.4 3.8597e-15
6129.7 3.7366e-15
6132.0 3.6504e-15
6134.3 3.6036e-15
6136.6 3.5275e-15
6138.9 3.4338e-15
6141.2 3.3945e-15
6143.5 3.3696e-15
6145.8 3.3084e-15
6148.1 3.2788e-15
6150.4 3.2390e-15
6152.7 3.1577e-15
6155.0 3.1105e-15
6157.3 3.0444e-15
6159.6 2.9614e-15
6161.9 2.9191e-15
6164.2 2.8455e-15
6166.5 2.8256e-15
6168.8 2.7608e-15
6171.1 2.7462e-15
6173.4 2.7108e-15
6175.7 2.6180e-15
6178.0 2.5651e-15
6180.3 2.5747e-15
6182.6 2.5361e-15
6184.9 2.5025e-15
6187.2 2.4398e-15
6189.4 2.4137e-15
6191.7 2.3821e-15
6194.0 2.3681e-15
6196.3 2.3621e-15
6198.6 2.3760e-15
6200.9 2.3679e-15
6203.2 2.3779e-15
6205.5 2.3835e-15
6207.8 2.3720e-15
6210.1 2.3543e-15
6212.4 2.4226e-15
6214.7 2.4381e-15
6217.0 2.4523e-15
6219.3 2.4365e-15
6221.6 2.4851e-15
6223.9 2.5114e-15
6226.2 2.5490e-15
6228.5 2.5954e-15
6230.8 2.6484e-15
6233.1 2.6935e-15
6235.4 2.7582e-15
6237.7 2.7730e-15
6240.0 2.8484e-15
6242.3 2.8319e-15
6244.6 2.8771e-15
6246.9 2.9366e-15
6249.2 2.9474e-15
6251.5 3.0096e-15
6253.8 3.0971e-15
6256.0 3.1034e-15
6258.3 3.1752e-15
6260.6 3.2311e-15
6262.9 3.2498e-15
6265.2 3.3261e-15
6267.5 3.3134e-15
6269.8 3.3843e-15
6272.1 3.4301e-15
6274.4 3.5218e-15
6276.7 3.5270e-15
6279.0 3.5718e-15
6281.3 3.5920e-15
6283.6 3.6422e-15
6285.9 3.6217e-15
6288.2 3.6539e-15
6290.5 3.6508e-15
6292.8 3.7273e-15
6295.1 3.7382e-15
6297.4 3.7685e-15
6299.7 3.8393e-15
6302.0 3.8413e-15
6304.3 3.8833e-15
6306.6 3.9323e-15
6308.9 3.9344e-15
6311.2 3.9618e-15
6313.5 4.0711e-15
6315.8 4.1170e-15
6318.1 4.1017e-15
6320.4 4.1210e-15
6322.6 4.1084e-15
6324.9 4.1735e-15
6327.2 4.2186e-15
6329.5 4.2507e-15
6331.8 4.2911e-15
6334.1 4.2654e-15
6336.4 4.2714e-15
6338.7 4.3579e-15
6341.0 4.4475e-15
6343.3 4.4690e-15
6345.6 4.4525e-15
6347.9 4.4777e-15
6350.2 4.4773e-15
6352.5 4.4394e-15
6354.8 4.4299e-15
6357.1 4.4210e-15
6359.4 4.4427e-15
6361.7 4.4315e-15
6364.0 4.4646e-15
6366.3 4.4757e-15
6368.6 4.4677e-15
6370.9 4.4652e-15
6373.2 4.4263e-15
6375.5 4.4348e-15
6377.8 4.4100e-15
6380.1 4.3639e-15
6382.4 4.4114e-15
6384.7 4.3925e-15
6386.9 4.3483e-15
6389.2 4.3199e-15
6391.5 4.2930e-15
6393.8 4.2889e-15
6396.1 4.3090e-15
6398.4 4.3066e-15
6400.7 4.2374e-15
6403.0 4.2454e-15
6405.3 4.2381e-15
6407.6 4.2032e-15
6409.9 4.2030e-15
6412.2 4.2089e-15
6414.5 4.1248e-15
6416.8 4.1125e-15
6419.1 4.1814e-15
6421.4 4.1727e-15
6423.7 4.2062e-15
6426.0 4.1941e-15
6428.3 4.1706e-15
6430.6 4.1937e-15
6432.9 4.1897e-15
6435.2 4.1696e-15
6437.5 4.1829e-15
6439.8 4.1714e-15
6442.1 4.1457e-15
6444.4 4.2075e-15
6446.7 4.2008e-15
6449.0 4.1948e-15
6451.3 4.2717e-15
6453.5 4.2799e-15
6455.8 4.2362e-15
6458.1 4.2762e-15
6460.4 4.2803e-15
6462.7 4.2363e-15
6465.0 4.2891e-15
6467.3 4.2888e-15
6469.6 4.2493e-15
6471.9 4.2517e-15
6474.2 4.2480e-15
6476.5 4.2640e-15
6478.8 4.2486e-15
6481.1 4.2282e-15
6483.4 4.2346e-15
6485.7 4.2355e-15
6488.0 4.2397e-15
6490.3 4.2158e-15
6492.6 4.1680e-15
6494.9 4.1585e-15
6497.2 4.1700e-15
6499.5 4.2234e-15
6501.8 4.2153e-15
6504.1 4.1495e-15
6506.4 4.1505e-15
6508.7 4.1490e-15
6511.0 4.0935e-15
6513.3 4.0820e-15
6515.6 4.1128e-15
6517.8 4.0959e-15
6520.1 4.0605e-15
6522.4 4.0778e-15
6524.7 4.0899e-15
6527.0 4.0613e-15
6529.3 4.0455e-15
6531.6 4.0458e-15
6533.9 4.0153e-15
6536.2 4.0394e-15
6538.5 3.9940e-15
6540.8 3.9497e-15
6543.1 3.9770e-15
6545.4 3.9687e-15
6547.7 3.9752e-15
6550.0 3.9848e-15
6552.3 3.9628e-15
6554.6 3.9466e-15
6556.9 3.9175e-15
6559.2 3.9131e-15
6561.5 3.9186e-15
6563.8 3.9023e-15
6566.1 3.8939e-15
6568.4 3.8802e-15
6570.7 3.8771e-15
6573.0 3.8648e-15
6575.3 3.8639e-15
6577.6 3.8435e-15
6579.9 3.7892e-15
6582.2 3.7947e-15
6584.4 3.7891e-15
6586.7 3.8061e-15
6589.0 3.8099e-15
6591.3 3.7802e-15
6593.6 3.7612e-15
6595.9 3.7336e-15
6598.2 3.7054e-15
6600.5 3.7216e-15
6602.8 3.7443e-15
6605.1 3.7422e-15
6607.4 3.7596e-15
6609.7 3.7147e-15
6612.0 3.7074e-15
6614.3 3.7239e-15
6616.6 3.6732e-15
6618.9 3.6767e-15
6621.2 3.6903e-15
6623.5 3.6664e-15
6625.8 3.6270e-15
6628.1 3.6219e-15
6630.4 3.6858e-15
6632.7 3.7420e-15
6635.0 3.7643e-15
6637.3 3.7252e-15
6639.6 3.6786e-15
6641.9 3.6141e-15
6644.2 3.5752e-15
6646.5 3.5990e-15
6648.8 3.6047e-15
6651.0 3.5942e-15
6653.3 3.5670e-15
6655.6 3.5631e-15
6657.9 3.5931e-15
6660.2 3.5595e-15
6662.5 3.5259e-15
6664.8 3.5316e-15
6667.1 3.4963e-15
6669.4 3.5137e-15
6671.7 3.5087e-15
6674.0 3.4726e-15
6676.3 3.4603e-15
6678.6 3.4496e-15
6680.9 3.4626e-15
6683.2 3.4574e-15
6685.5 3.4363e-15
6687.8 3.4256e-15
6690.1 3.4288e-15
6692.4 3.3924e-15
6694.7 3.3822e-15
6697.0 3.4143e-15
6699.3 3.4259e-15
6701.6 3.4167e-15
6703.9 3.4125e-15
6706.2 3.3967e-15
6708.5 3.3749e-15
6710.8 3.3849e-15
6713.1 3.3858e-15
6715.3 3.3739e-15
6717.6 3.3462e-15
6719.9 3.3747e-15
6722.2 3.3979e-15
6724.5 3.3648e-15
6726.8 3.3466e-15
6729.1 3.3487e-15
6731.4 3.2976e-15
6733.7 3.2889e-15
6736.0 3.3321e-15
6738.3 3.3774e-15
6740.6 3.3351e-15
6742.9 3.3300e-15
6745.2 3.3476e-15
6747.5 3.3328e-15
6749.8 3.3250e-15
6752.1 3.2984e-15
6754.4 3.2791e-15
6756.7 3.2846e-15
6759.0 3.2750e-15
6761.3 3.3002e-15
6763.6 3.2467e-15
6765.9 3.2649e-15
6768.2 3.3099e-15
6770.5 3.3021e-15
6772.8 3.2644e-15
6775.1 3.2665e-15
6777.4 3.2526e-15
6779.7 3.2456e-15
6781.9 3.2089e-15
6784.2 3.2456e-15
6786.5 3.2280e-15
6788.8 3.2208e-15
6791.1 3.2493e-15
6793.4 3.2006e-15
6795.7 3.1688e-15
6798.0 3.1918e-15
6800.3 3.2152e-15
6802.6 3.1887e-15
6804.9 3.1986e-15
6807.2 3.1803e-15
6809.5 3.1506e-15
6811.8 3.1590e-15
6814.1 3.1983e-15
6816.4 3.1904e-15
6818.7 3.1917e-15
6821.0 3.1402e-15
6823.3 3.1271e-15
6825.6 3.1367e-15
6827.9 3.0921e-15
6830.2 3.0697e-15
6832.5 3.1276e-15
6834.8 3.0817e-15
6837.1 3.1385e-15
6839.4 3.0946e-15
6841.7 3.1053e-15
6844.0 3.0936e-15
6846.3 3.0857e-15
6848.5 3.0613e-15
6850.8 3.0462e-15
6853.1 3.1155e-15
6855.4 3.0835e-15
6857.7 3.0414e-15
6860.0 3.1028e-15
6862.3 3.1024e-15
6864.6 3.1268e-15
6866.9 3.0646e-15
6869.2 3.0680e-15
6871.5 3.0292e-15
6873.8 3.0240e-15
6876.1 3.0571e-15
6878.4 3.0614e-15
6880.7 3.0848e-15
6883.0 3.0276e-15
6885.3 3.0254e-15
6887.6 3.0372e-15
6889.9 3.0374e-15
6892.2 3.0107e-15
6894.5 3.0378e-15
6896.8 3.0022e-15
6899.1 2.9741e-15
6901.4 2.9477e-15
6903.7 2.9683e-15
6906.0 2.9583e-15
6908.3 2.9834e-15
6910.6 2.9685e-15
6912.8 2.9562e-15
6915.1 2.9289e-15
6917.4 2.9632e-15
6919.7 2.9383e-15
6922.0 2.9226e-15
6924.3 2.8855e-15
6926.6 2.8984e-15
6928.9 2.9451e-15
6931.2 2.8928e-15
6933.5 2.9223e-15
6935.8 2.8566e-15
6938.1 2.8489e-15
6940.4 2.8541e-15
6942.7 2.8362e-15
6945.0 2.8890e-15
6947.3 2.9164e-15
6949.6 2.8575e-15
6951.9 2.8551e-15
6954.2 2.8555e-15
6956.5 2.8459e-15
6958.8 2.8630e-15
6961.1 2.8403e-15
6963.4 2.8144e-15
6965.7 2.8192e-15
6968.0 2.8609e-15
6970.3 2.8247e-15
6972.6 2.7891e-15
6974.9 2.8165e-15
6977.2 2.8024e-15
6979.4 2.7871e-15
6981.7 2.8146e-15
6984.0 2.8099e-15
6986.3 2.8071e-15
6988.6 2.7763e-15
6990.9 2.7780e-15
6993.2 2.7903e-15
6995.5 2.7820e-15
6997.8 2.7865e-15
7000.1 2.7828e-15
7002.4 2.7773e-15
7004.7 2.7670e-15
7007.0 2.7602e-15
7009.3 2.7688e-15
7011.6 2.7841e-15
7013.9 2.7843e-15
7016.2 2.7677e-15
7018.5 2.7529e-15
7020.8 2.7454e-15
7023.1 2.7371e-15
7025.4 2.7296e-15
7027.7 2.7225e-15
7030.0 2.7240e-15
7032.3 2.7366e-15
7034.6 2.7433e-15
7036.9 2.7345e-15
7039.2 2.7149e-15
7041.5 2.6967e-15
7043.8 2.6849e-15
7046.0 2.6707e-15
7048.3 2.6586e-15
7050.6 2.6627e-15
7052.9 2.6745e-15
7055.2 2.6769e-15
7057.5 2.6654e-15
7059.8 2.6550e-15
7062.1 2.6558e-15
7064.4 2.6586e-15
7066.7 2.6547e-15
7069.0 2.6490e-15
7071.3 2.6411e-15
7073.6 2.6306e-15
7075.9 2.6236e-15
7078.2 2.6206e-15
7080.5 2.6245e-15
7082.8 2.6386e-15
7085.1 2.6543e-15
7087.4 2.6653e-15
7089.7 2.6734e-15
7092.0 2.6810e-15
7094.3 2.6883e-15
7096.6 2.6959e-15
7098.9 2.7034e-15
7101.2 2.7110e-15
7103.5 2.7185e-15
7105.8 2.7258e-15
7108.1 2.7315e-15
7110.3 2.7306e-15
7112.6 2.7230e-15
7114.9 2.7199e-15
7117.2 2.7242e-15
7119.5 2.7263e-15
7121.8 2.7257e-15
7124.1 2.7269e-15
7126.4 2.7266e-15
7128.7 2.7253e-15
7131.0 2.7269e-15
7133.3 2.7256e-15
7135.6 2.7197e-15
7137.9 2.7160e-15
7140.2 2.7202e-15
7142.5 2.7333e-15
7144.8 2.7456e-15
7147.1 2.7482e-15
7149.4 2.7418e-15
7151.7 2.7315e-15
7154.0 2.7301e-15
7156.3 2.7394e-15
7158.6 2.7392e-15
7160.9 2.7271e-15
7163.2 2.7286e-15
7165.5 2.7487e-15
7167.8 2.7631e-15
7170.1 2.7646e-15
7172.4 2.7653e-15
7174.7 2.7635e-15
7176.9 2.7578e-15
7179.2 2.7564e-15
7181.5 2.7588e-15
7183.8 2.7624e-15
7186.1 2.7696e-15
7188.4 2.7778e-15
7190.7 2.7812e-15
7193.0 2.7808e-15
7195.3 2.7725e-15
7197.6 2.7543e-15
7199.9 2.7385e-15
7202.2 2.7321e-15
7204.5 2.7310e-15
7206.8 2.7357e-15
7209.1 2.7441e-15
7211.4 2.7482e-15
7213.7 2.7517e-15
7216.0 2.7563e-15
7218.3 2.7524e-15
7220.6 2.7372e-15
7222.9 2.7224e-15
7225.2 2.7233e-15
7227.5 2.7377e-15
7229.8 2.7520e-15
7232.1 2.7643e-15
7234.4 2.7755e-15
7236.7 2.7739e-15
7239.0 2.7599e-15
7241.3 2.7520e-15
7243.5 2.7555e-15
7245.8 2.7563e-15
7248.1 2.7468e-15
7250.4 2.7341e-15
7252.7 2.7240e-15
7255.0 2.7141e-15
7257.3 2.7109e-15
7259.6 2.7132e-15
7261.9 2.7078e-15
7264.2 2.6968e-15
7266.5 2.6938e-15
7268.8 2.6974e-15
7271.1 2.6995e-15
7273.4 2.7013e-15
7275.7 2.7009e-15
7278.0 2.6911e-15
7280.3 2.6734e-15
7282.6 2.6583e-15
7284.9 2.6547e-15
7287.2 2.6654e-15
7289.5 2.6787e-15
7291.8 2.6810e-15
7294.1 2.6755e-15
7296.4 2.6631e-15
7298.7 2.6462e-15
7301.0 2.6447e-15
7303.3 2.6570e-15
7305.6 2.6595e-15
7307.8 2.6475e-15
7310.1 2.6291e-15
7312.4 2.6118e-15
7314.7 2.5978e-15
7317.0 2.5849e-15
7319.3 2.5734e-15
7321.6 2.5686e-15
7323.9 2.5656e-15
7326.2 2.5580e-15
7328.5 2.5517e-15
7330.8 2.5528e-15
7333.1 2.5576e-15
7335.4 2.5688e-15
7337.7 2.5893e-15
7340.0 2.6054e-15
7342.3 2.6014e-15
7344.6 2.5787e-15
7346.9 2.5599e-15
7349.2 2.5628e-15
7351.5 2.5736e-15
7353.8 2.5756e-15
7356.1 2.5746e-15
7358.4 2.5733e-15
7360.7 2.5745e-15
7363.0 2.5838e-15
7365.3 2.5919e-15
7367.6 2.5939e-15
7369.9 2.6009e-15
7372.2 2.6091e-15
7374.4 2.6120e-15
7376.7 2.6149e-15
7379.0 2.6201e-15
7381.3 2.6263e-15
7383.6 2.6271e-15
7385.9 2.6205e-15
7388.2 2.6116e-15
7390.5 2.6059e-15
7392.8 2.6073e-15
7395.1 2.6162e-15
7397.4 2.6231e-15
7399.7 2.6172e-15
7402.0 2.6050e-15
7404.3 2.6049e-15
7406.6 2.6150e-15
7408.9 2.6191e-15
7411.2 2.6143e-15
7413.5 2.6013e-15
7415.8 2.5936e-15
7418.1 2.6000e-15
7420.4 2.6044e-15
7422.7 2.5997e-15
7425.0 2.5913e-15
7427.3 2.5829e-15
7429.6 2.5772e-15
7431.9 2.5757e-15
7434.2 2.5787e-15
7436.5 2.5805e-15
7438.8 2.5753e-15
7441.0 2.5612e-15
7443.3 2.5510e-15
7445.6 2.5550e-15
7447.9 2.5612e-15
7450.2 2.5616e-15
7452.5 2.5588e-15
7454.8 2.5571e-15
7457.1 2.5567e-15
7459.4 2.5564e-15
7461.7 2.5521e-15
7464.0 2.5397e-15
7466.3 2.5260e-15
7468.6 2.5216e-15
7470.9 2.5237e-15
7473.2 2.5302e-15
7475.5 2.5447e-15
7477.8 2.5523e-15
7480.1 2.5455e-15
7482.4 2.5376e-15
7484.7 2.5332e-15
7487.0 2.5301e-15
7489.3 2.5300e-15
7491.6 2.5278e-15
7493.9 2.5204e-15
7496.2 2.5113e-15
7498.5 2.5022e-15
7500.8 2.4964e-15
7503.1 2.4982e-15
7505.3 2.5036e-15
7507.6 2.5045e-15
7509.9 2.5055e-15
7512.2 2.5083e-15
7514.5 2.4988e-15
7516.8 2.4768e-15
7519.1 2.4545e-15
7521.4 2.4318e-15
7523.7 2.4120e-15
7526.0 2.4051e-15
7528.3 2.4066e-15
7530.6 2.4081e-15
7532.9 2.4053e-15
7535.2 2.3943e-15
7537.5 2.3755e-15
7539.8 2.3474e-15
7542.1 2.3162e-15
7544.4 2.2993e-15
7546.7 2.3030e-15
7549.0 2.3111e-15
7551.3 2.3080e-15
7553.6 2.2968e-15
7555.9 2.2846e-15
7558.2 2.2801e-15
7560.5 2.2870e-15
7562.8 2.2899e-15
7565.1 2.2744e-15
7567.4 2.2482e-15
7569.7 2.2344e-15
7571.9 2.2354e-15
7574.2 2.2344e-15
7576.5 2.2328e-15
7578.8 2.2375e-15
7581.1 2.2386e-15
7583.4 2.2283e-15
7585.7 2.2176e-15
7588.0 2.2219e-15
7590.3 2.2327e-15
7592.6 2.2345e-15
7594.9 2.2349e-15
7597.2 2.2405e-15
7599.5 2.2351e-15
7601.8 2.2189e-15
7604.1 2.2087e-15
7606.4 2.2095e-15
7608.7 2.2170e-15
7611.0 2.2270e-15
7613.3 2.2427e-15
7615.6 2.2661e-15
7617.9 2.2852e-15
7620.2 2.2940e-15
7622.5 2.3065e-15
7624.8 2.3244e-15
7627.1 2.3306e-15
7629.4 2.3229e-15
7631.7 2.3088e-15
7634.0 2.2975e-15
7636.2 2.2999e-15
7638.5 2.3144e-15
7640.8 2.3298e-15
7643.1 2.3392e-15
7645.4 2.3411e-15
7647.7 2.3408e-15
7650.0 2.3423e-15
7652.3 2.3467e-15
7654.6 2.3544e-15
7656.9 2.3644e-15
7659.2 2.3654e-15
7661.5 2.3568e-15
7663.8 2.3520e-15
7666.1 2.3541e-15
7668.4 2.3587e-15
7670.7 2.3607e-15
7673.0 2.3584e-15
7675.3 2.3585e-15
7677.6 2.3690e-15
7679.9 2.3852e-15
7682.2 2.3945e-15
7684.5 2.3949e-15
7686.8 2.4010e-15
7689.1 2.4136e-15
7691.4 2.4216e-15
7693.7 2.4258e-15
7696.0 2.4291e-15
7698.3 2.4312e-15
7700.6 2.4328e-15
7702.8 2.4359e-15
7705.1 2.4388e-15
7707.4 2.4434e-15
7709.7 2.4472e-15
7712.0 2.4509e-15
7714.3 2.4615e-15
7716.6 2.4703e-15
7718.9 2.4729e-15
7721.2 2.4729e-15
7723.5 2.4706e-15
7725.8 2.4637e-15
7728.1 2.4539e-15
7730.4 2.4507e-15
7732.7 2.4493e-15
7735.0 2.4481e-15
7737.3 2.4509e-15
7739.6 2.4548e-15
7741.9 2.4550e-15
7744.2 2.4494e-15
7746.5 2.4441e-15
7748.8 2.4426e-15
7751.1 2.4486e-15
7753.4 2.4641e-15
7755.7 2.4787e-15
7758.0 2.4794e-15
7760.3 2.4728e-15
7762.6 2.4722e-15
7764.9 2.4835e-15
7767.2 2.5071e-15
7769.4 2.5316e-15
7771.7 2.5424e-15
7774.0 2.5344e-15
7776.3 2.5218e-15
7778.6 2.5075e-15
7780.9 2.4906e-15
7783.2 2.4857e-15
7785.5 2.4982e-15
7787.8 2.5225e-15
7790.1 2.5498e-15
7792.4 2.5655e-15
7794.7 2.5634e-15
7797.0 2.5517e-15
7799.3 2.5448e-15
7801.6 2.5473e-15
7803.9 2.5596e-15
7806.2 2.5789e-15
7808.5 2.5879e-15
7810.8 2.5836e-15
7813.1 2.5869e-15
7815.4 2.6068e-15
7817.7 2.6292e-15
7820.0 2.6378e-15
7822.3 2.6365e-15
7824.6 2.6382e-15
7826.9 2.6480e-15
7829.2 2.6558e-15
7831.5 2.6492e-15
7833.8 2.6448e-15
7836.0 2.6591e-15
7838.3 2.6753e-15
7840.6 2.6795e-15
7842.9 2.6874e-15
7845.2 2.7090e-15
7847.5 2.7284e-15
7849.8 2.7323e-15
7852.1 2.7293e-15
7854.4 2.7306e-15
7856.7 2.7357e-15
7859.0 2.7436e-15
7861.3 2.7516e-15
7863.6 2.7518e-15
7865.9 2.7476e-15
7868.2 2.7497e-15
7870.5 2.7582e-15
7872.8 2.7707e-15
7875.1 2.7783e-15
7877.4 2.7700e-15
7879.7 2.7578e-15
7882.0 2.7576e-15
7884.3 2.7646e-15
7886.6 2.7748e-15
7888.9 2.7875e-15
7891.2 2.7918e-15
7893.5 2.7936e-15
7895.8 2.8011e-15
7898.1 2.7957e-15
7900.3 2.7826e-15
7902.6 2.7874e-15
7904.9 2.7977e-15
7907.2 2.7911e-15
7909.5 2.7754e-15
7911.8 2.7651e-15
7914.1 2.7683e-15
7916.4 2.7780e-15
7918.7 2.7883e-15
7921.0 2.7973e-15
7923.3 2.7970e-15
7925.6 2.7891e-15
7927.9 2.7805e-15
7930.2 2.7740e-15
7932.5 2.7680e-15
7934.8 2.7569e-15
7937.1 2.7434e-15
7939.4 2.7362e-15
7941.7 2.7277e-15
7944.0 2.7102e-15
7946.3 2.6897e-15
7948.6 2.6731e-15
7950.9 2.6604e-15
7953.2 2.6553e-15
7955.5 2.6551e-15
7957.8 2.6488e-15
7960.1 2.6447e-15
7962.4 2.6456e-15
7964.7 2.6456e-15
7966.9 2.6501e-15
7969.2 2.6575e-15
7971.5 2.6521e-15
7973.8 2.6374e-15
7976.1 2.6284e-15
7978.4 2.6222e-15
7980.7 2.6232e-15
7983.0 2.6328e-15
7985.3 2.6390e-15
7987.6 2.6355e-15
7989.9 2.6214e-15
7992.2 2.5919e-15
7994.5 2.5614e-15
7996.8 2.5488e-15
7999.1 2.5455e-15
8001.4 2.5348e-15
8003.7 2.5157e-15
8006.0 2.4974e-15
8008.3 2.4835e-15
8010.6 2.4707e-15
8012.9 2.4578e-15
8015.2 2.4445e-15
8017.5 2.4313e-15
8019.8 2.4180e-15
8022.1 2.4046e-15
8024.4 2.3906e-15
8026.7 2.3727e-15
8029.0 2.3472e-15
8031.2 2.3219e-15
8033.5 2.3144e-15
8035.8 2.3163e-15
8038.1 2.3061e-15
8040.4 2.2899e-15
8042.7 2.2745e-15
8045.0 2.2570e-15
8047.3 2.2465e-15
8049.6 2.2503e-15
8051.9 2.2547e-15
8054.2 2.2533e-15
8056.5 2.2569e-15
8058.8 2.2617e-15
8061.1 2.2557e-15
8063.4 2.2452e-15
8065.7 2.2409e-15
8068.0 2.2460e-15
8070.3 2.2587e-15
8072.6 2.2691e-15
8074.9 2.2719e-15
8077.2 2.2707e-15
8079.5 2.2694e-15
8081.8 2.2725e-15
8084.1 2.2789e-15
8086.4 2.2886e-15
8088.7 2.3018e-15
8091.0 2.3080e-15
8093.3 2.2976e-15
8095.6 2.2808e-15
8097.8 2.2724e-15
8100.1 2.2720e-15
8102.4 2.2739e-15
8104.7 2.2808e-15
8107.0 2.2930e-15
8109.3 2.3035e-15
8111.6 2.3083e-15
8113.9 2.3056e-15
8116.2 2.2974e-15
8118.5 2.2925e-15
8120.8 2.2934e-15
8123.1 2.2947e-15
8125.4 2.2931e-15
8127.7 2.2940e-15
8130.0 2.3049e-15
8132.3 2.3193e-15
8134.6 2.3323e-15
8136.9 2.3452e-15
8139.2 2.3560e-15
8141.5 2.3637e-15
8143.8 2.3698e-15
8146.1 2.3760e-15
8148.4 2.3788e-15
8150.7 2.3782e-15
8153.0 2.3862e-15
8155.3 2.4028e-15
8157.6 2.4055e-15
8159.9 2.3882e-15
8162.2 2.3784e-15
8164.4 2.3922e-15
8166.7 2.4113e-15
8169.0 2.4260e-15
8171.3 2.4409e-15
8173.6 2.4496e-15
8175.9 2.4519e-15
8178.2 2.4626e-15
8180.5 2.4872e-15
8182.8 2.5072e-15
8185.1 2.5087e-15
8187.4 2.5097e-15
8189.7 2.5256e-15
8192.0 2.5424e-15
8194.3 2.5531e-15
8196.6 2.5640e-15
8198.9 2.5731e-15
8201.2 2.5750e-15
8203.5 2.5714e-15
8205.8 2.5671e-15
8208.1 2.5727e-15
8210.4 2.5938e-15
8212.7 2.6266e-15
8215.0 2.6648e-15
8217.3 2.6870e-15
8219.6 2.6817e-15
8221.9 2.6602e-15
8224.2 2.6366e-15
8226.5 2.6381e-15
8228.7 2.6680e-15
8231.0 2.6920e-15
8233.3 2.6928e-15
8235.6 2.6800e-15
8237.9 2.6687e-15
8240.2 2.6572e-15
8242.5 2.6342e-15
8244.8 2.6094e-15
8247.1 2.5983e-15
8249.4 2.5988e-15
8251.7 2.5993e-15
8254.0 2.5941e-15
8256.3 2.5905e-15
8258.6 2.5913e-15
8260.9 2.5823e-15
8263.2 2.5610e-15
8265.5 2.5397e-15
8267.8 2.5205e-15
8270.1 2.5019e-15
8272.4 2.4957e-15
8274.7 2.5012e-15
8277.0 2.5055e-15
8279.3 2.5036e-15
8281.6 2.4884e-15
8283.9 2.4647e-15
8286.2 2.4383e-15
8288.5 2.4116e-15
8290.8 2.3958e-15
8293.1 2.3892e-15
8295.3 2.3831e-15
8297.6 2.3728e-15
8299.9 2.3568e-15
8302.2 2.3410e-15
8304.5 2.3226e-15
8306.8 2.2991e-15
8309.1 2.2782e-15
8311.4 2.2718e-15
8313.7 2.2902e-15
8316.0 2.3179e-15
8318.3 2.3245e-15
8320.6 2.3041e-15
8322.9 2.2745e-15
8325.2 2.2531e-15
8327.5 2.2480e-15
8329.8 2.2636e-15
8332.1 2.2933e-15
8334.4 2.3107e-15
8336.7 2.3023e-15
8339.0 2.2916e-15
8341.3 2.3017e-15
8343.6 2.3199e-15
8345.9 2.3253e-15
8348.2 2.3236e-15
8350.5 2.3280e-15
8352.8 2.3360e-15
8355.1 2.3445e-15
8357.4 2.3607e-15
8359.7 2.3774e-15
8361.9 2.3831e-15
8364.2 2.3799e-15
8366.5 2.3766e-15
8368.8 2.3780e-15
8371.1 2.3864e-15
8373.4 2.4013e-15
8375.7 2.4236e-15
8378.0 2.4908e-15
8380.3 2.6874e-15
8382.6 2.9841e-15
8384.9 3.1351e-15
8387.2 3.0264e-15
8389.5 2.8647e-15
8391.8 2.7977e-15
8394.1 2.7292e-15
8396.4 2.6126e-15
8398.7 2.5227e-15
8401.0 2.4799e-15
8403.3 2.4482e-15
8405.6 2.4154e-15
8407.9 2.4070e-15
8410.2 2.4430e-15
8412.5 2.4948e-15
8414.8 2.5194e-15
8417.1 2.5038e-15
8419.4 2.4645e-15
8421.7 2.4311e-15
8424.0 2.4245e-15
8426.2 2.4519e-15
8428.5 2.5000e-15
8430.8 2.5370e-15
8433.1 2.5499e-15
8435.4 2.5437e-15
8437.7 2.5225e-15
8440.0 2.4924e-15
8442.3 2.4626e-15
8444.6 2.4577e-15
8446.9 2.4884e-15
8449.2 2.5345e-15
8451.5 2.5794e-15
8453.8 2.5999e-15
8456.1 2.5823e-15
8458.4 2.5531e-15
8460.7 2.5320e-15
8463.0 2.5256e-15
8465.3 2.5540e-15
8467.6 2.6109e-15
8469.9 2.6638e-15
8472.2 2.6930e-15
8474.5 2.6939e-15
8476.8 2.6878e-15
8479.1 2.6893e-15
8481.4 2.6866e-15
8483.7 2.6958e-15
8486.0 2.7384e-15
8488.3 2.7942e-15
8490.6 2.8284e-15
8492.8 2.8325e-15
8495.1 2.8254e-15
8497.4 2.8168e-15
8499.7 2.8065e-15
8502.0 2.8065e-15
8504.3 2.8369e-15
8506.6 2.8887e-15
8508.9 2.9310e-15
8511.2 2.9499e-15
8513.5 2.9494e-15
8515.8 2.9340e-15
8518.1 2.9102e-15
8520.4 2.8961e-15
8522.7 2.9037e-15
8525.0 2.9230e-15
8527.3 2.9523e-15
8529.6 2.9941e-15
8531.9 3.0280e-15
8534.2 3.0293e-15
8536.5 3.0073e-15
8538.8 2.9907e-15
8541.1 2.9821e-15
8543.4 2.9771e-15
8545.7 3.0009e-15
8548.0 3.0569e-15
8550.3 3.1051e-15
8552.6 3.1142e-15
8554.9 3.0922e-15
8557.2 3.0720e-15
8559.4 3.0687e-15
8561.7 3.0768e-15
8564.0 3.1007e-15
8566.3 3.1361e-15
8568.6 3.1624e-15
8570.9 3.1626e-15
8573.2 3.1358e-15
8575.5 3.0995e-15
8577.8 3.0707e-15
8580.1 3.0641e-15
8582.4 3.0897e-15
8584.7 3.1345e-15
8587.0 3.1866e-15
8589.3 3.2235e-15
8591.6 3.2174e-15
8593.9 3.1793e-15
8596.2 3.1430e-15
8598.5 3.1210e-15
8600.8 3.1075e-15
8603.1 3.1093e-15
8605.4 3.1406e-15
8607.7 3.1957e-15
8610.0 3.2470e-15
8612.3 3.2626e-15
8614.6 3.2260e-15
8616.9 3.1628e-15
8619.2 3.1169e-15
8621.5 3.1145e-15
8623.7 3.1590e-15
8626.0 3.2229e-15
8628.3 3.2723e-15
8630.6 3.2818e-15
8632.9 3.2403e-15
8635.2 3.1787e-15
8637.5 3.1462e-15
8639.8 3.1606e-15
8642.1 3.2086e-15
8644.4 3.2576e-15
8646.7 3.2841e-15
8649.0 3.2894e-15
8651.3 3.2694e-15
8653.6 3.2236e-15
8655.9 3.1694e-15
8658.2 3.1239e-15
8660.5 3.1029e-15
8662.8 3.1048e-15
8665.1 3.1311e-15
8667.4 3.1829e-15
8669.7 3.2350e-15
8672.0 3.2624e-15
8674.3 3.2619e-15
8676.6 3.2368e-15
8678.9 3.1902e-15
8681.2 3.1437e-15
8683.5 3.1288e-15
8685.8 3.1489e-15
8688.1 3.1681e-15
8690.3 3.1852e-15
8692.6 3.2192e-15
8694.9 3.2545e-15
8697.2 3.2531e-15
8699.5 3.2066e-15
8701.8 3.1472e-15
8704.1 3.1200e-15
8706.4 3.1366e-15
8708.7 3.1818e-15
8711.0 3.2249e-15
8713.3 3.2543e-15
8715.6 3.2716e-15
8717.9 3.2567e-15
8720.2 3.2216e-15
8722.5 3.1919e-15
8724.8 3.1647e-15
8727.1 3.1316e-15
8729.4 3.1078e-15
8731.7 3.1246e-15
8734.0 3.1730e-15
8736.3 3.2232e-15
8738.6 3.2725e-15
8740.9 3.3241e-15
8743.2 3.3594e-15
8745.5 3.3465e-15
8747.8 3.2921e-15
8750.1 3.2253e-15
8752.4 3.1753e-15
8754.7 3.1536e-15
8756.9 3.1543e-15
8759.2 3.1892e-15
8761.5 3.2599e-15
8763.8 3.3439e-15
8766.1 3.4025e-15
8768.4 3.4014e-15
8770.7 3.3608e-15
8773.0 3.3094e-15
8775.3 3.2556e-15
8777.6 3.2163e-15
8779.9 3.1964e-15
8782.2 3.1980e-15
8784.5 3.2325e-15
8786.8 3.2975e-15
8789.1 3.3652e-15
8791.4 3.4152e-15
8793.7 3.4269e-15
8796.0 3.3878e-15
8798.3 3.3163e-15
8800.6 3.2460e-15
8802.9 3.2081e-15
8805.2 3.2016e-15
8807.5 3.2180e-15
8809.8 3.2683e-15
8812.1 3.3495e-15
8814.4 3.4145e-15
8816.7 3.4321e-15
8819.0 3.4008e-15
8821.2 3.3394e-15
8823.5 3.2867e-15
8825.8 3.2532e-15
8828.1 3.2150e-15
8830.4 3.1891e-15
8832.7 3.2264e-15
8835.0 3.3222e-15
8837.3 3.4155e-15
8839.6 3.4561e-15
8841.9 3.4389e-15
8844.2 3.3924e-15
8846.5 3.3295e-15
8848.8 3.2616e-15
8851.1 3.2219e-15
8853.4 3.2211e-15
8855.7 3.2475e-15
8858.0 3.3046e-15
8860.3 3.3763e-15
8862.6 3.4169e-15
8864.9 3.4211e-15
8867.2 3.4119e-15
8869.5 3.3755e-15
8871.8 3.3076e-15
8874.1 3.2355e-15
8876.4 3.1893e-15
8878.7 3.1957e-15
8881.0 3.2737e-15
8883.3 3.3977e-15
8885.6 3.4849e-15
8887.8 3.4756e-15
8890.1 3.4024e-15
8892.4 3.3342e-15
8894.7 3.2772e-15
8897.0 3.2189e-15
8899.3 3.1746e-15
8901.6 3.1569e-15
8903.9 3.1802e-15
8906.2 3.2428e-15
8908.5 3.3164e-15
8910.8 3.3665e-15
8913.1 3.3759e-15
8915.4 3.3348e-15
8917.7 3.2571e-15
8920.0 3.1936e-15
8922.3 3.1461e-15
8924.6 3.1045e-15
8926.9 3.0776e-15
8929.2 3.0797e-15
8931.5 3.1294e-15
8933.8 3.2061e-15
8936.1 3.2586e-15
8938.4 3.2588e-15
8940.7 3.1968e-15
8943.0 3.1007e-15
8945.3 3.0102e-15
8947.6 2.9402e-15
8949.9 2.9049e-15
8952.2 2.9386e-15
8954.4 3.0186e-15
8956.7 3.0636e-15
8959.0 3.0344e-15
8961.3 2.9747e-15
8963.6 2.9334e-15
8965.9 2.8871e-15
8968.2 2.8179e-15
8970.5 2.7807e-15
8972.8 2.8182e-15
8975.1 2.9039e-15
8977.4 2.9734e-15
8979.7 2.9784e-15
8982.0 2.8938e-15
8984.3 2.7276e-15
8986.6 2.5675e-15
8988.9 2.5297e-15
8991.2 2.6409e-15
8993.5 2.7827e-15
8995.8 2.8458e-15
8998.1 2.8505e-15
9000.4 2.8384e-15
9002.7 2.7948e-15
9005.0 2.7254e-15
9007.3 2.6746e-15
9009.6 2.6601e-15
9011.9 2.6706e-15
9014.2 2.7225e-15
9016.5 2.8327e-15
9018.7 2.9219e-15
9021.0 2.9120e-15
9023.3 2.8392e-15
9025.6 2.7826e-15
9027.9 2.7689e-15
9030.2 2.7882e-15
9032.5 2.8388e-15
9034.8 2.9068e-15
9037.1 2.9732e-15
9039.4 3.0241e-15
9041.7 3.0500e-15
9044.0 3.0507e-15
9046.3 3.0184e-15
9048.6 2.9414e-15
9050.9 2.8588e-15
9053.2 2.8231e-15
9055.5 2.8269e-15
9057.8 2.8557e-15
9060.1 2.9180e-15
9062.4 2.9843e-15
9064.7 2.9888e-15
9067.0 2.9280e-15
9069.3 2.8679e-15
9071.6 2.8395e-15
9073.9 2.8056e-15
9076.2 2.7429e-15
9078.5 2.6930e-15
9080.8 2.7107e-15
9083.1 2.8057e-15
9085.3 2.9356e-15
9087.6 3.0433e-15
9089.9 3.0886e-15
9092.2 3.0501e-15
9094.5 2.9417e-15
9096.8 2.8277e-15
9099.1 2.7787e-15
9101.4 2.7915e-15
9103.7 2.8206e-15
9106.0 2.8729e-15
9108.3 2.9570e-15
9110.6 3.0306e-15
9112.9 3.0534e-15
9115.2 3.0079e-15
9117.5 2.9347e-15
9119.8 2.8796e-15
9122.1 2.8257e-15
9124.4 2.7568e-15
9126.7 2.7043e-15
9129.0 2.7014e-15
9131.3 2.7429e-15
9133.6 2.8233e-15
9135.9 2.9314e-15
9138.2 2.9981e-15
9140.5 2.9829e-15
9142.8 2.9170e-15
9145.1 2.8269e-15
9147.4 2.7263e-15
9149.6 2.6559e-15
9151.9 2.6698e-15
9154.2 2.8010e-15
9156.5 2.9902e-15
9158.8 3.1242e-15
9161.1 3.1541e-15
9163.4 3.0951e-15
9165.7 2.9892e-15
9168.0 2.8735e-15
9170.3 2.7820e-15
9172.6 2.7658e-15
9174.9 2.8654e-15
9177.2 3.0345e-15
9179.5 3.1701e-15
9181.8 3.2306e-15
9184.1 3.2467e-15
9186.4 3.2358e-15
9188.7 3.1680e-15
9191.0 3.0349e-15
9193.3 2.9428e-15
9195.6 2.9781e-15
9197.9 3.0793e-15
9200.2 3.1769e-15
9202.5 3.2625e-15
9204.8 3.3480e-15
9207.1 3.4263e-15
9209.4 3.4406e-15
9211.7 3.3629e-15
9214.0 3.2544e-15
9216.2 3.1831e-15
9218.5 3.1584e-15
9220.8 3.1637e-15
9223.1 3.2106e-15
9225.4 3.3098e-15
9227.7 3.4086e-15
9230.0 3.4564e-15
9232.3 3.4447e-15
9234.6 3.3684e-15
9236.9 3.2491e-15
9239.2 3.1504e-15
9241.5 3.1366e-15
9243.8 3.2081e-15
9246.1 3.3093e-15
9248.4 3.4091e-15
9250.7 3.5111e-15
9253.0 3.5871e-15
9255.3 3.5632e-15
9257.6 3.4526e-15
9259.9 3.3655e-15
9262.2 3.3375e-15
9264.5 3.3211e-15
9266.8 3.3062e-15
9269.1 3.3255e-15
9271.4 3.3870e-15
9273.7 3.4432e-15
9276.0 3.4546e-15
9278.3 3.4240e-15
9280.6 3.3500e-15
9282.8 3.2421e-15
9285.1 3.1435e-15
9287.4 3.0883e-15
9289.7 3.0682e-15
9292.0 3.0727e-15
9294.3 3.1120e-15
9296.6 3.1654e-15
9298.9 3.1996e-15
9301.2 3.1796e-15
9303.5 3.0428e-15
9305.8 2.8302e-15
9308.1 2.6759e-15
9310.4 2.5597e-15
9312.7 2.4173e-15
9315.0 2.3656e-15
9317.3 2.4711e-15
9319.6 2.5862e-15
9321.9 2.6532e-15
9324.2 2.7474e-15
9326.5 2.8032e-15
9328.8 2.6838e-15
9331.1 2.4341e-15
9333.4 2.2386e-15
9335.7 2.1362e-15
9338.0 2.0195e-15
9340.3 1.9524e-15
9342.6 2.1639e-15
9344.9 2.6119e-15
9347.1 2.8982e-15
9349.4 2.7690e-15
9351.7 2.4421e-15
9354.0 2.2376e-15
9356.3 2.2567e-15
9358.6 2.4117e-15
9360.9 2.5084e-15
9363.2 2.4746e-15
9365.5 2.4247e-15
9367.8 2.5033e-15
9370.1 2.7127e-15
9372.4 2.8549e-15
9374.7 2.7986e-15
9377.0 2.6555e-15
9379.3 2.5792e-15
9381.6 2.5765e-15
9383.9 2.6288e-15
9386.2 2.7843e-15
9388.5 3.0322e-15
9390.8 3.2597e-15
9393.1 3.3461e-15
9395.4 3.3041e-15
9397.7 3.2448e-15
9400.0 3.2012e-15
9402.3 3.1025e-15
9404.6 2.9245e-15
9406.9 2.7500e-15
9409.2 2.7042e-15
9411.5 2.7990e-15
9413.7 2.9401e-15
9416.0 3.0785e-15
9418.3 3.1773e-15
9420.6 3.1000e-15
9422.9 2.8044e-15
9425.2 2.5467e-15
9427.5 2.5750e-15
9429.8 2.7604e-15
9432.1 2.7675e-15
9434.4 2.4857e-15
9436.7 2.1658e-15
9439.0 2.1340e-15
9441.3 2.4316e-15
9443.6 2.8454e-15
9445.9 3.1589e-15
9448.2 3.2250e-15
9450.5 3.0292e-15
9452.8 2.7174e-15
9455.1 2.4685e-15
9457.4 2.3760e-15
9459.7 2.4415e-15
9462.0 2.5662e-15
9464.3 2.6688e-15
9466.6 2.7807e-15
9468.9 2.9424e-15
9471.2 3.0988e-15
9473.5 3.1477e-15
9475.8 3.0124e-15
9478.1 2.8086e-15
9480.3 2.7721e-15
9482.6 2.9074e-15
9484.9 3.0111e-15
9487.2 2.9331e-15
9489.5 2.7176e-15
9491.8 2.5449e-15
9494.1 2.5038e-15
9496.4 2.5571e-15
9498.7 2.7411e-15
9501.0 3.0369e-15
9503.3 3.2460e-15
9505.6 3.2770e-15
9507.9 3.2209e-15
9510.2 3.1304e-15
9512.5 3.0180e-15
9514.8 2.9547e-15
9517.1 2.9791e-15
9519.4 3.0275e-15
9521.7 3.0302e-15
9524.0 2.9864e-15
9526.3 2.9605e-15
9528.6 2.9891e-15
9530.9 3.0193e-15
9533.2 3.0439e-15
9535.5 3.0911e-15
9537.8 3.1122e-15
9540.1 3.0921e-15
9542.4 3.0956e-15
9544.6 3.1160e-15
9546.9 3.0680e-15
9549.2 2.9093e-15
9551.5 2.7367e-15
9553.8 2.6802e-15
9556.1 2.7502e-15
9558.4 2.8601e-15
9560.7 2.9724e-15
9563.0 3.1103e-15
9565.3 3.2602e-15
9567.6 3.3919e-15
9569.9 3.4757e-15
9572.2 3.4534e-15
9574.5 3.2569e-15
9576.8 3.0072e-15
9579.1 2.9144e-15
9581.4 2.9417e-15
9583.7 2.9215e-15
9586.0 2.8762e-15
9588.3 2.9291e-15
9590.6 3.0611e-15
9592.9 3.1642e-15
9595.2 3.2017e-15
9597.5 3.1831e-15
9599.8 3.1091e-15
9602.1 3.0097e-15
9604.4 2.9985e-15
9606.7 3.1268e-15
9609.0 3.2852e-15
9611.2 3.3906e-15
9613.5 3.3972e-15
9615.8 3.2699e-15
9618.1 3.0795e-15
9620.4 2.9393e-15
9622.7 2.9203e-15
9625.0 2.9992e-15
9627.3 3.0882e-15
