3976.1 1.9720e-14
3978.9 2.1539e-14
3981.7 2.2528e-14
3984.5 2.2488e-14
3987.3 2.2548e-14
3990.1 2.2533e-14
3992.8 2.2209e-14
3995.6 2.1851e-14
3998.4 2.1797e-14
4001.2 2.1942e-14
4004.0 2.1832e-14
4006.8 2.2547e-14
4009.5 2.1466e-14
4012.3 2.0926e-14
4015.1 2.0291e-14
4017.9 2.0783e-14
4020.7 1.9760e-14
4023.5 1.9927e-14
4026.2 2.0113e-14
4029.0 1.9946e-14
4031.8 1.9782e-14
4034.6 1.9542e-14
4037.4 1.8880e-14
4040.1 1.8931e-14
4042.9 1.8902e-14
4045.7 1.8774e-14
4048.5 1.8500e-14
4051.3 1.8899e-14
4054.1 1.8269e-14
4056.8 1.8268e-14
4059.6 1.9161e-14
4062.4 1.9474e-14
4065.2 1.9438e-14
4068.0 1.8714e-14
4070.8 1.8568e-14
4073.5 1.9504e-14
4076.3 2.0186e-14
4079.1 2.0135e-14
4081.9 2.0228e-14
4084.7 2.0728e-14
4087.5 2.0390e-14
4090.2 2.0562e-14
4093.0 2.1084e-14
4095.8 2.0706e-14
4098.6 2.1072e-14
4101.4 2.1383e-14
4104.2 2.0860e-14
4106.9 2.1770e-14
4109.7 2.1573e-14
4112.5 2.1636e-14
4115.3 2.1981e-14
4118.1 2.1873e-14
4120.8 2.1668e-14
4123.6 2.1930e-14
4126.4 2.1634e-14
4129.2 2.1749e-14
4132.0 2.1457e-14
4134.8 2.1658e-14
4137.5 2.1781e-14
4140.3 2.0867e-14
4143.1 2.0661e-14
4145.9 2.1090e-14
4148.7 2.0841e-14
4151.5 2.0792e-14
4154.2 2.0587e-14
4157.0 2.0365e-14
4159.8 2.0762e-14
4162.6 1.9546e-14
4165.4 1.9757e-14
4168.2 1.9740e-14
4170.9 1.9734e-14
4173.7 1.9316e-14
4176.5 1.9232e-14
4179.3 1.8884e-14
4182.1 1.8827e-14
4184.8 1.8454e-14
4187.6 1.7600e-14
4190.4 1.8105e-14
4193.2 1.7969e-14
4196.0 1.7986e-14
4198.8 1.8066e-14
4201.5 1.7982e-14
4204.3 1.8105e-14
4207.1 1.8188e-14
4209.9 1.7516e-14
4212.7 1.8001e-14
4215.5 1.7617e-14
4218.2 1.7899e-14
4221.0 1.8063e-14
4223.8 1.7954e-14
4226.6 1.8202e-14
4229.4 1.8098e-14
4232.2 1.7490e-14
4234.9 1.7696e-14
4237.7 1.7213e-14
4240.5 1.6423e-14
4243.3 1.6708e-14
4246.1 1.6898e-14
4248.8 1.6410e-14
4251.6 1.6448e-14
4254.4 1.6323e-14
4257.2 1.5831e-14
4260.0 1.5240e-14
4262.8 1.5580e-14
4265.5 1.5341e-14
4268.3 1.5017e-14
4271.1 1.4486e-14
4273.9 1.4303e-14
4276.7 1.4584e-14
4279.5 1.4028e-14
4282.2 1.3498e-14
4285.0 1.3599e-14
4287.8 1.3360e-14
4290.6 1.3231e-14
4293.4 1.2968e-14
4296.2 1.2367e-14
4298.9 1.2627e-14
4301.7 1.2598e-14
4304.5 1.1925e-14
4307.3 1.1960e-14
4310.1 1.1910e-14
4312.8 1.1829e-14
4315.6 1.1814e-14
4318.4 1.1534e-14
4321.2 1.1338e-14
4324.0 1.1103e-14
4326.8 1.1160e-14
4329.5 1.0786e-14
4332.3 1.0612e-14
4335.1 1.0240e-14
4337.9 1.0045e-14
4340.7 1.0176e-14
4343.5 1.0118e-14
4346.2 9.8424e-15
4349.0 9.5943e-15
4351.8 9.8992e-15
4354.6 9.4388e-15
4357.4 9.3682e-15
4360.2 9.5242e-15
4362.9 9.5658e-15
4365.7 9.3061e-15
4368.5 9.6969e-15
4371.3 9.6224e-15
4374.1 9.4602e-15
4376.8 9.5844e-15
4379.6 9.8729e-15
4382.4 9.6275e-15
4385.2 9.9581e-15
4388.0 1.0151e-14
4390.8 1.0142e-14
4393.5 1.0195e-14
4396.3 1.0415e-14
4399.1 1.0328e-14
4401.9 1.0494e-14
4404.7 1.0514e-14
4407.5 1.0252e-14
4410.2 1.0707e-14
4413.0 1.0571e-14
4415.8 1.1000e-14
4418.6 1.1055e-14
4421.4 1.0926e-14
4424.2 1.1289e-14
4426.9 1.1313e-14
4429.7 1.1319e-14
4432.5 1.1488e-14
4435.3 1.1834e-14
4438.1 1.1645e-14
4440.9 1.1460e-14
4443.6 1.1824e-14
4446.4 1.1796e-14
4449.2 1.1410e-14
4452.0 1.1836e-14
4454.8 1.1503e-14
4457.5 1.1205e-14
4460.3 1.1615e-14
4463.1 1.1471e-14
4465.9 1.1382e-14
4468.7 1.1208e-14
4471.5 1.0724e-14
4474.2 1.1082e-14
4477.0 1.0884e-14
4479.8 1.0961e-14
4482.6 1.0608e-14
4485.4 1.0335e-14
4488.2 1.0214e-14
4490.9 1.0225e-14
4493.7 1.0347e-14
4496.5 1.0226e-14
4499.3 1.0620e-14
4502.1 1.0452e-14
4504.9 1.0812e-14
4507.6 1.0803e-14
4510.4 1.1219e-14
4513.2 1.0974e-14
4516.0 1.1461e-14
4518.8 1.1612e-14
4521.5 1.1527e-14
4524.3 1.2097e-14
4527.1 1.2144e-14
4529.9 1.2138e-14
4532.7 1.2489e-14
4535.5 1.2566e-14
4538.2 1.2565e-14
4541.0 1.2672e-14
4543.8 1.2703e-14
4546.6 1.2959e-14
4549.4 1.2770e-14
4552.2 1.2715e-14
4554.9 1.2611e-14
4557.7 1.2845e-14
4560.5 1.2842e-14
4563.3 1.3002e-14
4566.1 1.2798e-14
4568.9 1.2773e-14
4571.6 1.2857e-14
4574.4 1.2815e-14
4577.2 1.2938e-14
4580.0 1.2532e-14
4582.8 1.2657e-14
4585.5 1.2401e-14
4588.3 1.2227e-14
4591.1 1.2362e-14
4593.9 1.2368e-14
4596.7 1.2065e-14
4599.5 1.1925e-14
4602.2 1.1899e-14
4605.0 1.1999e-14
4607.8 1.1950e-14
4610.6 1.1734e-14
4613.4 1.1966e-14
4616.2 1.1816e-14
4618.9 1.1552e-14
4621.7 1.1914e-14
4624.5 1.1842e-14
4627.3 1.1977e-14
4630.1 1.1956e-14
4632.9 1.1780e-14
4635.6 1.1694e-14
4638.4 1.1521e-14
4641.2 1.1293e-14
4644.0 1.1721e-14
4646.8 1.1795e-14
4649.5 1.1805e-14
4652.3 1.1526e-14
4655.1 1.2095e-14
4657.9 1.1932e-14
4660.7 1.1746e-14
4663.5 1.1868e-14
4666.2 1.1734e-14
4669.0 1.1769e-14
4671.8 1.1925e-14
4674.6 1.1562e-14
4677.4 1.1116e-14
4680.2 1.1114e-14
4682.9 1.1200e-14
4685.7 1.1314e-14
4688.5 1.0785e-14
4691.3 1.0580e-14
4694.1 1.0645e-14
4696.9 1.0557e-14
4699.6 1.0299e-14
4702.4 1.0220e-14
4705.2 1.0397e-14
4708.0 1.0107e-14
4710.8 9.8110e-15
4713.5 9.6388e-15
4716.3 9.7470e-15
4719.1 9.5549e-15
4721.9 9.2872e-15
4724.7 9.0859e-15
4727.5 9.3117e-15
4730.2 9.0982e-15
4733.0 8.8724e-15
4735.8 8.9495e-15
4738.6 8.8675e-15
4741.4 8.8169e-15
4744.2 8.7722e-15
4746.9 8.7128e-15
4749.7 8.8794e-15
4752.5 8.7921e-15
4755.3 8.8265e-15
4758.1 9.0771e-15
4760.9 8.9560e-15
4763.6 8.7590e-15
4766.4 8.7702e-15
4769.2 8.8533e-15
4772.0 8.7547e-15
4774.8 8.8548e-15
4777.6 8.5487e-15
4780.3 8.6643e-15
4783.1 9.0587e-15
4785.9 8.5366e-15
4788.7 8.4701e-15
4791.5 8.3961e-15
4794.2 8.0528e-15
4797.0 7.9911e-15
4799.8 8.0312e-15
4802.6 7.9327e-15
4805.4 7.8967e-15
4808.2 7.9551e-15
4810.9 7.7877e-15
4813.7 7.8839e-15
4816.5 8.0338e-15
4819.3 7.7176e-15
4822.1 7.8993e-15
4824.9 7.6926e-15
4827.6 7.6218e-15
4830.4 7.5580e-15
4833.2 7.6304e-15
4836.0 7.8053e-15
4838.8 7.6837e-15
4841.6 7.6201e-15
4844.3 7.7383e-15
4847.1 7.7959e-15
4849.9 7.9089e-15
4852.7 7.8918e-15
4855.5 7.7009e-15
4858.2 7.8634e-15
4861.0 7.9009e-15
4863.8 7.7712e-15
4866.6 7.9083e-15
4869.4 7.7925e-15
4872.2 7.5226e-15
4874.9 7.5596e-15
4877.7 7.5561e-15
4880.5 7.4964e-15
4883.3 7.3134e-15
4886.1 7.1596e-15
4888.9 7.1814e-15
4891.6 7.0603e-15
4894.4 6.9481e-15
4897.2 6.9035e-15
4900.0 6.6935e-15
4902.8 6.5936e-15
4905.6 6.4576e-15
4908.3 6.3029e-15
4911.1 6.3403e-15
4913.9 6.3620e-15
4916.7 6.2038e-15
4919.5 6.1008e-15
4922.2 5.9752e-15
4925.0 5.8201e-15
4927.8 5.8278e-15
4930.6 5.7790e-15
4933.4 5.8828e-15
4936.2 6.0767e-15
4938.9 5.9843e-15
4941.7 6.0250e-15
4944.5 6.1623e-15
4947.3 6.0999e-15
4950.1 6.2409e-15
4952.9 6.2332e-15
4955.6 6.2668e-15
4958.4 6.4759e-15
4961.2 6.4413e-15
4964.0 6.5382e-15
4966.8 6.5781e-15
4969.6 6.6552e-15
4972.3 6.8412e-15
4975.1 6.6889e-15
4977.9 6.6554e-15
4980.7 6.5893e-15
4983.5 6.5545e-15
4986.2 6.5239e-15
4989.0 6.6331e-15
4991.8 6.7036e-15
4994.6 6.5653e-15
4997.4 6.7169e-15
5000.2 6.6658e-15
5002.9 6.5528e-15
5005.7 6.5997e-15
5008.5 6.6320e-15
5011.3 6.7345e-15
5014.1 6.6277e-15
5016.9 6.5048e-15
5019.6 6.5375e-15
5022.4 6.5925e-15
5025.2 6.4264e-15
5028.0 6.3882e-15
5030.8 6.5458e-15
5033.6 6.4420e-15
5036.3 6.3911e-15
5039.1 6.4728e-15
5041.9 6.3745e-15
5044.7 6.3255e-15
5047.5 6.3357e-15
5050.2 6.3548e-15
5053.0 6.2901e-15
5055.8 6.2520e-15
5058.6 6.5194e-15
5061.4 6.5935e-15
5064.2 6.5800e-15
5066.9 6.4015e-15
5069.7 6.3447e-15
5072.5 6.4606e-15
5075.3 6.5075e-15
5078.1 6.6361e-15
5080.9 6.6410e-15
5083.6 6.8749e-15
5086.4 6.7916e-15
5089.2 6.7367e-15
5092.0 6.8866e-15
5094.8 6.7648e-15
5097.6 7.0046e-15
5100.3 7.0603e-15
5103.1 7.0826e-15
5105.9 7.1512e-15
5108.7 7.2169e-15
5111.5 7.2471e-15
5114.3 7.2470e-15
5117.0 7.2866e-15
5119.8 7.3411e-15
5122.6 7.4322e-15
5125.4 7.3913e-15
5128.2 7.4779e-15
5130.9 7.6615e-15
5133.7 7.6459e-15
5136.5 7.7873e-15
5139.3 7.7233e-15
5142.1 8.0163e-15
5144.9 8.0844e-15
5147.6 7.8318e-15
5150.4 7.9386e-15
5153.2 8.2221e-15
5156.0 8.1337e-15
5158.8 8.1687e-15
5161.6 8.3091e-15
5164.3 8.2184e-15
5167.1 8.1581e-15
5169.9 8.2503e-15
5172.7 8.3962e-15
5175.5 8.4172e-15
5178.3 8.3286e-15
5181.0 8.4869e-15
5183.8 8.3846e-15
5186.6 8.5367e-15
5189.4 8.3808e-15
5192.2 8.3517e-15
5194.9 8.2727e-15
5197.7 8.1775e-15
5200.5 8.2563e-15
5203.3 8.2186e-15
5206.1 8.1666e-15
5208.9 7.9967e-15
5211.6 7.8988e-15
5214.4 7.8794e-15
5217.2 7.7969e-15
5220.0 7.8859e-15
5222.8 7.7899e-15
5225.6 7.7883e-15
5228.3 7.7529e-15
5231.1 7.9826e-15
5233.9 7.7478e-15
5236.7 7.6399e-15
5239.5 7.7379e-15
5242.3 7.6124e-15
5245.0 7.7072e-15
5247.8 7.7233e-15
5250.6 7.6897e-15
5253.4 7.6973e-15
5256.2 7.6126e-15
5258.9 7.5775e-15
5261.7 7.8296e-15
5264.5 8.2863e-15
5267.3 8.1049e-15
5270.1 8.1757e-15
5272.9 7.5183e-15
5275.6 7.3563e-15
5278.4 7.3124e-15
5281.2 7.1782e-15
5284.0 7.1468e-15
5286.8 7.2182e-15
5289.6 7.0545e-15
5292.3 6.8057e-15
5295.1 6.6942e-15
5297.9 6.5024e-15
5300.7 6.2903e-15
5303.5 6.2257e-15
5306.3 6.1574e-15
5309.0 6.0657e-15
5311.8 6.1448e-15
5314.6 5.8460e-15
5317.4 5.5212e-15
5320.2 5.4889e-15
5322.9 5.5021e-15
5325.7 5.3714e-15
5328.5 5.0401e-15
5331.3 5.1701e-15
5334.1 5.0381e-15
5336.9 5.0857e-15
5339.6 4.8639e-15
5342.4 4.9388e-15
5345.2 4.9731e-15
5348.0 5.1259e-15
5350.8 4.9096e-15
5353.6 4.9171e-15
5356.3 4.9890e-15
5359.1 4.8542e-15
5361.9 4.9098e-15
5364.7 4.8972e-15
5367.5 4.9658e-15
5370.3 4.9960e-15
5373.0 5.0104e-15
5375.8 5.0221e-15
5378.6 5.1649e-15
5381.4 5.0504e-15
5384.2 4.9758e-15
5387.0 5.0266e-15
5389.7 5.2266e-15
5392.5 5.1975e-15
5395.3 5.1567e-15
5398.1 5.2722e-15
5400.9 5.3167e-15
5403.6 5.3582e-15
5406.4 5.3376e-15
5409.2 5.3632e-15
5412.0 5.4053e-15
5414.8 5.6776e-15
5417.6 5.7484e-15
5420.3 5.5739e-15
5423.1 5.6334e-15
5425.9 5.7964e-15
5428.7 5.8392e-15
5431.5 5.8892e-15
5434.3 5.7081e-15
5437.0 5.8219e-15
5439.8 5.7934e-15
5442.6 5.7672e-15
5445.4 5.6417e-15
5448.2 5.7471e-15
5451.0 5.7876e-15
5453.7 5.6428e-15
5456.5 5.6504e-15
5459.3 5.7383e-15
5462.1 5.5749e-15
5464.9 5.5271e-15
5467.6 5.5975e-15
5470.4 5.4864e-15
5473.2 5.4463e-15
5476.0 5.3108e-15
5478.8 5.2903e-15
5481.6 5.2820e-15
5484.3 5.1948e-15
5487.1 5.1117e-15
5489.9 5.1025e-15
5492.7 4.9966e-15
5495.5 5.0365e-15
5498.3 4.9449e-15
5501.0 4.9035e-15
5503.8 4.6687e-15
5506.6 4.6310e-15
5509.4 4.7351e-15
5512.2 4.5612e-15
5515.0 4.5700e-15
5517.7 4.6425e-15
5520.5 4.5668e-15
5523.3 4.5358e-15
5526.1 4.5231e-15
5528.9 4.4901e-15
5531.6 4.3813e-15
5534.4 4.4894e-15
5537.2 4.4576e-15
5540.0 4.4855e-15
5542.8 4.5374e-15
5545.6 4.5668e-15
5548.3 4.5878e-15
5551.1 4.7647e-15
5553.9 4.7628e-15
5556.7 4.8567e-15
5559.5 5.0685e-15
5562.3 5.0386e-15
5565.0 5.1979e-15
5567.8 5.2257e-15
5570.6 5.3152e-15
5573.4 5.4054e-15
5576.2 5.3813e-15
5579.0 5.5477e-15
5581.7 5.6237e-15
5584.5 5.5968e-15
5587.3 5.6607e-15
5590.1 5.7460e-15
5592.9 5.8176e-15
5595.6 5.9122e-15
5598.4 6.0052e-15
5601.2 5.9872e-15
5604.0 6.1203e-15
5606.8 6.2265e-15
5609.6 6.1174e-15
5612.3 6.1430e-15
5615.1 6.2957e-15
5617.9 6.3766e-15
5620.7 6.2791e-15
5623.5 6.2712e-15
5626.3 6.3192e-15
5629.0 6.3241e-15
5631.8 6.3856e-15
5634.6 6.2733e-15
5637.4 6.1854e-15
5640.2 6.2600e-15
5643.0 6.2454e-15
5645.7 6.1231e-15
5648.5 6.2705e-15
5651.3 6.2877e-15
5654.1 6.2022e-15
5656.9 6.2282e-15
5659.6 6.3801e-15
5662.4 6.3659e-15
5665.2 6.3406e-15
5668.0 6.2392e-15
5670.8 6.2254e-15
5673.6 6.3262e-15
5676.3 6.4021e-15
5679.1 6.3223e-15
5681.9 6.4143e-15
5684.7 6.4112e-15
5687.5 6.4701e-15
5690.3 6.3357e-15
5693.0 6.2828e-15
5695.8 6.1531e-15
5698.6 6.2955e-15
5701.4 6.3055e-15
5704.2 6.2036e-15
5707.0 6.1067e-15
5709.7 6.1726e-15
5712.5 6.0909e-15
5715.3 6.1558e-15
5718.1 6.1488e-15
5720.9 6.1991e-15
5723.7 6.2726e-15
5726.4 6.1898e-15
5729.2 5.9980e-15
5732.0 6.0142e-15
5734.8 6.0465e-15
5737.6 6.0559e-15
5740.3 6.0485e-15
5743.1 6.0571e-15
5745.9 6.0241e-15
5748.7 6.0097e-15
5751.5 6.0651e-15
5754.3 6.0415e-15
5757.0 5.9545e-15
5759.8 6.0816e-15
5762.6 6.0027e-15
5765.4 6.0081e-15
5768.2 5.9278e-15
5771.0 5.8731e-15
5773.7 5.8286e-15
5776.5 5.9251e-15
5779.3 5.8035e-15
5782.1 5.8780e-15
5784.9 5.8372e-15
5787.7 5.9027e-15
5790.4 5.8374e-15
5793.2 5.7432e-15
5796.0 5.8119e-15
5798.8 5.6920e-15
5801.6 5.7306e-15
5804.3 5.7707e-15
5807.1 5.6802e-15
5809.9 5.6684e-15
5812.7 5.7189e-15
5815.5 5.6300e-15
5818.3 5.5147e-15
5821.0 5.5656e-15
5823.8 5.6612e-15
5826.6 5.6276e-15
5829.4 5.5667e-15
5832.2 5.5545e-15
5835.0 5.4126e-15
5837.7 5.4160e-15
5840.5 5.5320e-15
5843.3 5.6203e-15
5846.1 5.3895e-15
5848.9 5.3233e-15
5851.7 5.3627e-15
5854.4 5.4251e-15
5857.2 5.5160e-15
5860.0 5.5219e-15
5862.8 5.4520e-15
5865.6 5.4592e-15
5868.3 5.4591e-15
5871.1 5.4919e-15
5873.9 5.5277e-15
5876.7 5.5370e-15
5879.5 5.3668e-15
5882.3 5.2144e-15
5885.0 5.3296e-15
5887.8 5.4113e-15
5890.6 5.5052e-15
5893.4 5.5198e-15
5896.2 5.4762e-15
5899.0 5.5450e-15
5901.7 5.4978e-15
5904.5 5.5294e-15
5907.3 5.5096e-15
5910.1 5.6017e-15
5912.9 5.5283e-15
5915.7 5.5538e-15
5918.4 5.6525e-15
5921.2 5.4978e-15
5924.0 5.6402e-15
5926.8 5.5174e-15
5929.6 5.6002e-15
5932.3 5.5685e-15
5935.1 5.3384e-15
5937.9 5.4301e-15
5940.7 5.5937e-15
5943.5 5.5398e-15
5946.3 5.5356e-15
5949.0 5.5921e-15
5951.8 5.4492e-15
5954.6 5.5608e-15
5957.4 5.6378e-15
5960.2 5.6086e-15
5963.0 5.5065e-15
5965.7 5.4338e-15
5968.5 5.5261e-15
5971.3 5.5011e-15
5974.1 5.5360e-15
5976.9 5.6190e-15
5979.7 5.6056e-15
5982.4 5.5964e-15
5985.2 5.6715e-15
5988.0 5.5491e-15
5990.8 5.3703e-15
5993.6 5.5272e-15
5996.3 5.5819e-15
5999.1 5.4693e-15
6001.9 5.4772e-15
6004.7 5.5693e-15
6007.5 5.4334e-15
6010.3 5.3566e-15
6013.0 5.4046e-15
6015.8 5.4784e-15
6018.6 5.4037e-15
6021.4 5.4271e-15
6024.2 5.3778e-15
6027.0 5.3332e-15
6029.7 5.3085e-15
6032.5 5.3535e-15
6035.3 5.3588e-15
6038.1 5.3225e-15
6040.9 5.4094e-15
6043.7 5.3591e-15
6046.4 5.3275e-15
6049.2 5.3874e-15
6052.0 5.3853e-15
6054.8 5.3211e-15
6057.6 5.2959e-15
6060.4 5.3114e-15
6063.1 5.3353e-15
6065.9 5.3116e-15
6068.7 5.1788e-15
6071.5 5.1780e-15
6074.3 5.1875e-15
6077.0 5.0940e-15
6079.8 4.9948e-15
6082.6 5.1021e-15
6085.4 5.1062e-15
6088.2 5.1160e-15
6091.0 5.1096e-15
6093.7 5.0619e-15
6096.5 4.9304e-15
6099.3 4.9502e-15
6102.1 4.8626e-15
6104.9 4.8140e-15
6107.7 4.8163e-15
6110.4 4.7347e-15
6113.2 4.6835e-15
6116.0 4.5794e-15
6118.8 4.5560e-15
6121.6 4.4797e-15
6124.4 4.3765e-15
6127.1 4.2792e-15
6129.9 4.1230e-15
6132.7 4.0982e-15
6135.5 4.0082e-15
6138.3 3.7394e-15
6141.0 3.5986e-15
6143.8 3.5451e-15
6146.6 3.4569e-15
6149.4 3.3728e-15
6152.2 3.2454e-15
6155.0 3.1520e-15
6157.7 3.0333e-15
6160.5 2.9518e-15
6163.3 2.8259e-15
6166.1 2.6810e-15
6168.9 2.6719e-15
6171.7 2.5633e-15
6174.4 2.5269e-15
6177.2 2.4363e-15
6180.0 2.3089e-15
6182.8 2.2848e-15
6185.6 2.2562e-15
6188.4 2.1999e-15
6191.1 2.1937e-15
6193.9 2.1160e-15
6196.7 2.0909e-15
6199.5 2.0906e-15
6202.3 2.0894e-15
6205.0 2.0899e-15
6207.8 2.0400e-15
6210.6 1.9577e-15
6213.4 2.1291e-15
6216.2 2.1743e-15
6219.0 2.1391e-15
6221.7 2.1920e-15
6224.5 2.2330e-15
6227.3 2.2632e-15
6230.1 2.3755e-15
6232.9 2.3131e-15
6235.7 2.3510e-15
6238.4 2.4679e-15
6241.2 2.4859e-15
6244.0 2.5069e-15
6246.8 2.5941e-15
6249.6 2.6045e-15
6252.4 2.7372e-15
6255.1 2.7552e-15
6257.9 2.8602e-15
6260.7 2.9322e-15
6263.5 3.0278e-15
6266.3 3.1224e-15
6269.0 3.1916e-15
6271.8 3.3571e-15
6274.6 3.4896e-15
6277.4 3.5490e-15
6280.2 3.5737e-15
6283.0 3.6266e-15
6285.7 3.6986e-15
6288.5 3.7691e-15
6291.3 3.8510e-15
6294.1 3.9101e-15
6296.9 3.8931e-15
6299.7 4.0598e-15
6302.4 4.0799e-15
6305.2 4.1165e-15
6308.0 4.2251e-15
6310.8 4.2220e-15
6313.6 4.1658e-15
6316.4 4.3521e-15
6319.1 4.4227e-15
6321.9 4.3694e-15
6324.7 4.4727e-15
6327.5 4.4988e-15
6330.3 4.4825e-15
6333.0 4.4854e-15
6335.8 4.5460e-15
6338.6 4.5938e-15
6341.4 4.7055e-15
6344.2 4.7041e-15
6347.0 4.7397e-15
6349.7 4.7680e-15
6352.5 4.8175e-15
6355.3 4.8648e-15
6358.1 4.8411e-15
6360.9 4.7868e-15
6363.7 4.8260e-15
6366.4 4.8022e-15
6369.2 4.8116e-15
6372.0 4.8740e-15
6374.8 4.8418e-15
6377.6 4.7783e-15
6380.4 4.8300e-15
6383.1 4.7998e-15
6385.9 4.7885e-15
6388.7 4.7532e-15
6391.5 4.6882e-15
6394.3 4.6259e-15
6397.1 4.6852e-15
6399.8 4.6108e-15
6402.6 4.6240e-15
6405.4 4.6932e-15
6408.2 4.5757e-15
6411.0 4.5933e-15
6413.7 4.5758e-15
6416.5 4.5840e-15
6419.3 4.5036e-15
6422.1 4.4201e-15
6424.9 4.4980e-15
6427.7 4.4296e-15
6430.4 4.4205e-15
6433.2 4.3802e-15
6436.0 4.3820e-15
6438.8 4.3391e-15
6441.6 4.3613e-15
6444.4 4.3804e-15
6447.1 4.3985e-15
6449.9 4.4842e-15
6452.7 4.4153e-15
6455.5 4.3063e-15
6458.3 4.3364e-15
6461.1 4.3641e-15
6463.8 4.3631e-15
6466.6 4.4176e-15
6469.4 4.3632e-15
6472.2 4.2689e-15
6475.0 4.2783e-15
6477.7 4.2820e-15
6480.5 4.4221e-15
6483.3 4.4319e-15
6486.1 4.3508e-15
6488.9 4.3500e-15
6491.7 4.3322e-15
6494.4 4.3014e-15
6497.2 4.2948e-15
6500.0 4.3559e-15
6502.8 4.2965e-15
6505.6 4.4295e-15
6508.4 4.2686e-15
6511.1 4.2680e-15
6513.9 4.2540e-15
6516.7 4.3552e-15
6519.5 4.2847e-15
6522.3 4.3176e-15
6525.1 4.3558e-15
6527.8 4.2377e-15
6530.6 4.2777e-15
6533.4 4.3336e-15
6536.2 4.3803e-15
6539.0 4.2000e-15
6541.7 4.1170e-15
6544.5 4.2206e-15
6547.3 4.1539e-15
6550.1 4.1708e-15
6552.9 4.1233e-15
6555.7 4.0962e-15
6558.4 4.1408e-15
6561.2 4.1463e-15
6564.0 4.1205e-15
6566.8 4.1174e-15
6569.6 4.1190e-15
6572.4 4.1284e-15
6575.1 4.1067e-15
6577.9 4.0457e-15
6580.7 3.9587e-15
6583.5 3.8512e-15
6586.3 3.9014e-15
6589.1 3.9637e-15
6591.8 3.9503e-15
6594.6 3.9732e-15
6597.4 4.0331e-15
6600.2 4.0955e-15
6603.0 4.0311e-15
6605.7 3.9717e-15
6608.5 4.0749e-15
6611.3 3.9924e-15
6614.1 4.0240e-15
6616.9 3.9461e-15
6619.7 3.9440e-15
6622.4 3.9473e-15
6625.2 3.9892e-15
6628.0 3.9883e-15
6630.8 3.9519e-15
6633.6 3.9702e-15
6636.4 3.9455e-15
6639.1 3.8910e-15
6641.9 3.7858e-15
6644.7 3.8411e-15
6647.5 3.7253e-15
6650.3 3.7682e-15
6653.1 3.7622e-15
6655.8 3.7573e-15
6658.6 3.7229e-15
6661.4 3.6904e-15
6664.2 3.6802e-15
6667.0 3.7098e-15
6669.8 3.6680e-15
6672.5 3.6014e-15
6675.3 3.6506e-15
6678.1 3.5978e-15
6680.9 3.6046e-15
6683.7 3.6422e-15
6686.4 3.5488e-15
6689.2 3.5720e-15
6692.0 3.5212e-15
6694.8 3.5117e-15
6697.6 3.4846e-15
6700.4 3.5455e-15
6703.1 3.4756e-15
6705.9 3.5397e-15
6708.7 3.4241e-15
6711.5 3.4592e-15
6714.3 3.4229e-15
6717.1 3.4274e-15
6719.8 3.3718e-15
6722.6 3.4457e-15
6725.4 3.4039e-15
6728.2 3.4283e-15
6731.0 3.4207e-15
6733.8 3.3724e-15
6736.5 3.3397e-15
6739.3 3.3642e-15
6742.1 3.3404e-15
6744.9 3.3008e-15
6747.7 3.3370e-15
6750.4 3.3566e-15
6753.2 3.3137e-15
6756.0 3.2938e-15
6758.8 3.2985e-15
6761.6 3.3094e-15
6764.4 3.3041e-15
6767.1 3.2763e-15
6769.9 3.2052e-15
6772.7 3.2252e-15
6775.5 3.2628e-15
6778.3 3.1979e-15
6781.1 3.2306e-15
6783.8 3.1891e-15
6786.6 3.1651e-15
6789.4 3.1409e-15
6792.2 3.2282e-15
6795.0 3.1308e-15
6797.8 3.0546e-15
6800.5 3.1593e-15
6803.3 3.1584e-15
6806.1 3.1702e-15
6808.9 3.1893e-15
6811.7 3.1412e-15
6814.4 3.1260e-15
6817.2 3.1232e-15
6820.0 3.0506e-15
6822.8 3.0787e-15
6825.6 3.1027e-15
6828.4 2.9673e-15
6831.1 3.0493e-15
6833.9 3.0637e-15
6836.7 3.0518e-15
6839.5 2.9659e-15
6842.3 2.9455e-15
6845.1 2.9534e-15
6847.8 2.9523e-15
6850.6 2.9666e-15
6853.4 3.0041e-15
6856.2 2.9426e-15
6859.0 2.8333e-15
6861.8 2.8644e-15
6864.5 2.8174e-15
6867.3 2.8613e-15
6870.1 2.9530e-15
6872.9 2.8902e-15
6875.7 2.8495e-15
6878.4 2.8559e-15
6881.2 2.9014e-15
6884.0 2.8874e-15
6886.8 2.8646e-15
6889.6 2.7952e-15
6892.4 2.9041e-15
6895.1 2.8583e-15
6897.9 2.8715e-15
6900.7 2.8971e-15
6903.5 2.8679e-15
6906.3 2.9565e-15
6909.1 2.8787e-15
6911.8 2.8651e-15
6914.6 2.9091e-15
6917.4 2.8945e-15
6920.2 2.9004e-15
6923.0 2.9360e-15
6925.8 2.9239e-15
6928.5 2.8901e-15
6931.3 2.8740e-15
6934.1 2.8928e-15
6936.9 2.8933e-15
6939.7 2.8231e-15
6942.4 2.8122e-15
6945.2 2.8326e-15
6948.0 2.7917e-15
6950.8 2.8547e-15
6953.6 2.8993e-15
6956.4 2.7541e-15
6959.1 2.7692e-15
6961.9 2.7762e-15
6964.7 2.6769e-15
6967.5 2.6856e-15
6970.3 2.7274e-15
6973.1 2.7897e-15
6975.8 2.7308e-15
6978.6 2.7493e-15
6981.4 2.7541e-15
6984.2 2.7281e-15
6987.0 2.7237e-15
6989.8 2.6483e-15
6992.5 2.6867e-15
6995.3 2.7617e-15
6998.1 2.7393e-15
7000.9 2.7284e-15
7003.7 2.7291e-15
7006.5 2.7443e-15
7009.2 2.7543e-15
7012.0 2.7446e-15
7014.8 2.7173e-15
7017.6 2.6910e-15
7020.4 2.6834e-15
7023.1 2.7056e-15
7025.9 2.7368e-15
7028.7 2.7360e-15
7031.5 2.7214e-15
7034.3 2.7233e-15
7037.1 2.7275e-15
7039.8 2.7180e-15
7042.6 2.6941e-15
7045.4 2.6742e-15
7048.2 2.6717e-15
7051.0 2.6754e-15
7053.8 2.6645e-15
7056.5 2.6512e-15
7059.3 2.6477e-15
7062.1 2.6368e-15
7064.9 2.6184e-15
7067.7 2.6123e-15
7070.5 2.6046e-15
7073.2 2.5811e-15
7076.0 2.5555e-15
7078.8 2.5536e-15
7081.6 2.5666e-15
7084.4 2.5591e-15
7087.1 2.5346e-15
7089.9 2.5223e-15
7092.7 2.5245e-15
7095.5 2.5154e-15
7098.3 2.5010e-15
7101.1 2.5191e-15
7103.8 2.5625e-15
7106.6 2.5901e-15
7109.4 2.5836e-15
7112.2 2.5706e-15
7115.0 2.5752e-15
7117.8 2.5790e-15
7120.5 2.5663e-15
7123.3 2.5557e-15
7126.1 2.5635e-15
7128.9 2.5887e-15
7131.7 2.5990e-15
7134.5 2.5751e-15
7137.2 2.5479e-15
7140.0 2.5481e-15
7142.8 2.5685e-15
7145.6 2.5841e-15
7148.4 2.5719e-15
7151.1 2.5440e-15
7153.9 2.5324e-15
7156.7 2.5356e-15
7159.5 2.5513e-15
7162.3 2.5823e-15
7165.1 2.6136e-15
7167.8 2.6330e-15
7170.6 2.6333e-15
7173.4 2.6133e-15
7176.2 2.5881e-15
7179.0 2.5948e-15
7181.8 2.6363e-15
7184.5 2.6675e-15
7187.3 2.6542e-15
7190.1 2.6102e-15
7192.9 2.5871e-15
7195.7 2.5982e-15
7198.5 2.6160e-15
7201.2 2.6155e-15
7204.0 2.6006e-15
7206.8 2.5842e-15
7209.6 2.5670e-15
7212.4 2.5625e-15
7215.1 2.5773e-15
7217.9 2.5872e-15
7220.7 2.5784e-15
7223.5 2.5707e-15
7226.3 2.5828e-15
7229.1 2.6000e-15
7231.8 2.6062e-15
7234.6 2.6147e-15
7237.4 2.6277e-15
7240.2 2.6280e-15
7243.0 2.6140e-15
7245.8 2.5995e-15
7248.5 2.5895e-15
7251.3 2.5831e-15
7254.1 2.5935e-15
7256.9 2.6245e-15
7259.7 2.6499e-15
7262.5 2.6517e-15
7265.2 2.6356e-15
7268.0 2.6031e-15
7270.8 2.5741e-15
7273.6 2.5702e-15
7276.4 2.5828e-15
7279.1 2.5939e-15
7281.9 2.5995e-15
7284.7 2.6006e-15
7287.5 2.5862e-15
7290.3 2.5606e-15
7293.1 2.5541e-15
7295.8 2.5596e-15
7298.6 2.5429e-15
7301.4 2.5261e-15
7304.2 2.5402e-15
7307.0 2.5522e-15
7309.8 2.5392e-15
7312.5 2.5134e-15
7315.3 2.4765e-15
7318.1 2.4524e-15
7320.9 2.4589e-15
7323.7 2.4769e-15
7326.5 2.4950e-15
7329.2 2.5220e-15
7332.0 2.5421e-15
7334.8 2.5305e-15
7337.6 2.5092e-15
7340.4 2.4908e-15
7343.2 2.4726e-15
7345.9 2.4778e-15
7348.7 2.4962e-15
7351.5 2.4909e-15
7354.3 2.4698e-15
7357.1 2.4725e-15
7359.8 2.4877e-15
7362.6 2.4889e-15
7365.4 2.5007e-15
7368.2 2.5381e-15
7371.0 2.5725e-15
7373.8 2.5738e-15
7376.5 2.5600e-15
7379.3 2.5670e-15
7382.1 2.5853e-15
7384.9 2.5827e-15
7387.7 2.5627e-15
7390.5 2.5496e-15
7393.2 2.5328e-15
7396.0 2.4997e-15
7398.8 2.4620e-15
7401.6 2.4291e-15
7404.4 2.4124e-15
7407.2 2.4108e-15
7409.9 2.4141e-15
7412.7 2.4225e-15
7415.5 2.4329e-15
7418.3 2.4366e-15
7421.1 2.4154e-15
7423.8 2.3738e-15
7426.6 2.3516e-15
7429.4 2.3468e-15
7432.2 2.3292e-15
7435.0 2.3093e-15
7437.8 2.3053e-15
7440.5 2.3115e-15
7443.3 2.3269e-15
7446.1 2.3467e-15
7448.9 2.3379e-15
7451.7 2.3044e-15
7454.5 2.2917e-15
7457.2 2.2994e-15
7460.0 2.3042e-15
7462.8 2.3077e-15
7465.6 2.3152e-15
7468.4 2.3369e-15
7471.2 2.3707e-15
7473.9 2.3810e-15
7476.7 2.3549e-15
7479.5 2.3180e-15
7482.3 2.2973e-15
7485.1 2.2923e-15
7487.8 2.3000e-15
7490.6 2.3216e-15
7493.4 2.3377e-15
7496.2 2.3344e-15
7499.0 2.3182e-15
7501.8 2.3008e-15
7504.5 2.2870e-15
7507.3 2.2701e-15
7510.1 2.2563e-15
7512.9 2.2542e-15
7515.7 2.2410e-15
7518.5 2.2202e-15
7521.2 2.2176e-15
7524.0 2.2177e-15
7526.8 2.2116e-15
7529.6 2.2095e-15
7532.4 2.2121e-15
7535.2 2.2059e-15
7537.9 2.1984e-15
7540.7 2.2026e-15
7543.5 2.2091e-15
7546.3 2.2056e-15
7549.1 2.1920e-15
7551.8 2.1727e-15
7554.6 2.1756e-15
7557.4 2.2092e-15
7560.2 2.2249e-15
7563.0 2.2137e-15
7565.8 2.2027e-15
7568.5 2.1858e-15
7571.3 2.1591e-15
7574.1 2.1427e-15
7576.9 2.1379e-15
7579.7 2.1244e-15
7582.5 2.1193e-15
7585.2 2.1281e-15
7588.0 2.1074e-15
7590.8 2.0501e-15
7593.6 2.0032e-15
7596.4 1.9902e-15
7599.2 2.0075e-15
7601.9 2.0492e-15
7604.7 2.1033e-15
7607.5 2.1510e-15
7610.3 2.1782e-15
7613.1 2.1743e-15
7615.9 2.1315e-15
7618.6 2.0762e-15
7621.4 2.0483e-15
7624.2 2.0617e-15
7627.0 2.1076e-15
7629.8 2.1465e-15
7632.5 2.1664e-15
7635.3 2.1868e-15
7638.1 2.1814e-15
7640.9 2.1489e-15
7643.7 2.1409e-15
7646.5 2.1682e-15
7649.2 2.2036e-15
7652.0 2.2149e-15
7654.8 2.2108e-15
7657.6 2.2218e-15
7660.4 2.2320e-15
7663.2 2.2335e-15
7665.9 2.2365e-15
7668.7 2.2373e-15
7671.5 2.2578e-15
7674.3 2.3035e-15
7677.1 2.3269e-15
7679.9 2.3061e-15
7682.6 2.2776e-15
7685.4 2.2879e-15
7688.2 2.3259e-15
7691.0 2.3436e-15
7693.8 2.3385e-15
7696.5 2.3457e-15
7699.3 2.3660e-15
7702.1 2.3754e-15
7704.9 2.3720e-15
7707.7 2.3599e-15
7710.5 2.3498e-15
7713.2 2.3510e-15
7716.0 2.3670e-15
7718.8 2.3741e-15
7721.6 2.3707e-15
7724.4 2.3820e-15
7727.2 2.3967e-15
7729.9 2.3993e-15
7732.7 2.4049e-15
7735.5 2.4216e-15
7738.3 2.4406e-15
7741.1 2.4453e-15
7743.9 2.4256e-15
7746.6 2.4062e-15
7749.4 2.4218e-15
7752.2 2.4585e-15
7755.0 2.4759e-15
7757.8 2.4750e-15
7760.5 2.4941e-15
7763.3 2.5347e-15
7766.1 2.5583e-15
7768.9 2.5667e-15
7771.7 2.5848e-15
7774.5 2.6096e-15
7777.2 2.6313e-15
7780.0 2.6320e-15
7782.8 2.6184e-15
7785.6 2.6220e-15
7788.4 2.6346e-15
7791.2 2.6214e-15
7793.9 2.6064e-15
7796.7 2.6502e-15
7799.5 2.7389e-15
7802.3 2.7909e-15
7805.1 2.7804e-15
7807.9 2.7675e-15
7810.6 2.7839e-15
7813.4 2.8163e-15
7816.2 2.8457e-15
7819.0 2.8601e-15
7821.8 2.8900e-15
7824.5 2.9403e-15
7827.3 2.9647e-15
7830.1 2.9852e-15
7832.9 3.0361e-15
7835.7 3.0986e-15
7838.5 3.1565e-15
7841.2 3.2167e-15
7844.0 3.2740e-15
7846.8 3.2777e-15
7849.6 3.2380e-15
7852.4 3.2282e-15
7855.2 3.2477e-15
7857.9 3.2760e-15
7860.7 3.3106e-15
7863.5 3.3318e-15
7866.3 3.3316e-15
7869.1 3.3052e-15
7871.9 3.2654e-15
7874.6 3.2724e-15
7877.4 3.3379e-15
7880.2 3.3833e-15
7883.0 3.3822e-15
7885.8 3.3669e-15
7888.5 3.3356e-15
7891.3 3.2902e-15
7894.1 3.2770e-15
7896.9 3.3091e-15
7899.7 3.3504e-15
7902.5 3.3735e-15
7905.2 3.3672e-15
7908.0 3.3276e-15
7910.8 3.3094e-15
7913.6 3.3571e-15
7916.4 3.4058e-15
7919.2 3.4149e-15
7921.9 3.4154e-15
7924.7 3.4334e-15
7927.5 3.4585e-15
7930.3 3.4858e-15
7933.1 3.5133e-15
7935.9 3.5007e-15
7938.6 3.4621e-15
7941.4 3.4601e-15
7944.2 3.4915e-15
7947.0 3.4903e-15
7949.8 3.4629e-15
7952.6 3.4750e-15
7955.3 3.5138e-15
7958.1 3.5291e-15
7960.9 3.5235e-15
7963.7 3.5015e-15
7966.5 3.4674e-15
7969.2 3.4555e-15
7972.0 3.4836e-15
7974.8 3.5292e-15
7977.6 3.5398e-15
7980.4 3.4992e-15
7983.2 3.4601e-15
7985.9 3.4695e-15
7988.7 3.4968e-15
7991.5 3.5113e-15
7994.3 3.5285e-15
7997.1 3.5393e-15
7999.9 3.5214e-15
8002.6 3.4752e-15
8005.4 3.4211e-15
8008.2 3.3936e-15
8011.0 3.3953e-15
8013.8 3.3914e-15
8016.6 3.3782e-15
8019.3 3.3711e-15
8022.1 3.3591e-15
8024.9 3.3430e-15
8027.7 3.3271e-15
8030.5 3.3030e-15
8033.2 3.2688e-15
8036.0 3.2162e-15
8038.8 3.1629e-15
8041.6 3.1525e-15
8044.4 3.1845e-15
8047.2 3.2083e-15
8049.9 3.2145e-15
8052.7 3.2055e-15
8055.5 3.1751e-15
8058.3 3.1484e-15
8061.1 3.1544e-15
8063.9 3.1794e-15
8066.6 3.1835e-15
8069.4 3.1734e-15
8072.2 3.1780e-15
8075.0 3.1965e-15
8077.8 3.2253e-15
8080.6 3.2654e-15
8083.3 3.2821e-15
8086.1 3.2479e-15
8088.9 3.2186e-15
8091.7 3.2246e-15
8094.5 3.2283e-15
8097.2 3.2273e-15
8100.0 3.2302e-15
8102.8 3.2306e-15
8105.6 3.2264e-15
8108.4 3.2078e-15
8111.2 3.1617e-15
8113.9 3.0976e-15
8116.7 3.0706e-15
8119.5 3.1128e-15
8122.3 3.1756e-15
8125.1 3.2098e-15
8127.9 3.2174e-15
8130.6 3.2123e-15
8133.4 3.2055e-15
8136.2 3.1995e-15
8139.0 3.1785e-15
8141.8 3.1452e-15
8144.6 3.1190e-15
8147.3 3.0997e-15
8150.1 3.0747e-15
8152.9 3.0367e-15
8155.7 3.0167e-15
8158.5 3.0326e-15
8161.2 3.0626e-15
8164.0 3.0706e-15
8166.8 3.0441e-15
8169.6 3.0464e-15
8172.4 3.0984e-15
8175.2 3.1315e-15
8177.9 3.1301e-15
8180.7 3.1501e-15
8183.5 3.1913e-15
8186.3 3.2136e-15
8189.1 3.2502e-15
8191.9 3.3088e-15
8194.6 3.3183e-15
8197.4 3.2991e-15
8200.2 3.3077e-15
8203.0 3.3271e-15
8205.8 3.3427e-15
8208.6 3.3399e-15
8211.3 3.3170e-15
8214.1 3.3121e-15
8216.9 3.3332e-15
8219.7 3.3548e-15
8222.5 3.3599e-15
8225.2 3.3267e-15
8228.0 3.2713e-15
8230.8 3.2529e-15
8233.6 3.2905e-15
8236.4 3.3341e-15
8239.2 3.3578e-15
8241.9 3.3660e-15
8244.7 3.3605e-15
8247.5 3.3443e-15
8250.3 3.3100e-15
8253.1 3.2781e-15
8255.9 3.2673e-15
8258.6 3.2726e-15
8261.4 3.2749e-15
8264.2 3.2307e-15
8267.0 3.1891e-15
8269.8 3.1984e-15
8272.6 3.2083e-15
8275.3 3.1674e-15
8278.1 3.0862e-15
8280.9 3.0292e-15
8283.7 3.0506e-15
8286.5 3.1133e-15
8289.2 3.1614e-15
8292.0 3.1617e-15
8294.8 3.1158e-15
8297.6 3.0707e-15
8300.4 3.0398e-15
8303.2 3.0085e-15
8305.9 3.0052e-15
8308.7 3.0274e-15
8311.5 3.0143e-15
8314.3 2.9663e-15
8317.1 2.9321e-15
8319.9 2.9420e-15
8322.6 2.9679e-15
8325.4 2.9540e-15
8328.2 2.9103e-15
8331.0 2.8896e-15
8333.8 2.9098e-15
8336.6 2.9714e-15
8339.3 3.0436e-15
8342.1 3.0679e-15
8344.9 3.0317e-15
8347.7 2.9956e-15
8350.5 3.0206e-15
8353.3 3.1064e-15
8356.0 3.1838e-15
8358.8 3.1889e-15
8361.6 3.1582e-15
8364.4 3.1579e-15
8367.2 3.1681e-15
8369.9 3.1485e-15
8372.7 3.1363e-15
8375.5 3.1810e-15
8378.3 3.2355e-15
8381.1 3.2235e-15
8383.9 3.1749e-15
8386.6 3.1429e-15
8389.4 3.1414e-15
8392.2 3.1411e-15
8395.0 3.1281e-15
8397.8 3.1367e-15
8400.6 3.2083e-15
8403.3 3.3295e-15
8406.1 3.4148e-15
8408.9 3.4073e-15
8411.7 3.3569e-15
8414.5 3.3192e-15
8417.3 3.3069e-15
8420.0 3.3227e-15
8422.8 3.3413e-15
8425.6 3.3743e-15
8428.4 3.4431e-15
8431.2 3.5097e-15
8433.9 3.5485e-15
8436.7 3.5602e-15
8439.5 3.5639e-15
8442.3 3.5736e-15
8445.1 3.6073e-15
8447.9 3.6761e-15
8450.6 3.7064e-15
8453.4 3.6419e-15
8456.2 3.5575e-15
8459.0 3.5738e-15
8461.8 3.6838e-15
8464.6 3.7798e-15
8467.3 3.8352e-15
8470.1 3.8757e-15
8472.9 3.9053e-15
8475.7 3.9381e-15
8478.5 3.9776e-15
8481.3 4.0189e-15
8484.0 4.0706e-15
8486.8 4.1166e-15
8489.6 4.1161e-15
8492.4 4.0877e-15
8495.2 4.0598e-15
8497.9 4.0309e-15
8500.7 4.0275e-15
8503.5 4.0688e-15
8506.3 4.1109e-15
8509.1 4.1625e-15
8511.9 4.2642e-15
8514.6 4.3545e-15
8517.4 4.3845e-15
8520.2 4.3701e-15
8523.0 4.3512e-15
8525.8 4.3919e-15
8528.6 4.4948e-15
8531.3 4.5865e-15
8534.1 4.6226e-15
8536.9 4.6063e-15
8539.7 4.5790e-15
8542.5 4.6144e-15
8545.3 4.7151e-15
8548.0 4.8142e-15
8550.8 4.8731e-15
8553.6 4.9155e-15
8556.4 4.9304e-15
8559.2 4.8759e-15
8562.0 4.8245e-15
8564.7 4.8742e-15
8567.5 5.0001e-15
8570.3 5.0905e-15
8573.1 5.1028e-15
8575.9 5.0692e-15
8578.6 5.0251e-15
8581.4 5.0070e-15
8584.2 5.0117e-15
8587.0 5.0236e-15
8589.8 5.0552e-15
8592.6 5.0798e-15
8595.3 5.0634e-15
8598.1 5.0627e-15
8600.9 5.1509e-15
8603.7 5.2637e-15
8606.5 5.2720e-15
8609.3 5.1705e-15
8612.0 5.0977e-15
8614.8 5.1355e-15
8617.6 5.1978e-15
8620.4 5.2428e-15
8623.2 5.2870e-15
8626.0 5.3202e-15
8628.7 5.3541e-15
8631.5 5.3651e-15
8634.3 5.3241e-15
8637.1 5.2963e-15
8639.9 5.2972e-15
8642.6 5.2730e-15
8645.4 5.2319e-15
8648.2 5.1972e-15
8651.0 5.1835e-15
8653.8 5.1973e-15
8656.6 5.2214e-15
8659.3 5.2584e-15
8662.1 5.3020e-15
8664.9 5.2645e-15
8667.7 5.1939e-15
8670.5 5.2435e-15
8673.3 5.3661e-15
8676.0 5.4312e-15
8678.8 5.4404e-15
8681.6 5.4455e-15
8684.4 5.4540e-15
8687.2 5.4337e-15
8690.0 5.4184e-15
8692.7 5.4629e-15
8695.5 5.4914e-15
8698.3 5.4384e-15
8701.1 5.3548e-15
8703.9 5.3100e-15
8706.6 5.3517e-15
8709.4 5.4208e-15
8712.2 5.4089e-15
8715.0 5.3320e-15
8717.8 5.2635e-15
8720.6 5.2616e-15
8723.3 5.3218e-15
8726.1 5.3659e-15
8728.9 5.3570e-15
8731.7 5.3519e-15
8734.5 5.3644e-15
8737.3 5.3354e-15
8740.0 5.3122e-15
8742.8 5.3705e-15
8745.6 5.4387e-15
8748.4 5.4345e-15
8751.2 5.4083e-15
8754.0 5.3909e-15
8756.7 5.3364e-15
8759.5 5.3170e-15
8762.3 5.4100e-15
8765.1 5.4809e-15
8767.9 5.4152e-15
8770.6 5.3151e-15
8773.4 5.2899e-15
8776.2 5.2961e-15
8779.0 5.3117e-15
8781.8 5.3523e-15
8784.6 5.3768e-15
8787.3 5.4093e-15
8790.1 5.5095e-15
8792.9 5.6281e-15
8795.7 5.6696e-15
8798.5 5.5875e-15
8801.3 5.4614e-15
8804.0 5.4020e-15
8806.8 5.3995e-15
8809.6 5.3825e-15
8812.4 5.3749e-15
8815.2 5.3922e-15
8818.0 5.3168e-15
8820.7 5.1733e-15
8823.5 5.1052e-15
8826.3 5.0998e-15
8829.1 5.1080e-15
8831.9 5.1303e-15
