3250.7 8.4083e-16
3252.5 1.0258e-15
3254.2 1.0481e-15
3255.9 1.0953e-15
3257.7 9.6493e-16
3259.4 9.9194e-16
3261.2 1.1160e-15
3262.9 8.0201e-16
3264.7 9.4971e-16
3266.4 1.2309e-15
3268.1 1.0565e-15
3269.9 1.0159e-15
3271.6 1.0544e-15
3273.4 9.3205e-16
3275.1 9.0955e-16
3276.8 8.8825e-16
3278.6 7.5086e-16
3280.3 7.0328e-16
3282.1 7.1418e-16
3283.8 7.5505e-16
3285.6 7.5337e-16
3287.3 6.9695e-16
3289.0 6.7060e-16
3290.8 6.4415e-16
3292.5 7.4195e-16
3294.3 7.7314e-16
3296.0 7.4032e-16
3297.7 7.5186e-16
3299.5 8.1923e-16
3301.2 8.4220e-16
3303.0 7.9770e-16
3304.7 8.1197e-16
3306.5 7.8310e-16
3308.2 6.7105e-16
3309.9 6.8243e-16
3311.7 7.9768e-16
3313.4 7.1500e-16
3315.2 6.9602e-16
3316.9 8.6576e-16
3318.6 8.8325e-16
3320.4 7.4215e-16
3322.1 7.5004e-16
3323.9 7.4341e-16
3325.6 6.3600e-16
3327.3 6.4737e-16
3329.1 7.1984e-16
3330.8 6.8478e-16
3332.6 7.3469e-16
3334.3 6.6317e-16
3336.1 7.6719e-16
3337.8 7.5646e-16
3339.5 7.1593e-16
3341.3 8.5984e-16
3343.0 8.1110e-16
3344.8 8.5322e-16
3346.5 8.7924e-16
3348.2 8.5694e-16
3350.0 9.1338e-16
3351.7 8.3693e-16
3353.5 8.5524e-16
3355.2 8.8827e-16
3357.0 8.6694e-16
3358.7 8.5239e-16
3360.4 9.0846e-16
3362.2 9.0269e-16
3363.9 8.4757e-16
3365.7 9.1787e-16
3367.4 9.8797e-16
3369.1 9.4269e-16
3370.9 8.9523e-16
3372.6 8.9931e-16
3374.4 9.0440e-16
3376.1 8.8683e-16
3377.8 7.9437e-16
3379.6 7.5896e-16
3381.3 7.4008e-16
3383.1 8.0611e-16
3384.8 7.7892e-16
3386.6 7.6764e-16
3388.3 8.3829e-16
3390.0 9.1157e-16
3391.8 8.7177e-16
3393.5 8.3132e-16
3395.3 8.3437e-16
3397.0 8.0295e-16
3398.7 8.6700e-16
3400.5 8.7719e-16
3402.2 8.5214e-16
3404.0 8.8749e-16
3405.7 9.6183e-16
3407.5 8.9478e-16
3409.2 9.2644e-16
3410.9 9.3510e-16
3412.7 9.3521e-16
3414.4 8.6279e-16
3416.2 8.6828e-16
3417.9 9.8631e-16
3419.6 1.0406e-15
3421.4 1.0942e-15
3423.1 1.0626e-15
3424.9 1.0398e-15
3426.6 1.1011e-15
3428.4 1.1034e-15
3430.1 1.1191e-15
3431.8 1.0342e-15
3433.6 9.9166e-16
3435.3 1.0707e-15
3437.1 1.1775e-15
3438.8 1.2506e-15
3440.5 1.1957e-15
3442.3 1.1337e-15
3444.0 1.1279e-15
3445.8 1.1167e-15
3447.5 1.0726e-15
3449.2 1.0756e-15
3451.0 1.0900e-15
3452.7 1.1445e-15
3454.5 1.1545e-15
3456.2 1.1209e-15
3458.0 1.1120e-15
3459.7 1.1039e-15
3461.4 1.0841e-15
3463.2 9.7887e-16
3464.9 9.5076e-16
3466.7 1.0434e-15
3468.4 1.0576e-15
3470.1 1.0331e-15
3471.9 1.1423e-15
3473.6 1.2385e-15
3475.4 1.1830e-15
3477.1 1.1975e-15
3478.9 1.2030e-15
3480.6 1.0943e-15
3482.3 1.1093e-15
3484.1 1.0673e-15
3485.8 1.1372e-15
3487.6 1.1614e-15
3489.3 1.0161e-15
3491.0 1.0571e-15
3492.8 1.1279e-15
3494.5 1.1584e-15
3496.3 1.1631e-15
3498.0 1.1421e-15
3499.7 1.0921e-15
3501.5 1.1002e-15
3503.2 1.1095e-15
3505.0 1.1339e-15
3506.7 1.1402e-15
3508.5 1.1320e-15
3510.2 1.1048e-15
3511.9 1.1827e-15
3513.7 1.1606e-15
3515.4 1.1448e-15
3517.2 1.1743e-15
3518.9 1.1403e-15
3520.6 1.1861e-15
3522.4 1.2170e-15
3524.1 1.2689e-15
3525.9 1.2479e-15
3527.6 1.2605e-15
3529.4 1.2646e-15
3531.1 1.3957e-15
3532.8 1.4774e-15
3534.6 1.3906e-15
3536.3 1.3777e-15
3538.1 1.5551e-15
3539.8 1.5811e-15
3541.5 1.4753e-15
3543.3 1.4669e-15
3545.0 1.4530e-15
3546.8 1.4837e-15
3548.5 1.5322e-15
3550.3 1.5226e-15
3552.0 1.6619e-15
3553.7 1.6402e-15
3555.5 1.6593e-15
3557.2 1.8124e-15
3559.0 1.7109e-15
3560.7 1.5932e-15
3562.4 1.5786e-15
3564.2 1.6927e-15
3565.9 1.7235e-15
3567.7 1.7260e-15
3569.4 1.7833e-15
3571.1 1.8046e-15
3572.9 1.7659e-15
3574.6 1.7588e-15
3576.4 1.7178e-15
3578.1 1.7630e-15
3579.9 1.7984e-15
3581.6 1.8436e-15
3583.3 1.8567e-15
3585.1 1.8055e-15
3586.8 1.8588e-15
3588.6 1.8313e-15
3590.3 1.7939e-15
3592.0 1.8501e-15
3593.8 1.9080e-15
3595.5 1.9135e-15
3597.3 1.9181e-15
3599.0 1.8347e-15
3600.8 1.8696e-15
3602.5 1.9802e-15
3604.2 2.0002e-15
3606.0 1.9641e-15
3607.7 1.9384e-15
3609.5 1.9530e-15
3611.2 1.9651e-15
3612.9 1.9611e-15
3614.7 1.9058e-15
3616.4 1.9414e-15
3618.2 2.0384e-15
3619.9 2.0427e-15
3621.6 2.0252e-15
3623.4 1.9777e-15
3625.1 1.9684e-15
3626.9 2.0519e-15
3628.6 2.0413e-15
3630.4 2.1030e-15
3632.1 2.0231e-15
3633.8 2.0707e-15
3635.6 2.1539e-15
3637.3 2.1050e-15
3639.1 2.0973e-15
3640.8 2.0328e-15
3642.5 2.0083e-15
3644.3 2.0151e-15
3646.0 2.0372e-15
3647.8 2.0622e-15
3649.5 1.9872e-15
3651.3 1.9545e-15
3653.0 1.9211e-15
3654.7 1.9195e-15
3656.5 1.8239e-15
3658.2 1.8936e-15
3660.0 2.0095e-15
3661.7 1.9465e-15
3663.4 1.8837e-15
3665.2 1.9157e-15
3666.9 1.8688e-15
3668.7 1.8247e-15
3670.4 1.8279e-15
3672.2 1.9565e-15
3673.9 2.0279e-15
3675.6 2.0602e-15
3677.4 2.1117e-15
3679.1 2.1627e-15
3680.9 2.1504e-15
3682.6 2.1596e-15
3684.3 2.2711e-15
3686.1 2.3178e-15
3687.8 2.3269e-15
3689.6 2.3886e-15
3691.3 2.4436e-15
3693.0 2.5206e-15
3694.8 2.6053e-15
3696.5 2.6418e-15
3698.3 2.6188e-15
3700.0 2.6709e-15
3701.8 2.6424e-15
3703.5 2.7809e-15
3705.2 2.9063e-15
3707.0 2.9585e-15
3708.7 3.0307e-15
3710.5 2.9553e-15
3712.2 3.0565e-15
3713.9 3.1811e-15
3715.7 3.1579e-15
3717.4 3.1907e-15
3719.2 3.1851e-15
3720.9 3.2213e-15
3722.7 3.3269e-15
3724.4 3.3647e-15
3726.1 3.4498e-15
3727.9 3.4329e-15
3729.6 3.3479e-15
3731.4 3.3150e-15
3733.1 3.3465e-15
3734.8 3.3193e-15
3736.6 3.3461e-15
3738.3 3.3316e-15
3740.1 3.2596e-15
3741.8 3.3069e-15
3743.6 3.2252e-15
3745.3 3.1419e-15
3747.0 3.0387e-15
3748.8 3.0104e-15
3750.5 3.0007e-15
3752.3 2.9141e-15
3754.0 2.8588e-15
3755.7 2.7775e-15
3757.5 2.6969e-15
3759.2 2.5554e-15
3761.0 2.5388e-15
3762.7 2.4649e-15
3764.4 2.2993e-15
3766.2 2.3779e-15
3767.9 2.3571e-15
3769.7 2.2154e-15
3771.4 2.1977e-15
3773.2 2.1615e-15
3774.9 1.9810e-15
3776.6 1.9206e-15
3778.4 2.0247e-15
3780.1 2.0039e-15
3781.9 1.8685e-15
3783.6 1.8652e-15
3785.3 1.8610e-15
3787.1 1.7723e-15
3788.8 1.7703e-15
3790.6 1.7383e-15
3792.3 1.7066e-15
3794.1 1.6172e-15
3795.8 1.5447e-15
3797.5 1.5853e-15
3799.3 1.5728e-15
3801.0 1.4965e-15
3802.8 1.4001e-15
3804.5 1.4002e-15
3806.2 1.3980e-15
3808.0 1.3881e-15
3809.7 1.3046e-15
3811.5 1.2933e-15
3813.2 1.2502e-15
3814.9 1.2925e-15
3816.7 1.3143e-15
3818.4 1.4034e-15
3820.2 1.3610e-15
3821.9 1.2709e-15
3823.7 1.2394e-15
3825.4 1.2409e-15
3827.1 1.2192e-15
3828.9 1.3178e-15
3830.6 1.3136e-15
3832.4 1.3074e-15
3834.1 1.3159e-15
3835.8 1.2723e-15
3837.6 1.2242e-15
3839.3 1.1505e-15
3841.1 1.2078e-15
3842.8 1.2316e-15
3844.6 1.2628e-15
3846.3 1.3327e-15
3848.0 1.3552e-15
3849.8 1.3694e-15
3851.5 1.3280e-15
3853.3 1.3198e-15
3855.0 1.3443e-15
3856.7 1.3516e-15
3858.5 1.4015e-15
3860.2 1.4636e-15
3862.0 1.4500e-15
3863.7 1.5043e-15
3865.5 1.5350e-15
3867.2 1.5761e-15
3868.9 1.6240e-15
3870.7 1.6053e-15
3872.4 1.6599e-15
3874.2 1.7538e-15
3875.9 1.8177e-15
3877.6 1.8478e-15
3879.4 1.8718e-15
3881.1 1.9903e-15
3882.9 2.1125e-15
3884.6 2.1113e-15
3886.3 2.0897e-15
3888.1 2.1494e-15
3889.8 2.2246e-15
3891.6 2.3973e-15
3893.3 2.4330e-15
3895.1 2.4259e-15
3896.8 2.4635e-15
3898.5 2.6194e-15
3900.3 2.6893e-15
3902.0 2.6924e-15
3903.8 2.8069e-15
3905.5 2.9392e-15
3907.2 2.9467e-15
3909.0 3.0225e-15
3910.7 3.2095e-15
3912.5 3.2620e-15
3914.2 3.1847e-15
3916.0 3.3233e-15
3917.7 3.4578e-15
3919.4 3.4585e-15
3921.2 3.5252e-15
3922.9 3.4404e-15
3924.7 3.4648e-15
3926.4 3.5975e-15
3928.1 3.6233e-15
3929.9 3.4990e-15
3931.6 3.5022e-15
3933.4 3.7195e-15
3935.1 3.8240e-15
3936.8 3.7869e-15
3938.6 3.8328e-15
3940.3 3.8100e-15
3942.1 3.8182e-15
3943.8 3.8618e-15
3945.6 3.9037e-15
3947.3 3.9465e-15
3949.0 3.9264e-15
3950.8 3.9043e-15
3952.5 3.9784e-15
3954.3 3.9873e-15
3956.0 4.0026e-15
3957.7 4.0095e-15
3959.5 4.0170e-15
3961.2 4.0811e-15
3963.0 4.1226e-15
3964.7 4.0541e-15
3966.5 3.8952e-15
3968.2 3.8588e-15
3969.9 3.9665e-15
3971.7 4.0583e-15
3973.4 4.0291e-15
3975.2 3.9918e-15
3976.9 4.1593e-15
3978.6 4.2889e-15
3980.4 4.3880e-15
3982.1 4.3705e-15
3983.9 4.2575e-15
3985.6 4.1860e-15
3987.4 4.2357e-15
3989.1 4.3873e-15
3990.8 4.4795e-15
3992.6 4.5246e-15
3994.3 4.3716e-15
3996.1 4.3844e-15
3997.8 4.4658e-15
3999.5 4.5628e-15
4001.3 4.5309e-15
4003.0 4.5256e-15
4004.8 4.5028e-15
4006.5 4.4843e-15
4008.2 4.5057e-15
4010.0 4.5764e-15
4011.7 4.5344e-15
4013.5 4.5850e-15
4015.2 4.5184e-15
4017.0 4.4922e-15
4018.7 4.5811e-15
4020.4 4.5496e-15
4022.2 4.4889e-15
4023.9 4.4845e-15
4025.7 4.3820e-15
4027.4 4.2857e-15
4029.1 4.2753e-15
4030.9 4.1901e-15
4032.6 4.2290e-15
4034.4 4.1538e-15
4036.1 4.1342e-15
4037.9 4.1168e-15
4039.6 4.0135e-15
4041.3 3.8946e-15
4043.1 3.7520e-15
4044.8 3.6750e-15
4046.6 3.5934e-15
4048.3 3.6051e-15
4050.0 3.6407e-15
4051.8 3.5063e-15
4053.5 3.4100e-15
4055.3 3.3713e-15
4057.0 3.3548e-15
4058.7 3.2354e-15
4060.5 3.1848e-15
4062.2 3.1749e-15
4064.0 3.2098e-15
4065.7 3.1274e-15
4067.5 3.0264e-15
4069.2 3.0623e-15
4070.9 3.0788e-15
4072.7 3.0151e-15
4074.4 3.0069e-15
4076.2 2.9061e-15
4077.9 2.8473e-15
4079.6 2.9351e-15
4081.4 2.9071e-15
4083.1 2.9483e-15
4084.9 3.0265e-15
4086.6 2.9389e-15
4088.4 2.8634e-15
4090.1 2.9358e-15
4091.8 2.9807e-15
4093.6 2.9514e-15
4095.3 2.9442e-15
4097.1 3.0237e-15
4098.8 3.0095e-15
4100.5 2.9337e-15
4102.3 2.9789e-15
4104.0 3.0586e-15
4105.8 3.0623e-15
4107.5 3.0495e-15
4109.3 3.0352e-15
4111.0 3.0389e-15
4112.7 3.0900e-15
4114.5 3.0932e-15
4116.2 3.0339e-15
4118.0 2.9644e-15
4119.7 3.0408e-15
4121.4 3.0667e-15
4123.2 2.9941e-15
4124.9 2.9921e-15
4126.7 2.9421e-15
4128.4 2.9683e-15
4130.1 3.0331e-15
4131.9 2.9432e-15
4133.6 2.8353e-15
4135.4 2.8247e-15
4137.1 2.7624e-15
4138.9 2.7455e-15
4140.6 2.8227e-15
4142.3 2.8045e-15
4144.1 2.7871e-15
4145.8 2.7406e-15
4147.6 2.6104e-15
4149.3 2.6846e-15
4151.0 2.7633e-15
4152.8 2.7846e-15
4154.5 2.6139e-15
4156.3 2.6054e-15
4158.0 2.6194e-15
4159.8 2.6328e-15
4161.5 2.6058e-15
4163.2 2.5734e-15
4165.0 2.5192e-15
4166.7 2.5536e-15
4168.5 2.5708e-15
4170.2 2.5234e-15
4171.9 2.5101e-15
4173.7 2.5003e-15
4175.4 2.5596e-15
4177.2 2.5641e-15
4178.9 2.6354e-15
4180.6 2.6092e-15
4182.4 2.5421e-15
4184.1 2.5039e-15
4185.9 2.5016e-15
4187.6 2.5151e-15
4189.4 2.5004e-15
4191.1 2.5218e-15
4192.8 2.6301e-15
4194.6 2.6138e-15
4196.3 2.5332e-15
4198.1 2.5654e-15
4199.8 2.5739e-15
4201.5 2.5778e-15
4203.3 2.5236e-15
4205.0 2.5907e-15
4206.8 2.6840e-15
4208.5 2.6976e-15
4210.3 2.6640e-15
4212.0 2.6531e-15
4213.7 2.6809e-15
4215.5 2.7613e-15
4217.2 2.6953e-15
4219.0 2.7333e-15
4220.7 2.8165e-15
4222.4 2.8410e-15
4224.2 2.7888e-15
4225.9 2.7051e-15
4227.7 2.8022e-15
4229.4 2.9097e-15
4231.2 2.9317e-15
4232.9 2.9258e-15
4234.6 2.9596e-15
4236.4 3.0097e-15
4238.1 2.9826e-15
4239.9 3.0626e-15
4241.6 3.0977e-15
4243.3 3.1111e-15
4245.1 3.0939e-15
4246.8 3.1037e-15
4248.6 3.1336e-15
4250.3 3.1027e-15
4252.0 3.1110e-15
4253.8 3.1291e-15
4255.5 3.1460e-15
4257.3 3.1310e-15
4259.0 3.1417e-15
4260.8 3.1105e-15
4262.5 3.0694e-15
4264.2 3.0317e-15
4266.0 2.9881e-15
4267.7 3.0432e-15
4269.5 3.0342e-15
4271.2 2.9574e-15
4272.9 2.9221e-15
4274.7 2.9157e-15
4276.4 2.8676e-15
4278.2 2.9484e-15
4279.9 2.9424e-15
4281.7 2.9610e-15
4283.4 2.8447e-15
4285.1 2.8651e-15
4286.9 2.9514e-15
4288.6 2.9437e-15
4290.4 2.9789e-15
4292.1 2.9420e-15
4293.8 2.8700e-15
4295.6 2.8986e-15
4297.3 2.8476e-15
4299.1 2.8124e-15
4300.8 2.7827e-15
4302.5 2.8340e-15
4304.3 2.8772e-15
4306.0 2.8580e-15
4307.8 2.9162e-15
4309.5 2.8629e-15
4311.3 2.7879e-15
4313.0 2.7594e-15
4314.7 2.7438e-15
4316.5 2.7700e-15
4318.2 2.7953e-15
4320.0 2.7747e-15
4321.7 2.7398e-15
4323.4 2.7267e-15
4325.2 2.7827e-15
4326.9 2.8280e-15
4328.7 2.8626e-15
4330.4 2.8965e-15
4332.2 2.9662e-15
4333.9 2.9359e-15
4335.6 2.8653e-15
4337.4 2.9581e-15
4339.1 2.9895e-15
4340.9 3.0691e-15
4342.6 3.0565e-15
4344.3 3.0924e-15
4346.1 3.0901e-15
4347.8 3.0965e-15
4349.6 3.1789e-15
4351.3 3.1779e-15
4353.1 3.1464e-15
4354.8 3.2441e-15
4356.5 3.3304e-15
4358.3 3.2401e-15
4360.0 3.2118e-15
4361.8 3.2437e-15
4363.5 3.2241e-15
4365.2 3.2246e-15
4367.0 3.1872e-15
4368.7 3.1412e-15
4370.5 3.1251e-15
4372.2 3.0418e-15
4373.9 3.0935e-15
4375.7 3.0864e-15
4377.4 3.0795e-15
4379.2 3.0548e-15
4380.9 2.9613e-15
4382.7 2.9321e-15
4384.4 2.8336e-15
4386.1 2.7251e-15
4387.9 2.6785e-15
4389.6 2.6464e-15
4391.4 2.5969e-15
4393.1 2.5361e-15
4394.8 2.5257e-15
4396.6 2.5948e-15
4398.3 2.5121e-15
4400.1 2.4487e-15
4401.8 2.4513e-15
4403.6 2.4214e-15
4405.3 2.2545e-15
4407.0 2.2356e-15
4408.8 2.2745e-15
4410.5 2.2321e-15
4412.3 2.2467e-15
4414.0 2.2003e-15
4415.7 2.0841e-15
4417.5 2.0491e-15
4419.2 2.0138e-15
4421.0 2.0472e-15
4422.7 1.9790e-15
4424.4 1.9063e-15
4426.2 1.9088e-15
4427.9 1.9065e-15
4429.7 1.9021e-15
4431.4 1.8737e-15
4433.2 1.7743e-15
4434.9 1.7849e-15
4436.6 1.8070e-15
4438.4 1.8044e-15
4440.1 1.8017e-15
4441.9 1.7795e-15
4443.6 1.7020e-15
4445.3 1.7292e-15
4447.1 1.7039e-15
4448.8 1.7301e-15
4450.6 1.8383e-15
4452.3 1.7619e-15
4454.1 1.6684e-15
4455.8 1.6429e-15
4457.5 1.6792e-15
4459.3 1.6704e-15
4461.0 1.7352e-15
4462.8 1.7356e-15
4464.5 1.7248e-15
4466.2 1.6849e-15
4468.0 1.6608e-15
4469.7 1.6273e-15
4471.5 1.6316e-15
4473.2 1.6321e-15
4475.0 1.6239e-15
4476.7 1.6167e-15
4478.4 1.6699e-15
4480.2 1.6412e-15
4481.9 1.6037e-15
4483.7 1.6171e-15
4485.4 1.6289e-15
4487.1 1.6622e-15
4488.9 1.6659e-15
4490.6 1.7103e-15
4492.4 1.6999e-15
4494.1 1.6313e-15
4495.8 1.6548e-15
4497.6 1.6690e-15
4499.3 1.7064e-15
4501.1 1.7231e-15
4502.8 1.7540e-15
4504.6 1.7669e-15
4506.3 1.7457e-15
4508.0 1.7610e-15
4509.8 1.7680e-15
4511.5 1.7955e-15
4513.3 1.8261e-15
4515.0 1.8186e-15
4516.7 1.8554e-15
4518.5 1.8617e-15
4520.2 1.8409e-15
4522.0 1.8738e-15
4523.7 1.9032e-15
4525.5 1.9659e-15
4527.2 1.9516e-15
4528.9 2.0104e-15
4530.7 2.0154e-15
4532.4 1.9918e-15
4534.2 2.0662e-15
4535.9 2.0431e-15
4537.6 2.0571e-15
4539.4 2.1201e-15
4541.1 2.1275e-15
4542.9 2.1409e-15
4544.6 2.1155e-15
4546.3 2.1840e-15
4548.1 2.2033e-15
4549.8 2.1802e-15
4551.6 2.1540e-15
4553.3 2.2225e-15
4555.1 2.2309e-15
4556.8 2.2537e-15
4558.5 2.3187e-15
4560.3 2.3847e-15
4562.0 2.3898e-15
4563.8 2.3987e-15
4565.5 2.4759e-15
4567.2 2.5158e-15
4569.0 2.5510e-15
4570.7 2.6714e-15
4572.5 2.7515e-15
4574.2 2.7715e-15
4576.0 2.7398e-15
4577.7 2.8445e-15
4579.4 2.9908e-15
4581.2 3.0017e-15
4582.9 2.9931e-15
4584.7 3.1003e-15
4586.4 3.2414e-15
4588.1 3.3015e-15
4589.9 3.3695e-15
4591.6 3.4457e-15
4593.4 3.4298e-15
4595.1 3.3578e-15
4596.9 3.4572e-15
4598.6 3.7417e-15
4600.3 3.9435e-15
4602.1 4.0281e-15
4603.8 4.0714e-15
4605.6 4.1171e-15
4607.3 4.2339e-15
4609.0 4.3819e-15
4610.8 4.4779e-15
4612.5 4.6502e-15
4614.3 4.6757e-15
4616.0 4.7022e-15
4617.7 4.8397e-15
4619.5 4.9495e-15
4621.2 4.9637e-15
4623.0 5.0141e-15
4624.7 5.1635e-15
4626.5 5.2099e-15
4628.2 5.3137e-15
4629.9 5.3273e-15
4631.7 5.3490e-15
4633.4 5.3961e-15
4635.2 5.4046e-15
4636.9 5.4256e-15
4638.6 5.4645e-15
4640.4 5.4874e-15
4642.1 5.5536e-15
4643.9 5.5739e-15
4645.6 5.5846e-15
4647.4 5.4748e-15
4649.1 5.4698e-15
4650.8 5.3883e-15
4652.6 5.4202e-15
4654.3 5.4173e-15
4656.1 5.3232e-15
4657.8 5.3672e-15
4659.5 5.3635e-15
4661.3 5.3029e-15
4663.0 5.2979e-15
4664.8 5.3143e-15
4666.5 5.2900e-15
4668.2 5.4789e-15
4670.0 5.5327e-15
4671.7 5.4799e-15
4673.5 5.6228e-15
4675.2 5.6282e-15
4677.0 5.5485e-15
4678.7 5.5875e-15
4680.4 5.6060e-15
4682.2 5.5578e-15
4683.9 5.5052e-15
4685.7 5.5273e-15
4687.4 5.4967e-15
4689.1 5.5351e-15
4690.9 5.5546e-15
4692.6 5.5550e-15
4694.4 5.4649e-15
4696.1 5.1997e-15
4697.9 5.1687e-15
4699.6 5.2415e-15
4701.3 5.0153e-15
4703.1 4.9276e-15
4704.8 4.9468e-15
4706.6 4.8002e-15
4708.3 4.6289e-15
4710.0 4.5278e-15
4711.8 4.4150e-15
4713.5 4.3038e-15
4715.3 4.1679e-15
4717.0 4.0455e-15
4718.8 3.9914e-15
4720.5 3.8450e-15
4722.2 3.8155e-15
4724.0 3.8211e-15
4725.7 3.6817e-15
4727.5 3.5136e-15
4729.2 3.4747e-15
4730.9 3.4452e-15
4732.7 3.3544e-15
4734.4 3.2163e-15
4736.2 3.1895e-15
4737.9 3.1265e-15
4739.6 3.0727e-15
4741.4 3.0609e-15
4743.1 2.9985e-15
4744.9 2.9323e-15
4746.6 2.8420e-15
4748.4 2.7246e-15
4750.1 2.7894e-15
4751.8 2.7191e-15
4753.6 2.6820e-15
4755.3 2.7308e-15
4757.1 2.6948e-15
4758.8 2.6179e-15
4760.5 2.5816e-15
4762.3 2.6143e-15
4764.0 2.5919e-15
4765.8 2.5689e-15
4767.5 2.5267e-15
4769.3 2.5070e-15
4771.0 2.5563e-15
4772.7 2.5156e-15
4774.5 2.4945e-15
4776.2 2.4298e-15
4778.0 2.4097e-15
4779.7 2.4109e-15
4781.4 2.3514e-15
4783.2 2.3577e-15
4784.9 2.3686e-15
4786.7 2.3546e-15
4788.4 2.3333e-15
4790.1 2.3833e-15
4791.9 2.3094e-15
4793.6 2.2419e-15
4795.4 2.2861e-15
4797.1 2.2208e-15
4798.9 2.1542e-15
4800.6 2.1412e-15
4802.3 2.0841e-15
4804.1 2.0928e-15
4805.8 2.1588e-15
4807.6 2.1579e-15
4809.3 2.1071e-15
4811.0 2.1453e-15
4812.8 2.1032e-15
4814.5 2.0197e-15
4816.3 1.9971e-15
4818.0 2.1343e-15
4819.8 2.1285e-15
4821.5 2.0386e-15
4823.2 2.1021e-15
4825.0 2.1155e-15
4826.7 2.1708e-15
4828.5 2.2217e-15
4830.2 2.2069e-15
4831.9 2.2825e-15
4833.7 2.3037e-15
4835.4 2.2833e-15
4837.2 2.3479e-15
4838.9 2.3696e-15
4840.7 2.4034e-15
4842.4 2.4567e-15
4844.1 2.5010e-15
4845.9 2.5466e-15
4847.6 2.5378e-15
4849.4 2.4999e-15
4851.1 2.5248e-15
4852.8 2.6484e-15
4854.6 2.7299e-15
4856.3 2.6874e-15
4858.1 2.7027e-15
4859.8 2.7348e-15
4861.5 2.7870e-15
4863.3 2.8114e-15
4865.0 2.7875e-15
4866.8 2.8410e-15
4868.5 2.8054e-15
4870.3 2.7912e-15
4872.0 2.7793e-15
4873.7 2.7107e-15
4875.5 2.8113e-15
4877.2 2.8283e-15
4879.0 2.8132e-15
4880.7 2.7979e-15
4882.4 2.7617e-15
4884.2 2.7101e-15
4885.9 2.6763e-15
4887.7 2.7721e-15
4889.4 2.6586e-15
4891.2 2.6332e-15
4892.9 2.5887e-15
4894.6 2.5218e-15
4896.4 2.5006e-15
4898.1 2.4971e-15
4899.9 2.4605e-15
4901.6 2.4260e-15
4903.3 2.4438e-15
4905.1 2.4406e-15
4906.8 2.4238e-15
4908.6 2.4365e-15
4910.3 2.4473e-15
4912.1 2.4098e-15
4913.8 2.4121e-15
4915.5 2.4594e-15
4917.3 2.4787e-15
4919.0 2.4830e-15
4920.8 2.5165e-15
4922.5 2.5371e-15
4924.2 2.5592e-15
4926.0 2.6199e-15
4927.7 2.6086e-15
4929.5 2.6246e-15
4931.2 2.6454e-15
4932.9 2.6752e-15
4934.7 2.7201e-15
4936.4 2.7521e-15
4938.2 2.8144e-15
4939.9 2.8570e-15
4941.7 2.9598e-15
4943.4 2.9827e-15
4945.1 3.0058e-15
4946.9 3.0639e-15
4948.6 3.0831e-15
4950.4 3.1421e-15
4952.1 3.2120e-15
4953.8 3.2892e-15
4955.6 3.3344e-15
4957.3 3.3190e-15
4959.1 3.4387e-15
4960.8 3.4849e-15
4962.6 3.5244e-15
4964.3 3.5639e-15
4966.0 3.6030e-15
4967.8 3.6654e-15
4969.5 3.7251e-15
4971.3 3.7863e-15
4973.0 3.8570e-15
4974.7 3.9148e-15
4976.5 3.9901e-15
4978.2 4.0045e-15
4980.0 4.0589e-15
4981.7 4.1170e-15
4983.4 4.1348e-15
4985.2 4.1402e-15
4986.9 4.1358e-15
4988.7 4.1422e-15
4990.4 4.1915e-15
4992.2 4.2489e-15
4993.9 4.2790e-15
4995.6 4.2126e-15
4997.4 4.1544e-15
4999.1 4.1757e-15
5000.9 4.1631e-15
5002.6 4.1018e-15
5004.3 4.0627e-15
5006.1 4.0182e-15
5007.8 3.9791e-15
5009.6 3.9629e-15
5011.3 3.8710e-15
5013.1 3.7853e-15
5014.8 3.6663e-15
5016.5 3.5849e-15
5018.3 3.5142e-15
5020.0 3.4497e-15
5021.8 3.3835e-15
5023.5 3.3205e-15
5025.2 3.2667e-15
5027.0 3.2100e-15
5028.7 3.1371e-15
5030.5 3.0628e-15
5032.2 3.0072e-15
5034.0 2.9615e-15
5035.7 2.9108e-15
5037.4 2.8551e-15
5039.2 2.7977e-15
5040.9 2.7464e-15
5042.7 2.7098e-15
5044.4 2.6766e-15
5046.1 2.6298e-15
5047.9 2.5805e-15
5049.6 2.5473e-15
5051.4 2.5313e-15
5053.1 2.5268e-15
5054.8 2.5222e-15
5056.6 2.5037e-15
5058.3 2.4755e-15
5060.1 2.4498e-15
5061.8 2.4221e-15
5063.6 2.3805e-15
5065.3 2.3397e-15
5067.0 2.3266e-15
5068.8 2.3259e-15
5070.5 2.3024e-15
5072.3 2.2679e-15
5074.0 2.2571e-15
5075.7 2.2661e-15
5077.5 2.2716e-15
5079.2 2.2692e-15
5081.0 2.2637e-15
5082.7 2.2586e-15
5084.5 2.2582e-15
5086.2 2.2597e-15
5087.9 2.2549e-15
5089.7 2.2471e-15
5091.4 2.2472e-15
5093.2 2.2527e-15
5094.9 2.2528e-15
5096.6 2.2448e-15
5098.4 2.2304e-15
5100.1 2.2201e-15
5101.9 2.2321e-15
5103.6 2.2610e-15
5105.3 2.2829e-15
5107.1 2.2852e-15
5108.8 2.2634e-15
5110.6 2.2282e-15
5112.3 2.2042e-15
5114.1 2.2000e-15
5115.8 2.2078e-15
5117.5 2.2189e-15
5119.3 2.2230e-15
5121.0 2.2172e-15
5122.8 2.2074e-15
5124.5 2.1983e-15
5126.2 2.1935e-15
5128.0 2.1925e-15
5129.7 2.1895e-15
5131.5 2.1803e-15
5133.2 2.1612e-15
5135.0 2.1393e-15
5136.7 2.1388e-15
5138.4 2.1628e-15
5140.2 2.1859e-15
5141.9 2.1934e-15
5143.7 2.1857e-15
5145.4 2.1668e-15
5147.1 2.1459e-15
5148.9 2.1309e-15
5150.6 2.1264e-15
5152.4 2.1313e-15
5154.1 2.1333e-15
5155.9 2.1271e-15
5157.6 2.1218e-15
5159.3 2.1209e-15
5161.1 2.1174e-15
5162.8 2.1099e-15
5164.6 2.1088e-15
5166.3 2.1149e-15
5168.0 2.1045e-15
5169.8 2.0711e-15
5171.5 2.0494e-15
5173.3 2.0580e-15
5175.0 2.0743e-15
5176.7 2.0822e-15
5178.5 2.0849e-15
5180.2 2.0845e-15
5182.0 2.0802e-15
5183.7 2.0719e-15
5185.5 2.0597e-15
5187.2 2.0439e-15
5188.9 2.0260e-15
5190.7 2.0095e-15
5192.4 2.0029e-15
5194.2 2.0129e-15
5195.9 2.0425e-15
5197.6 2.0879e-15
5199.4 2.1220e-15
5201.1 2.1252e-15
5202.9 2.1130e-15
5204.6 2.1019e-15
5206.4 2.1010e-15
5208.1 2.1154e-15
5209.8 2.1364e-15
5211.6 2.1553e-15
5213.3 2.1722e-15
5215.1 2.1885e-15
5216.8 2.2127e-15
5218.5 2.2506e-15
5220.3 2.2915e-15
5222.0 2.3245e-15
5223.8 2.3422e-15
5225.5 2.3419e-15
5227.2 2.3479e-15
5229.0 2.3819e-15
5230.7 2.4187e-15
5232.5 2.4316e-15
5234.2 2.4334e-15
5236.0 2.4415e-15
5237.7 2.4616e-15
5239.4 2.4966e-15
5241.2 2.5339e-15
5242.9 2.5606e-15
5244.7 2.5848e-15
5246.4 2.6184e-15
5248.1 2.6653e-15
5249.9 2.7268e-15
5251.6 2.7883e-15
5253.4 2.8335e-15
5255.1 2.8670e-15
5256.9 2.8997e-15
5258.6 2.9282e-15
5260.3 2.9470e-15
5262.1 2.9689e-15
5263.8 3.0095e-15
5265.6 3.0657e-15
5267.3 3.1292e-15
5269.0 3.1810e-15
5270.8 3.2009e-15
5272.5 3.2151e-15
5274.3 3.2637e-15
5276.0 3.3263e-15
5277.8 3.3632e-15
5279.5 3.3821e-15
5281.2 3.4056e-15
5283.0 3.4494e-15
5284.7 3.5259e-15
5286.5 3.6137e-15
5288.2 3.6766e-15
5289.9 3.7151e-15
5291.7 3.7459e-15
5293.4 3.7808e-15
5295.2 3.8299e-15
5296.9 3.8870e-15
5298.6 3.9366e-15
5300.4 3.9715e-15
5302.1 3.9871e-15
5303.9 3.9966e-15
5305.6 4.0238e-15
5307.4 4.0601e-15
5309.1 4.0776e-15
5310.8 4.0760e-15
5312.6 4.0710e-15
5314.3 4.0700e-15
5316.1 4.0761e-15
5317.8 4.0874e-15
5319.5 4.0980e-15
5321.3 4.1059e-15
5323.0 4.1116e-15
5324.8 4.1181e-15
5326.5 4.1317e-15
5328.3 4.1441e-15
5330.0 4.1340e-15
5331.7 4.1121e-15
5333.5 4.1166e-15
5335.2 4.1546e-15
5337.0 4.2048e-15
5338.7 4.2563e-15
5340.4 4.3074e-15
5342.2 4.3503e-15
5343.9 4.3738e-15
5345.7 4.3801e-15
5347.4 4.3847e-15
5349.1 4.3992e-15
5350.9 4.4323e-15
5352.6 4.4752e-15
5354.4 4.4973e-15
5356.1 4.4936e-15
5357.9 4.4928e-15
5359.6 4.5065e-15
5361.3 4.5252e-15
5363.1 4.5381e-15
5364.8 4.5302e-15
5366.6 4.5004e-15
5368.3 4.4686e-15
5370.0 4.4472e-15
5371.8 4.4355e-15
5373.5 4.4288e-15
5375.3 4.4160e-15
5377.0 4.3910e-15
5378.8 4.3589e-15
5380.5 4.3226e-15
5382.2 4.2815e-15
5384.0 4.2384e-15
5385.7 4.2033e-15
5387.5 4.1785e-15
5389.2 4.1515e-15
5390.9 4.1183e-15
5392.7 4.0951e-15
5394.4 4.0876e-15
5396.2 4.0758e-15
5397.9 4.0501e-15
5399.7 4.0262e-15
5401.4 4.0131e-15
5403.1 4.0040e-15
5404.9 3.9909e-15
5406.6 3.9612e-15
5408.4 3.9134e-15
5410.1 3.8814e-15
5411.8 3.8820e-15
5413.6 3.8726e-15
5415.3 3.8277e-15
5417.1 3.7858e-15
5418.8 3.7740e-15
5420.5 3.7705e-15
5422.3 3.7583e-15
5424.0 3.7442e-15
5425.8 3.7349e-15
5427.5 3.7366e-15
5429.3 3.7513e-15
5431.0 3.7602e-15
5432.7 3.7496e-15
5434.5 3.7366e-15
5436.2 3.7364e-15
5438.0 3.7415e-15
5439.7 3.7442e-15
5441.4 3.7399e-15
5443.2 3.7273e-15
5444.9 3.7196e-15
5446.7 3.7293e-15
5448.4 3.7548e-15
5450.2 3.7923e-15
5451.9 3.8378e-15
5453.6 3.8858e-15
5455.4 3.9222e-15
5457.1 3.9355e-15
5458.9 3.9413e-15
5460.6 3.9571e-15
5462.3 3.9733e-15
5464.1 3.9784e-15
5465.8 3.9841e-15
5467.6 4.0036e-15
5469.3 4.0251e-15
5471.0 4.0350e-15
5472.8 4.0401e-15
5474.5 4.0506e-15
5476.3 4.0719e-15
5478.0 4.1070e-15
5479.8 4.1361e-15
5481.5 4.1371e-15
5483.2 4.1212e-15
5485.0 4.1077e-15
5486.7 4.1044e-15
5488.5 4.1151e-15
5490.2 4.1237e-15
5491.9 4.1089e-15
5493.7 4.0886e-15
5495.4 4.0903e-15
5497.2 4.1059e-15
5498.9 4.1170e-15
5500.7 4.1085e-15
5502.4 4.0666e-15
5504.1 4.0198e-15
5505.9 4.0111e-15
5507.6 4.0222e-15
5509.4 4.0109e-15
5511.1 3.9842e-15
5512.8 3.9679e-15
5514.6 3.9558e-15
5516.3 3.9305e-15
5518.1 3.8953e-15
5519.8 3.8618e-15
5521.6 3.8390e-15
5523.3 3.8344e-15
5525.0 3.8395e-15
5526.8 3.8375e-15
5528.5 3.8189e-15
5530.3 3.7793e-15
5532.0 3.7302e-15
5533.7 3.6924e-15
5535.5 3.6743e-15
5537.2 3.6770e-15
5539.0 3.6842e-15
5540.7 3.6677e-15
5542.4 3.6314e-15
5544.2 3.6017e-15
5545.9 3.5821e-15
5547.7 3.5610e-15
5549.4 3.5332e-15
5551.2 3.4958e-15
5552.9 3.4573e-15
5554.6 3.4372e-15
5556.4 3.4268e-15
5558.1 3.3915e-15
5559.9 3.3380e-15
5561.6 3.3097e-15
5563.3 3.3138e-15
5565.1 3.3274e-15
5566.8 3.3328e-15
5568.6 3.3159e-15
5570.3 3.2743e-15
5572.1 3.2192e-15
5573.8 3.1645e-15
5575.5 3.1262e-15
5577.3 3.1082e-15
5579.0 3.0998e-15
5580.8 3.0904e-15
5582.5 3.0688e-15
5584.2 3.0358e-15
5586.0 3.0081e-15
5587.7 2.9948e-15
5589.5 2.9967e-15
5591.2 3.0060e-15
5592.9 3.0004e-15
5594.7 2.9757e-15
5596.4 2.9576e-15
5598.2 2.9517e-15
5599.9 2.9307e-15
5601.7 2.8871e-15
5603.4 2.8458e-15
5605.1 2.8199e-15
5606.9 2.8034e-15
5608.6 2.7913e-15
5610.4 2.7815e-15
5612.1 2.7706e-15
5613.8 2.7551e-15
5615.6 2.7338e-15
5617.3 2.7104e-15
5619.1 2.6871e-15
5620.8 2.6629e-15
5622.6 2.6369e-15
5624.3 2.6069e-15
5626.0 2.5744e-15
5627.8 2.5491e-15
5629.5 2.5365e-15
5631.3 2.5312e-15
5633.0 2.5267e-15
5634.7 2.5150e-15
5636.5 2.4926e-15
5638.2 2.4685e-15
5640.0 2.4487e-15
5641.7 2.4274e-15
5643.5 2.4000e-15
5645.2 2.3672e-15
5646.9 2.3325e-15
5648.7 2.3134e-15
5650.4 2.3185e-15
5652.2 2.3201e-15
5653.9 2.2969e-15
5655.6 2.2674e-15
5657.4 2.2479e-15
5659.1 2.2370e-15
5660.9 2.2311e-15
5662.6 2.2161e-15
5664.3 2.1832e-15
5666.1 2.1550e-15
5667.8 2.1508e-15
5669.6 2.1603e-15
5671.3 2.1696e-15
5673.1 2.1606e-15
5674.8 2.1218e-15
5676.5 2.0777e-15
5678.3 2.0540e-15
5680.0 2.0470e-15
5681.8 2.0482e-15
5683.5 2.0484e-15
5685.2 2.0392e-15
5687.0 2.0168e-15
5688.7 1.9811e-15
5690.5 1.9493e-15
5692.2 1.9388e-15
5694.0 1.9367e-15
5695.7 1.9256e-15
5697.4 1.9112e-15
5699.2 1.9020e-15
5700.9 1.8981e-15
5702.7 1.8977e-15
5704.4 1.8914e-15
5706.1 1.8691e-15
5707.9 1.8478e-15
5709.6 1.8489e-15
5711.4 1.8522e-15
5713.1 1.8294e-15
5714.8 1.7957e-15
5716.6 1.7768e-15
5718.3 1.7730e-15
5720.1 1.7768e-15
5721.8 1.7763e-15
5723.6 1.7586e-15
5725.3 1.7334e-15
5727.0 1.7185e-15
5728.8 1.7107e-15
5730.5 1.6999e-15
5732.3 1.6862e-15
5734.0 1.6731e-15
5735.7 1.6609e-15
5737.5 1.6479e-15
5739.2 1.6417e-15
5741.0 1.6520e-15
5742.7 1.6676e-15
5744.5 1.6685e-15
5746.2 1.6522e-15
5747.9 1.6252e-15
5749.7 1.5994e-15
5751.4 1.5906e-15
5753.2 1.5919e-15
5754.9 1.5846e-15
5756.6 1.5674e-15
5758.4 1.5488e-15
5760.1 1.5341e-15
5761.9 1.5275e-15
5763.6 1.5265e-15
5765.4 1.5237e-15
5767.1 1.5170e-15
5768.8 1.5071e-15
5770.6 1.4970e-15
5772.3 1.4915e-15
5774.1 1.4904e-15
5775.8 1.4895e-15
5777.5 1.4885e-15
5779.3 1.4905e-15
5781.0 1.4953e-15
5782.8 1.5001e-15
5784.5 1.5054e-15
5786.2 1.5153e-15
5788.0 1.5269e-15
5789.7 1.5304e-15
5791.5 1.5272e-15
5793.2 1.5294e-15
5795.0 1.5398e-15
5796.7 1.5509e-15
5798.4 1.5644e-15
5800.2 1.5916e-15
5801.9 1.6321e-15
5803.7 1.6712e-15
5805.4 1.7036e-15
5807.1 1.7351e-15
5808.9 1.7703e-15
5810.6 1.8139e-15
5812.4 1.8646e-15
5814.1 1.9119e-15
5815.9 1.9518e-15
5817.6 1.9892e-15
5819.3 2.0286e-15
5821.1 2.0752e-15
5822.8 2.1288e-15
5824.6 2.1802e-15
5826.3 2.2261e-15
5828.0 2.2731e-15
5829.8 2.3235e-15
5831.5 2.3738e-15
5833.3 2.4200e-15
5835.0 2.4574e-15
5836.7 2.4877e-15
5838.5 2.5274e-15
5840.2 2.5815e-15
5842.0 2.6322e-15
5843.7 2.6694e-15
5845.5 2.7015e-15
5847.2 2.7349e-15
5848.9 2.7710e-15
5850.7 2.8102e-15
5852.4 2.8467e-15
5854.2 2.8776e-15
5855.9 2.9072e-15
5857.6 2.9374e-15
5859.4 2.9600e-15
5861.1 2.9750e-15
5862.9 3.0091e-15
5864.6 3.0755e-15
5866.4 3.1465e-15
5868.1 3.1984e-15
5869.8 3.2253e-15
5871.6 3.2281e-15
5873.3 3.2238e-15
5875.1 3.2283e-15
5876.8 3.2504e-15
5878.5 3.2909e-15
5880.3 3.3229e-15
5882.0 3.3268e-15
5883.8 3.3255e-15
5885.5 3.3391e-15
5887.3 3.3549e-15
5889.0 3.3630e-15
5890.7 3.3767e-15
5892.5 3.4088e-15
5894.2 3.4615e-15
5896.0 3.5332e-15
5897.7 3.6091e-15
5899.4 3.6743e-15
5901.2 3.7246e-15
5902.9 3.7592e-15
5904.7 3.7851e-15
5906.4 3.8104e-15
5908.1 3.8409e-15
5909.9 3.8793e-15
5911.6 3.9176e-15
5913.4 3.9465e-15
5915.1 3.9632e-15
5916.9 3.9675e-15
5918.6 3.9618e-15
5920.3 3.9498e-15
5922.1 3.9465e-15
5923.8 3.9652e-15
5925.6 3.9911e-15
5927.3 4.0038e-15
5929.0 4.0025e-15
5930.8 3.9902e-15
5932.5 3.9740e-15
5934.3 3.9616e-15
5936.0 3.9483e-15
5937.8 3.9267e-15
5939.5 3.8983e-15
5941.2 3.8674e-15
5943.0 3.8484e-15
5944.7 3.8569e-15
5946.5 3.8735e-15
5948.2 3.8693e-15
5949.9 3.8407e-15
5951.7 3.7941e-15
5953.4 3.7422e-15
5955.2 3.7009e-15
5956.9 3.6700e-15
5958.6 3.6435e-15
5960.4 3.6174e-15
5962.1 3.5879e-15
5963.9 3.5643e-15
5965.6 3.5616e-15
5967.4 3.5611e-15
5969.1 3.5304e-15
5970.8 3.4740e-15
5972.6 3.4129e-15
5974.3 3.3602e-15
5976.1 3.3262e-15
5977.8 3.3078e-15
5979.5 3.2945e-15
5981.3 3.2775e-15
5983.0 3.2504e-15
5984.8 3.2107e-15
5986.5 3.1600e-15
5988.3 3.1058e-15
5990.0 3.0596e-15
5991.7 3.0217e-15
5993.5 2.9854e-15
5995.2 2.9451e-15
5997.0 2.8938e-15
5998.7 2.8425e-15
6000.4 2.8164e-15
6002.2 2.8075e-15
6003.9 2.7820e-15
6005.7 2.7396e-15
6007.4 2.7080e-15
6009.2 2.6883e-15
6010.9 2.6603e-15
6012.6 2.6235e-15
6014.4 2.5937e-15
6016.1 2.5720e-15
6017.9 2.5462e-15
6019.6 2.5132e-15
6021.3 2.4774e-15
6023.1 2.4418e-15
6024.8 2.4089e-15
6026.6 2.3814e-15
6028.3 2.3622e-15
6030.0 2.3486e-15
6031.8 2.3318e-15
6033.5 2.3069e-15
6035.3 2.2741e-15
6037.0 2.2395e-15
6038.8 2.2174e-15
6040.5 2.2084e-15
6042.2 2.1913e-15
6044.0 2.1634e-15
6045.7 2.1494e-15
6047.5 2.1562e-15
6049.2 2.1626e-15
6050.9 2.1609e-15
6052.7 2.1638e-15
6054.4 2.1763e-15
6056.2 2.1919e-15
6057.9 2.2041e-15
6059.7 2.2053e-15
6061.4 2.1966e-15
6063.1 2.1976e-15
6064.9 2.2141e-15
6066.6 2.2210e-15
6068.4 2.2079e-15
6070.1 2.1977e-15
6071.8 2.2023e-15
6073.6 2.2086e-15
6075.3 2.2094e-15
6077.1 2.2127e-15
6078.8 2.2213e-15
6080.6 2.2219e-15
6082.3 2.2103e-15
6084.0 2.2066e-15
6085.8 2.2205e-15
6087.5 2.2299e-15
6089.3 2.2220e-15
6091.0 2.2155e-15
6092.7 2.2223e-15
6094.5 2.2294e-15
6096.2 2.2268e-15
6098.0 2.2169e-15
6099.7 2.2035e-15
6101.4 2.1923e-15
6103.2 2.1873e-15
6104.9 2.1845e-15
6106.7 2.1808e-15
6108.4 2.1842e-15
6110.2 2.1980e-15
6111.9 2.2001e-15
6113.6 2.1747e-15
6115.4 2.1457e-15
6117.1 2.1349e-15
6118.9 2.1357e-15
6120.6 2.1388e-15
6122.3 2.1385e-15
6124.1 2.1299e-15
6125.8 2.1156e-15
6127.6 2.0993e-15
6129.3 2.0821e-15
6131.1 2.0660e-15
6132.8 2.0538e-15
6134.5 2.0476e-15
6136.3 2.0501e-15
6138.0 2.0616e-15
6139.8 2.0678e-15
6141.5 2.0555e-15
6143.2 2.0334e-15
6145.0 2.0146e-15
6146.7 2.0080e-15
6148.5 2.0199e-15
6150.2 2.0403e-15
6151.9 2.0561e-15
6153.7 2.0694e-15
6155.4 2.0845e-15
6157.2 2.0958e-15
6158.9 2.0960e-15
6160.7 2.0933e-15
6162.4 2.0986e-15
6164.1 2.0981e-15
6165.9 2.0738e-15
6167.6 2.0402e-15
6169.4 2.0199e-15
6171.1 2.0052e-15
6172.8 1.9802e-15
6174.6 1.9527e-15
6176.3 1.9367e-15
6178.1 1.9253e-15
6179.8 1.9055e-15
6181.6 1.8821e-15
6183.3 1.8655e-15
6185.0 1.8486e-15
6186.8 1.8197e-15
6188.5 1.7786e-15
6190.3 1.7298e-15
6192.0 1.6888e-15
6193.7 1.6763e-15
6195.5 1.6761e-15
6197.2 1.6563e-15
6199.0 1.6131e-15
6200.7 1.5558e-15
6202.5 1.5023e-15
6204.2 1.4750e-15
6205.9 1.4683e-15
6207.7 1.4604e-15
6209.4 1.4462e-15
6211.2 1.4299e-15
6212.9 1.4135e-15
6214.6 1.3989e-15
6216.4 1.3870e-15
6218.1 1.3780e-15
6219.9 1.3714e-15
6221.6 1.3661e-15
6223.3 1.3603e-15
6225.1 1.3519e-15
6226.8 1.3432e-15
6228.6 1.3416e-15
6230.3 1.3441e-15
6232.1 1.3392e-15
6233.8 1.3271e-15
6235.5 1.3169e-15
6237.3 1.3124e-15
6239.0 1.3133e-15
6240.8 1.3175e-15
6242.5 1.3211e-15
6244.2 1.3233e-15
6246.0 1.3274e-15
6247.7 1.3356e-15
6249.5 1.3510e-15
6251.2 1.3693e-15
6253.0 1.3785e-15
6254.7 1.3789e-15
6256.4 1.3865e-15
6258.2 1.4064e-15
6259.9 1.4303e-15
6261.7 1.4543e-15
6263.4 1.4802e-15
6265.1 1.5064e-15
6266.9 1.5287e-15
6268.6 1.5453e-15
6270.4 1.5567e-15
6272.1 1.5676e-15
6273.8 1.5903e-15
6275.6 1.6273e-15
6277.3 1.6651e-15
6279.1 1.6979e-15
6280.8 1.7320e-15
6282.6 1.7696e-15
6284.3 1.8078e-15
6286.0 1.8405e-15
6287.8 1.8548e-15
6289.5 1.8480e-15
6291.3 1.8372e-15
6293.0 1.8345e-15
6294.7 1.8411e-15
6296.5 1.8540e-15
6298.2 1.8610e-15
6300.0 1.8569e-15
6301.7 1.8572e-15
6303.5 1.8687e-15
6305.2 1.8733e-15
6306.9 1.8636e-15
6308.7 1.8601e-15
6310.4 1.8748e-15
6312.2 1.8944e-15
6313.9 1.9085e-15
6315.6 1.9167e-15
6317.4 1.9206e-15
6319.1 1.9251e-15
6320.9 1.9339e-15
6322.6 1.9477e-15
6324.4 1.9646e-15
6326.1 1.9778e-15
6327.8 1.9819e-15
6329.6 1.9775e-15
6331.3 1.9675e-15
6333.1 1.9608e-15
6334.8 1.9643e-15
6336.5 1.9730e-15
6338.3 1.9821e-15
6340.0 1.9911e-15
6341.8 2.0008e-15
6343.5 2.0160e-15
6345.2 2.0400e-15
6347.0 2.0610e-15
6348.7 2.0697e-15
6350.5 2.0809e-15
6352.2 2.1076e-15
6354.0 2.1390e-15
6355.7 2.1631e-15
6357.4 2.1754e-15
6359.2 2.1744e-15
6360.9 2.1748e-15
6362.7 2.1909e-15
6364.4 2.2116e-15
6366.1 2.2239e-15
6367.9 2.2342e-15
6369.6 2.2505e-15
6371.4 2.2692e-15
6373.1 2.2856e-15
6374.9 2.2994e-15
6376.6 2.3116e-15
6378.3 2.3242e-15
6380.1 2.3396e-15
6381.8 2.3583e-15
6383.6 2.3802e-15
6385.3 2.4045e-15
6387.0 2.4302e-15
6388.8 2.4487e-15
6390.5 2.4508e-15
6392.3 2.4442e-15
6394.0 2.4412e-15
6395.7 2.4418e-15
6397.5 2.4420e-15
6399.2 2.4425e-15
6401.0 2.4443e-15
6402.7 2.4476e-15
6404.5 2.4525e-15
6406.2 2.4602e-15
6407.9 2.4714e-15
6409.7 2.4899e-15
6411.4 2.5198e-15
6413.2 2.5551e-15
6414.9 2.5860e-15
6416.6 2.6081e-15
6418.4 2.6191e-15
6420.1 2.6232e-15
6421.9 2.6266e-15
6423.6 2.6345e-15
6425.4 2.6515e-15
6427.1 2.6721e-15
6428.8 2.6864e-15
6430.6 2.6865e-15
6432.3 2.6657e-15
6434.1 2.6367e-15
6435.8 2.6241e-15
6437.5 2.6284e-15
6439.3 2.6350e-15
6441.0 2.6463e-15
6442.8 2.6746e-15
6444.5 2.7091e-15
6446.3 2.7253e-15
6448.0 2.7194e-15
6449.7 2.7006e-15
6451.5 2.6857e-15
6453.2 2.6986e-15
6455.0 2.7325e-15
6456.7 2.7566e-15
6458.4 2.7609e-15
6460.2 2.7524e-15
6461.9 2.7375e-15
6463.7 2.7247e-15
6465.4 2.7137e-15
6467.1 2.6958e-15
6468.9 2.6726e-15
6470.6 2.6549e-15
6472.4 2.6473e-15
6474.1 2.6483e-15
6475.9 2.6541e-15
6477.6 2.6569e-15
6479.3 2.6538e-15
6481.1 2.6474e-15
6482.8 2.6426e-15
6484.6 2.6470e-15
6486.3 2.6599e-15
6488.0 2.6680e-15
6489.8 2.6676e-15
6491.5 2.6675e-15
6493.3 2.6717e-15
6495.0 2.6768e-15
6496.8 2.6790e-15
6498.5 2.6706e-15
6500.2 2.6522e-15
6502.0 2.6356e-15
6503.7 2.6276e-15
6505.5 2.6255e-15
6507.2 2.6264e-15
6508.9 2.6263e-15
6510.7 2.6244e-15
6512.4 2.6249e-15
6514.2 2.6334e-15
6515.9 2.6600e-15
6517.6 2.7012e-15
6519.4 2.7241e-15
6521.1 2.7111e-15
6522.9 2.6752e-15
6524.6 2.6338e-15
6526.4 2.6135e-15
6528.1 2.6253e-15
6529.8 2.6374e-15
6531.6 2.6299e-15
6533.3 2.6183e-15
6535.1 2.6125e-15
6536.8 2.6016e-15
6538.5 2.5827e-15
6540.3 2.5728e-15
6542.0 2.5830e-15
6543.8 2.6078e-15
6545.5 2.6389e-15
6547.3 2.6626e-15
6549.0 2.6692e-15
6550.7 2.6638e-15
6552.5 2.6537e-15
6554.2 2.6512e-15
6556.0 2.6628e-15
6557.7 2.6714e-15
6559.4 2.6626e-15
6561.2 2.6393e-15
6562.9 2.6083e-15
6564.7 2.5846e-15
6566.4 2.5794e-15
6568.2 2.5789e-15
6569.9 2.5706e-15
6571.6 2.5666e-15
6573.4 2.5763e-15
6575.1 2.5822e-15
6576.9 2.5688e-15
6578.6 2.5483e-15
6580.3 2.5341e-15
6582.1 2.5285e-15
6583.8 2.5308e-15
6585.6 2.5341e-15
6587.3 2.5312e-15
6589.0 2.5284e-15
6590.8 2.5323e-15
6592.5 2.5398e-15
6594.3 2.5457e-15
6596.0 2.5443e-15
6597.8 2.5308e-15
6599.5 2.5186e-15
6601.2 2.5216e-15
6603.0 2.5175e-15
6604.7 2.4810e-15
6606.5 2.4326e-15
6608.2 2.4008e-15
6609.9 2.3933e-15
6611.7 2.4110e-15
6613.4 2.4291e-15
6615.2 2.4182e-15
6616.9 2.3921e-15
6618.7 2.3760e-15
6620.4 2.3735e-15
6622.1 2.3818e-15
6623.9 2.3936e-15
6625.6 2.3996e-15
6627.4 2.4006e-15
6629.1 2.4004e-15
6630.8 2.4027e-15
6632.6 2.4116e-15
6634.3 2.4107e-15
6636.1 2.3774e-15
6637.8 2.3264e-15
6639.5 2.2864e-15
6641.3 2.2609e-15
6643.0 2.2428e-15
6644.8 2.2291e-15
6646.5 2.2173e-15
6648.3 2.2041e-15
6650.0 2.1859e-15
6651.7 2.1641e-15
6653.5 2.1423e-15
6655.2 2.1220e-15
6657.0 2.1036e-15
6658.7 2.0873e-15
6660.4 2.0719e-15
6662.2 2.0597e-15
6663.9 2.0549e-15
6665.7 2.0520e-15
6667.4 2.0398e-15
6669.2 2.0172e-15
6670.9 1.9895e-15
6672.6 1.9601e-15
6674.4 1.9317e-15
6676.1 1.9077e-15
6677.9 1.8920e-15
6679.6 1.8826e-15
6681.3 1.8732e-15
6683.1 1.8590e-15
6684.8 1.8366e-15
6686.6 1.8087e-15
6688.3 1.7840e-15
6690.1 1.7637e-15
6691.8 1.7425e-15
6693.5 1.7204e-15
6695.3 1.7018e-15
6697.0 1.6909e-15
6698.8 1.6928e-15
6700.5 1.7006e-15
6702.2 1.6943e-15
6704.0 1.6722e-15
6705.7 1.6530e-15
6707.5 1.6432e-15
6709.2 1.6371e-15
6710.9 1.6305e-15
6712.7 1.6210e-15
6714.4 1.6067e-15
6716.2 1.5875e-15
6717.9 1.5661e-15
6719.7 1.5487e-15
6721.4 1.5386e-15
6723.1 1.5360e-15
6724.9 1.5357e-15
6726.6 1.5229e-15
6728.4 1.4954e-15
6730.1 1.4717e-15
6731.8 1.4630e-15
6733.6 1.4706e-15
6735.3 1.4877e-15
6737.1 1.4889e-15
6738.8 1.4674e-15
6740.6 1.4528e-15
6742.3 1.4582e-15
6744.0 1.4623e-15
6745.8 1.4533e-15
6747.5 1.4402e-15
6749.3 1.4286e-15
6751.0 1.4169e-15
6752.7 1.4059e-15
6754.5 1.4024e-15
6756.2 1.4069e-15
6758.0 1.4031e-15
6759.7 1.3833e-15
6761.4 1.3616e-15
6763.2 1.3490e-15
6764.9 1.3447e-15
6766.7 1.3454e-15
6768.4 1.3389e-15
6770.2 1.3188e-15
6771.9 1.3013e-15
6773.6 1.2981e-15
6775.4 1.3037e-15
6777.1 1.3116e-15
6778.9 1.3158e-15
6780.6 1.3114e-15
6782.3 1.2997e-15
6784.1 1.2837e-15
6785.8 1.2714e-15
6787.6 1.2679e-15
6789.3 1.2652e-15
6791.1 1.2564e-15
6792.8 1.2480e-15
6794.5 1.2457e-15
6796.3 1.2485e-15
6798.0 1.2538e-15
6799.8 1.2504e-15
6801.5 1.2302e-15
6803.2 1.2049e-15
6805.0 1.1869e-15
6806.7 1.1780e-15
6808.5 1.1775e-15
6810.2 1.1770e-15
6812.0 1.1686e-15
6813.7 1.1599e-15
6815.4 1.1597e-15
6817.2 1.1654e-15
6818.9 1.1722e-15
6820.7 1.1726e-15
6822.4 1.1603e-15
6824.1 1.1468e-15
6825.9 1.1446e-15
6827.6 1.1462e-15
6829.4 1.1413e-15
6831.1 1.1296e-15
6832.8 1.1132e-15
6834.6 1.1012e-15
6836.3 1.1033e-15
6838.1 1.1085e-15
6839.8 1.1022e-15
6841.6 1.0871e-15
6843.3 1.0705e-15
6845.0 1.0583e-15
6846.8 1.0556e-15
6848.5 1.0597e-15
6850.3 1.0646e-15
6852.0 1.0690e-15
6853.7 1.0734e-15
6855.5 1.0734e-15
6857.2 1.0648e-15
6859.0 1.0466e-15
6860.7 1.0201e-15
6862.5 9.9305e-16
6864.2 9.7562e-16
6865.9 9.7254e-16
6867.7 9.8546e-16
6869.4 1.0074e-15
6871.2 1.0268e-15
6872.9 1.0418e-15
6874.6 1.0554e-15
6876.4 1.0638e-15
6878.1 1.0606e-15
6879.9 1.0491e-15
6881.6 1.0373e-15
6883.3 1.0272e-15
6885.1 1.0178e-15
6886.8 1.0093e-15
6888.6 1.0018e-15
6890.3 9.9592e-16
6892.1 9.9247e-16
6893.8 9.9228e-16
6895.5 9.9645e-16
6897.3 1.0033e-15
6899.0 1.0091e-15
6900.8 1.0112e-15
6902.5 1.0069e-15
6904.2 1.0006e-15
6906.0 1.0021e-15
6907.7 1.0103e-15
6909.5 1.0144e-15
6911.2 1.0133e-15
6913.0 1.0134e-15
6914.7 1.0157e-15
6916.4 1.0174e-15
6918.2 1.0170e-15
6919.9 1.0144e-15
6921.7 1.0067e-15
6923.4 9.8656e-16
6925.1 9.6247e-16
6926.9 9.5871e-16
6928.6 9.7770e-16
6930.4 9.9851e-16
6932.1 1.0099e-15
6933.9 1.0110e-15
6935.6 1.0050e-15
6937.3 1.0021e-15
6939.1 1.0056e-15
6940.8 1.0089e-15
6942.6 1.0099e-15
6944.3 1.0128e-15
6946.0 1.0162e-15
6947.8 1.0103e-15
6949.5 9.9427e-16
6951.3 9.8033e-16
6953.0 9.7641e-16
6954.7 9.8554e-16
6956.5 1.0037e-15
6958.2 1.0137e-15
6960.0 1.0089e-15
6961.7 1.0005e-15
6963.5 9.9542e-16
6965.2 9.9331e-16
6966.9 9.9380e-16
6968.7 9.9752e-16
6970.4 1.0021e-15
6972.2 9.9771e-16
6973.9 9.8323e-16
6975.6 9.7414e-16
6977.4 9.7912e-16
6979.1 9.9017e-16
6980.9 1.0007e-15
6982.6 1.0076e-15
6984.4 1.0097e-15
6986.1 1.0116e-15
6987.8 1.0150e-15
6989.6 1.0127e-15
6991.3 1.0017e-15
6993.1 9.9281e-16
6994.8 9.9334e-16
6996.5 9.9761e-16
6998.3 1.0003e-15
7000.0 9.9726e-16
7001.8 9.8797e-16
7003.5 9.8350e-16
7005.2 9.9050e-16
7007.0 9.9443e-16
7008.7 9.8491e-16
7010.5 9.7292e-16
7012.2 9.6857e-16
7014.0 9.7335e-16
7015.7 9.8610e-16
7017.4 9.9706e-16
7019.2 9.9790e-16
7020.9 9.9075e-16
7022.7 9.7988e-16
7024.4 9.7230e-16
7026.1 9.7359e-16
7027.9 9.7970e-16
7029.6 9.8533e-16
7031.4 9.8679e-16
7033.1 9.8171e-16
7034.9 9.7510e-16
7036.6 9.7237e-16
7038.3 9.7223e-16
7040.1 9.7250e-16
7041.8 9.7304e-16
7043.6 9.7354e-16
7045.3 9.7165e-16
7047.0 9.6538e-16
7048.8 9.5666e-16
7050.5 9.4805e-16
7052.3 9.4103e-16
7054.0 9.3666e-16
7055.8 9.3050e-16
7057.5 9.1789e-16
7059.2 9.0961e-16
7061.0 9.1785e-16
7062.7 9.3297e-16
7064.5 9.4102e-16
7066.2 9.3920e-16
7067.9 9.2817e-16
7069.7 9.1788e-16
7071.4 9.2030e-16
7073.2 9.3100e-16
7074.9 9.4043e-16
7076.6 9.4835e-16
7078.4 9.5695e-16
7080.1 9.6071e-16
7081.9 9.5276e-16
7083.6 9.3695e-16
7085.4 9.2090e-16
7087.1 9.1056e-16
7088.8 9.1099e-16
7090.6 9.1797e-16
7092.3 9.2310e-16
7094.1 9.2696e-16
7095.8 9.3410e-16
7097.5 9.4055e-16
7099.3 9.3906e-16
7101.0 9.3529e-16
7102.8 9.4059e-16
7104.5 9.5413e-16
7106.3 9.6906e-16
7108.0 9.8184e-16
7109.7 9.9062e-16
7111.5 9.9364e-16
7113.2 9.8959e-16
7115.0 9.8305e-16
7116.7 9.8201e-16
7118.4 9.8618e-16
7120.2 9.9009e-16
7121.9 9.9078e-16
7123.7 9.8675e-16
7125.4 9.7935e-16
7127.1 9.7190e-16
7128.9 9.6754e-16
7130.6 9.6967e-16
7132.4 9.7420e-16
7134.1 9.7070e-16
7135.9 9.6110e-16
7137.6 9.5769e-16
7139.3 9.6044e-16
7141.1 9.5929e-16
7142.8 9.5252e-16
7144.6 9.4465e-16
7146.3 9.4298e-16
7148.0 9.5800e-16
7149.8 9.8748e-16
7151.5 1.0172e-15
7153.3 1.0353e-15
7155.0 1.0329e-15
7156.8 1.0152e-15
7158.5 1.0047e-15
7160.2 1.0064e-15
7162.0 1.0036e-15
7163.7 9.9216e-16
7165.5 9.8293e-16
7167.2 9.8121e-16
7168.9 9.8722e-16
7170.7 9.9703e-16
7172.4 1.0005e-15
7174.2 9.9298e-16
7175.9 9.7887e-16
7177.7 9.6465e-16
7179.4 9.6063e-16
7181.1 9.7143e-16
7182.9 9.9248e-16
7184.6 1.0171e-15
7186.4 1.0350e-15
7188.1 1.0416e-15
7189.8 1.0426e-15
7191.6 1.0445e-15
7193.3 1.0545e-15
7195.1 1.0747e-15
7196.8 1.0936e-15
7198.5 1.1059e-15
7200.3 1.1218e-15
7202.0 1.1431e-15
7203.8 1.1511e-15
7205.5 1.1386e-15
7207.3 1.1288e-15
7209.0 1.1340e-15
7210.7 1.1380e-15
7212.5 1.1307e-15
7214.2 1.1201e-15
7216.0 1.1107e-15
7217.7 1.0984e-15
7219.4 1.0816e-15
7221.2 1.0670e-15
7222.9 1.0604e-15
7224.7 1.0622e-15
7226.4 1.0719e-15
7228.2 1.0865e-15
7229.9 1.1015e-15
7231.6 1.1089e-15
7233.4 1.1045e-15
7235.1 1.1026e-15
7236.9 1.1138e-15
7238.6 1.1287e-15
7240.3 1.1382e-15
7242.1 1.1444e-15
7243.8 1.1491e-15
7245.6 1.1492e-15
7247.3 1.1429e-15
7249.1 1.1325e-15
7250.8 1.1214e-15
7252.5 1.1160e-15
7254.3 1.1203e-15
7256.0 1.1194e-15
7257.8 1.1007e-15
7259.5 1.0776e-15
7261.2 1.0653e-15
7263.0 1.0634e-15
7264.7 1.0689e-15
7266.5 1.0759e-15
7268.2 1.0784e-15
7269.9 1.0745e-15
7271.7 1.0642e-15
7273.4 1.0544e-15
7275.2 1.0524e-15
7276.9 1.0581e-15
7278.7 1.0691e-15
7280.4 1.0756e-15
7282.1 1.0682e-15
7283.9 1.0565e-15
7285.6 1.0534e-15
7287.4 1.0588e-15
7289.1 1.0689e-15
7290.8 1.0766e-15
7292.6 1.0739e-15
7294.3 1.0608e-15
7296.1 1.0403e-15
7297.8 1.0182e-15
7299.6 1.0007e-15
7301.3 9.8905e-16
7303.0 9.8263e-16
7304.8 9.7804e-16
7306.5 9.7125e-16
7308.3 9.6410e-16
7310.0 9.6011e-16
7311.7 9.6422e-16
7313.5 9.8126e-16
7315.2 1.0035e-15
7317.0 1.0182e-15
7318.7 1.0239e-15
7320.4 1.0230e-15
7322.2 1.0204e-15
7323.9 1.0227e-15
7325.7 1.0282e-15
7327.4 1.0301e-15
7329.2 1.0328e-15
7330.9 1.0468e-15
7332.6 1.0619e-15
7334.4 1.0591e-15
7336.1 1.0410e-15
7337.9 1.0220e-15
7339.6 1.0117e-15
7341.3 1.0170e-15
7343.1 1.0310e-15
7344.8 1.0378e-15
7346.6 1.0334e-15
7348.3 1.0210e-15
7350.1 1.0096e-15
7351.8 1.0126e-15
7353.5 1.0267e-15
7355.3 1.0365e-15
7357.0 1.0374e-15
7358.8 1.0332e-15
7360.5 1.0280e-15
7362.2 1.0267e-15
7364.0 1.0309e-15
7365.7 1.0397e-15
7367.5 1.0493e-15
7369.2 1.0535e-15
7371.0 1.0526e-15
7372.7 1.0539e-15
7374.4 1.0585e-15
7376.2 1.0607e-15
7377.9 1.0610e-15
7379.7 1.0658e-15
7381.4 1.0735e-15
7383.1 1.0742e-15
7384.9 1.0662e-15
7386.6 1.0576e-15
7388.4 1.0544e-15
7390.1 1.0615e-15
7391.8 1.0734e-15
7393.6 1.0713e-15
7395.3 1.0517e-15
7397.1 1.0324e-15
7398.8 1.0235e-15
7400.6 1.0244e-15
7402.3 1.0322e-15
7404.0 1.0412e-15
7405.8 1.0466e-15
7407.5 1.0458e-15
7409.3 1.0405e-15
7411.0 1.0381e-15
7412.7 1.0425e-15
7414.5 1.0492e-15
7416.2 1.0557e-15
7418.0 1.0642e-15
7419.7 1.0748e-15
7421.5 1.0843e-15
7423.2 1.0907e-15
7424.9 1.0975e-15
7426.7 1.1036e-15
7428.4 1.0980e-15
7430.2 1.0767e-15
7431.9 1.0510e-15
7433.6 1.0314e-15
7435.4 1.0265e-15
7437.1 1.0374e-15
7438.9 1.0447e-15
7440.6 1.0364e-15
7442.3 1.0225e-15
7444.1 1.0118e-15
7445.8 1.0076e-15
7447.6 1.0108e-15
7449.3 1.0129e-15
7451.1 1.0082e-15
7452.8 9.9985e-16
7454.5 9.9191e-16
7456.3 9.8684e-16
7458.0 9.8626e-16
7459.8 9.8718e-16
7461.5 9.8751e-16
7463.2 9.9247e-16
7465.0 1.0048e-15
7466.7 1.0146e-15
7468.5 1.0137e-15
7470.2 1.0033e-15
7472.0 9.8709e-16
7473.7 9.7462e-16
7475.4 9.7343e-16
7477.2 9.7789e-16
7478.9 9.8120e-16
7480.7 9.8169e-16
7482.4 9.7830e-16
7484.1 9.6993e-16
7485.9 9.5662e-16
7487.6 9.3948e-16
7489.4 9.2064e-16
7491.1 9.1018e-16
7492.9 9.1608e-16
7494.6 9.2366e-16
7496.3 9.1711e-16
7498.1 9.0278e-16
7499.8 8.9032e-16
7501.6 8.8247e-16
7503.3 8.8037e-16
7505.0 8.7947e-16
7506.8 8.7432e-16
7508.5 8.6690e-16
7510.3 8.6072e-16
7512.0 8.5543e-16
7513.7 8.5017e-16
7515.5 8.4867e-16
7517.2 8.5489e-16
7519.0 8.6646e-16
7520.7 8.7910e-16
7522.5 8.8960e-16
7524.2 8.9548e-16
7525.9 8.9472e-16
7527.7 8.8602e-16
7529.4 8.7782e-16
7531.2 8.8079e-16
7532.9 8.8823e-16
7534.6 8.8811e-16
7536.4 8.7851e-16
7538.1 8.6111e-16
7539.9 8.4468e-16
7541.6 8.4038e-16
7543.4 8.4304e-16
7545.1 8.4115e-16
7546.8 8.2927e-16
7548.6 8.0466e-16
7550.3 7.7635e-16
7552.1 7.5901e-16
7553.8 7.5277e-16
7555.5 7.5056e-16
7557.3 7.5174e-16
7559.0 7.5774e-16
7560.8 7.6964e-16
7562.5 7.8925e-16
7564.2 8.0696e-16
7566.0 8.0668e-16
7567.7 7.9530e-16
7569.5 7.9362e-16
7571.2 8.0206e-16
7573.0 8.0845e-16
7574.7 8.1081e-16
7576.4 8.1318e-16
7578.2 8.1513e-16
7579.9 8.1315e-16
7581.7 8.0879e-16
7583.4 8.0748e-16
7585.1 8.0445e-16
7586.9 7.8746e-16
7588.6 7.5563e-16
7590.4 7.1696e-16
7592.1 6.8005e-16
7593.9 6.5508e-16
7595.6 6.4158e-16
7597.3 6.2799e-16
7599.1 6.1882e-16
7600.8 6.3323e-16
7602.6 6.7858e-16
7604.3 7.5090e-16
7606.0 8.3899e-16
7607.8 9.2356e-16
7609.5 9.9120e-16
7611.3 1.0371e-15
7613.0 1.0563e-15
7614.8 1.0435e-15
7616.5 1.0030e-15
7618.2 9.4737e-16
7620.0 8.9317e-16
7621.7 8.6085e-16
7623.5 8.5733e-16
7625.2 8.7112e-16
7626.9 8.8877e-16
7628.7 8.9442e-16
7630.4 8.8427e-16
7632.2 8.7465e-16
7633.9 8.7496e-16
7635.6 8.8271e-16
7637.4 8.9339e-16
7639.1 8.9770e-16
7640.9 8.9180e-16
7642.6 8.8284e-16
7644.4 8.7604e-16
7646.1 8.7263e-16
7647.8 8.7217e-16
7649.6 8.6975e-16
7651.3 8.6382e-16
7653.1 8.6092e-16
7654.8 8.6445e-16
7656.5 8.7106e-16
7658.3 8.7737e-16
7660.0 8.7916e-16
7661.8 8.7650e-16
7663.5 8.8187e-16
7665.3 9.0032e-16
7667.0 9.1533e-16
7668.7 9.1618e-16
7670.5 9.1108e-16
7672.2 9.0656e-16
7674.0 9.0148e-16
7675.7 8.9543e-16
7677.4 8.8954e-16
7679.2 8.8526e-16
7680.9 8.8650e-16
7682.7 8.9463e-16
7684.4 9.0203e-16
7686.1 9.0257e-16
7687.9 8.9716e-16
7689.6 8.8853e-16
7691.4 8.8630e-16
7693.1 8.9587e-16
7694.9 8.9942e-16
7696.6 8.8332e-16
7698.3 8.6325e-16
7700.1 8.5453e-16
7701.8 8.5610e-16
7703.6 8.6458e-16
7705.3 8.7251e-16
7707.0 8.7354e-16
7708.8 8.7432e-16
7710.5 8.8154e-16
7712.3 8.8947e-16
7714.0 8.9219e-16
7715.8 8.9296e-16
7717.5 8.9575e-16
7719.2 8.9976e-16
7721.0 9.0374e-16
7722.7 9.1083e-16
7724.5 9.2352e-16
7726.2 9.3497e-16
7727.9 9.3776e-16
7729.7 9.3327e-16
7731.4 9.2490e-16
7733.2 9.1848e-16
7734.9 9.1951e-16
7736.7 9.2039e-16
7738.4 9.1139e-16
7740.1 9.0061e-16
7741.9 8.9920e-16
7743.6 8.9924e-16
7745.4 8.8946e-16
7747.1 8.7196e-16
7748.8 8.5248e-16
7750.6 8.3886e-16
7752.3 8.3890e-16
7754.1 8.4687e-16
7755.8 8.5264e-16
7757.5 8.5463e-16
7759.3 8.5443e-16
7761.0 8.5002e-16
7762.8 8.3881e-16
7764.5 8.2940e-16
7766.3 8.3388e-16
7768.0 8.4648e-16
7769.7 8.5474e-16
7771.5 8.5649e-16
7773.2 8.5401e-16
7775.0 8.5086e-16
7776.7 8.5065e-16
7778.4 8.6007e-16
7780.2 8.8736e-16
7781.9 9.1485e-16
7783.7 9.1192e-16
7785.4 8.8985e-16
7787.2 8.8210e-16
7788.9 8.8564e-16
7790.6 8.7824e-16
7792.4 8.5967e-16
7794.1 8.4140e-16
7795.9 8.2650e-16
7797.6 8.1345e-16
7799.3 8.0470e-16
7801.1 8.0464e-16
7802.8 8.1069e-16
7804.6 8.1654e-16
7806.3 8.1578e-16
7808.0 8.0147e-16
7809.8 7.8181e-16
7811.5 7.7616e-16
7813.3 7.8900e-16
7815.0 8.1347e-16
7816.8 8.3709e-16
7818.5 8.4202e-16
7820.2 8.2737e-16
7822.0 8.0784e-16
7823.7 7.9348e-16
7825.5 7.8991e-16
7827.2 7.9738e-16
7828.9 8.0989e-16
7830.7 8.2186e-16
7832.4 8.2887e-16
7834.2 8.2797e-16
7835.9 8.1788e-16
7837.7 8.0208e-16
7839.4 7.8892e-16
7841.1 7.8345e-16
7842.9 7.8733e-16
7844.6 7.9475e-16
7846.4 7.8907e-16
7848.1 7.6829e-16
7849.8 7.5130e-16
7851.6 7.4622e-16
7853.3 7.4556e-16
7855.1 7.4509e-16
7856.8 7.4462e-16
7858.6 7.4347e-16
7860.3 7.4163e-16
7862.0 7.3817e-16
7863.8 7.2986e-16
7865.5 7.1757e-16
7867.3 7.0946e-16
7869.0 7.0977e-16
7870.7 7.1553e-16
7872.5 7.2357e-16
7874.2 7.3045e-16
7876.0 7.3470e-16
7877.7 7.3981e-16
7879.4 7.4764e-16
7881.2 7.5597e-16
7882.9 7.6262e-16
7884.7 7.6454e-16
7886.4 7.6157e-16
7888.2 7.6210e-16
7889.9 7.6929e-16
7891.6 7.7122e-16
7893.4 7.6108e-16
7895.1 7.4735e-16
7896.9 7.3722e-16
7898.6 7.3242e-16
7900.3 7.3340e-16
7902.1 7.3781e-16
7903.8 7.4200e-16
7905.6 7.4027e-16
7907.3 7.2909e-16
7909.1 7.1196e-16
7910.8 6.9329e-16
7912.5 6.7605e-16
7914.3 6.6357e-16
7916.0 6.6311e-16
7917.8 6.7746e-16
7919.5 6.8964e-16
7921.2 6.8672e-16
7923.0 6.8349e-16
7924.7 6.9333e-16
7926.5 7.1138e-16
7928.2 7.3042e-16
7929.9 7.3770e-16
7931.7 7.2468e-16
7933.4 7.1070e-16
7935.2 7.1442e-16
7936.9 7.2744e-16
7938.7 7.3866e-16
7940.4 7.4431e-16
7942.1 7.4233e-16
7943.9 7.3650e-16
7945.6 7.3175e-16
7947.4 7.3052e-16
7949.1 7.3413e-16
7950.8 7.3750e-16
7952.6 7.3514e-16
7954.3 7.3087e-16
7956.1 7.2957e-16
7957.8 7.3137e-16
7959.6 7.3502e-16
7961.3 7.3305e-16
7963.0 7.1818e-16
7964.8 6.9473e-16
7966.5 6.7019e-16
7968.3 6.5404e-16
7970.0 6.5479e-16
7971.7 6.6435e-16
7973.5 6.7036e-16
7975.2 6.6947e-16
7977.0 6.6129e-16
7978.7 6.5369e-16
7980.5 6.5687e-16
7982.2 6.6438e-16
7983.9 6.6503e-16
7985.7 6.6073e-16
7987.4 6.5734e-16
7989.2 6.6053e-16
7990.9 6.7599e-16
7992.6 6.9331e-16
7994.4 6.9597e-16
7996.1 6.9122e-16
7997.9 6.9568e-16
7999.6 7.0653e-16
8001.3 7.1321e-16
8003.1 7.1275e-16
8004.8 7.0572e-16
8006.6 6.9342e-16
8008.3 6.7724e-16
8010.1 6.6716e-16
8011.8 6.7716e-16
8013.5 6.9623e-16
8015.3 7.0075e-16
8017.0 6.8519e-16
8018.8 6.5379e-16
8020.5 6.2250e-16
8022.2 6.1539e-16
8024.0 6.2773e-16
8025.7 6.3591e-16
8027.5 6.3430e-16
8029.2 6.2832e-16
8031.0 6.2327e-16
8032.7 6.2634e-16
8034.4 6.3220e-16
8036.2 6.2464e-16
8037.9 6.0938e-16
8039.7 6.0951e-16
8041.4 6.2462e-16
8043.1 6.3495e-16
8044.9 6.3578e-16
8046.6 6.3502e-16
8048.4 6.3436e-16
8050.1 6.3042e-16
8051.8 6.2514e-16
8053.6 6.2517e-16
8055.3 6.3043e-16
8057.1 6.3425e-16
8058.8 6.3357e-16
8060.6 6.2880e-16
8062.3 6.2307e-16
8064.0 6.2327e-16
8065.8 6.3003e-16
8067.5 6.3636e-16
8069.3 6.3838e-16
8071.0 6.3603e-16
8072.7 6.3077e-16
8074.5 6.2683e-16
8076.2 6.2561e-16
8078.0 6.2387e-16
8079.7 6.2104e-16
8081.5 6.2118e-16
8083.2 6.2345e-16
8084.9 6.1924e-16
8086.7 6.0638e-16
8088.4 5.9400e-16
8090.2 5.8577e-16
8091.9 5.7518e-16
8093.6 5.6091e-16
8095.4 5.5152e-16
8097.1 5.5016e-16
8098.9 5.4926e-16
8100.6 5.4583e-16
8102.4 5.4716e-16
8104.1 5.5559e-16
8105.8 5.6264e-16
8107.6 5.6393e-16
8109.3 5.6486e-16
8111.1 5.6860e-16
8112.8 5.7258e-16
8114.5 5.7482e-16
8116.3 5.7382e-16
8118.0 5.7011e-16
8119.8 5.7032e-16
8121.5 5.7815e-16
8123.2 5.8736e-16
8125.0 5.9399e-16
8126.7 6.0469e-16
8128.5 6.2124e-16
8130.2 6.2765e-16
8132.0 6.1415e-16
8133.7 5.9395e-16
8135.4 5.7910e-16
8137.2 5.7125e-16
8138.9 5.6999e-16
8140.7 5.6860e-16
8142.4 5.6189e-16
8144.1 5.5616e-16
8145.9 5.5624e-16
8147.6 5.5694e-16
8149.4 5.5294e-16
8151.1 5.3931e-16
8152.9 5.1476e-16
8154.6 4.9545e-16
8156.3 4.9537e-16
8158.1 5.0811e-16
8159.8 5.2403e-16
8161.6 5.3054e-16
8163.3 5.1845e-16
8165.0 5.0319e-16
8166.8 5.0139e-16
8168.5 5.0982e-16
8170.3 5.2232e-16
8172.0 5.3612e-16
8173.7 5.4844e-16
8175.5 5.5691e-16
8177.2 5.6000e-16
8179.0 5.5840e-16
8180.7 5.5365e-16
8182.5 5.4706e-16
8184.2 5.4014e-16
8185.9 5.3459e-16
8187.7 5.3187e-16
8189.4 5.3490e-16
8191.2 5.4591e-16
8192.9 5.5948e-16
8194.6 5.6857e-16
8196.4 5.7093e-16
8198.1 5.6596e-16
8199.9 5.5781e-16
8201.6 5.5196e-16
8203.4 5.4442e-16
8205.1 5.2887e-16
8206.8 5.0945e-16
8208.6 4.9310e-16
8210.3 4.8033e-16
8212.1 4.6956e-16
8213.8 4.5942e-16
8215.5 4.4840e-16
8217.3 4.3869e-16
8219.0 4.3358e-16
8220.8 4.3260e-16
8222.5 4.3434e-16
8224.3 4.3212e-16
8226.0 4.1698e-16
8227.7 4.0110e-16
8229.5 4.0596e-16
8231.2 4.2337e-16
8233.0 4.3156e-16
8234.7 4.2763e-16
8236.4 4.1761e-16
8238.2 4.0666e-16
8239.9 4.0032e-16
8241.7 3.9832e-16
8243.4 3.9637e-16
8245.1 3.9416e-16
8246.9 3.9384e-16
8248.6 3.9242e-16
8250.4 3.8432e-16
8252.1 3.7004e-16
8253.9 3.5357e-16
8255.6 3.4112e-16
8257.3 3.4081e-16
8259.1 3.4886e-16
8260.8 3.5244e-16
8262.6 3.4887e-16
8264.3 3.4353e-16
8266.0 3.3683e-16
8267.8 3.2521e-16
8269.5 3.1195e-16
8271.3 3.0584e-16
8273.0 3.0657e-16
8274.8 3.0559e-16
8276.5 3.0024e-16
8278.2 2.9364e-16
8280.0 2.8628e-16
8281.7 2.7556e-16
8283.5 2.6556e-16
8285.2 2.6828e-16
8286.9 2.7992e-16
8288.7 2.7868e-16
8290.4 2.5929e-16
8292.2 2.3521e-16
8293.9 2.1742e-16
8295.7 2.1551e-16
8297.4 2.2748e-16
8299.1 2.3491e-16
8300.9 2.2971e-16
8302.6 2.1795e-16
8304.4 2.0687e-16
8306.1 2.0684e-16
8307.8 2.1848e-16
8309.6 2.2618e-16
8311.3 2.2213e-16
8313.1 2.1122e-16
8314.8 1.9908e-16
8316.5 1.9310e-16
8318.3 1.9717e-16
8320.0 2.0815e-16
8321.8 2.2233e-16
8323.5 2.3622e-16
8325.3 2.4614e-16
8327.0 2.4809e-16
8328.7 2.4244e-16
8330.5 2.3802e-16
8332.2 2.4056e-16
8334.0 2.4867e-16
8335.7 2.5894e-16
8337.4 2.6346e-16
8339.2 2.5793e-16
8340.9 2.4772e-16
8342.7 2.3769e-16
8344.4 2.2925e-16
8346.2 2.2376e-16
8347.9 2.2223e-16
8349.6 2.2474e-16
8351.4 2.2966e-16
8353.1 2.3535e-16
8354.9 2.4149e-16
8356.6 2.4746e-16
8358.3 2.5157e-16
8360.1 2.5277e-16
8361.8 2.5073e-16
8363.6 2.4660e-16
8365.3 2.4714e-16
8367.0 2.5666e-16
8368.8 2.6889e-16
8370.5 2.7742e-16
8372.3 2.7872e-16
8374.0 2.7201e-16
8375.8 2.6844e-16
8377.5 2.7700e-16
8379.2 2.8981e-16
8381.0 2.9825e-16
8382.7 2.9982e-16
8384.5 2.9408e-16
8386.2 2.8974e-16
8387.9 2.9475e-16
8389.7 3.0315e-16
8391.4 3.0820e-16
8393.2 3.1383e-16
8394.9 3.2398e-16
8396.7 3.3356e-16
8398.4 3.3720e-16
8400.1 3.3585e-16
8401.9 3.3193e-16
8403.6 3.2868e-16
8405.4 3.2909e-16
8407.1 3.3789e-16
8408.8 3.5797e-16
8410.6 3.7292e-16
8412.3 3.6501e-16
8414.1 3.4489e-16
8415.8 3.2916e-16
8417.6 3.2054e-16
8419.3 3.1825e-16
8421.0 3.2464e-16
8422.8 3.4114e-16
8424.5 3.5596e-16
8426.3 3.5527e-16
8428.0 3.4328e-16
8429.7 3.2964e-16
8431.5 3.2117e-16
8433.2 3.2367e-16
8435.0 3.3057e-16
8436.7 3.3101e-16
8438.4 3.2946e-16
8440.2 3.3540e-16
8441.9 3.4315e-16
8443.7 3.4249e-16
8445.4 3.3669e-16
8447.2 3.3375e-16
8448.9 3.3844e-16
8450.6 3.5437e-16
8452.4 3.7403e-16
8454.1 3.8460e-16
8455.9 3.8982e-16
8457.6 4.0116e-16
8459.3 4.1492e-16
8461.1 4.2062e-16
8462.8 4.1834e-16
8464.6 4.1328e-16
8466.3 4.0841e-16
8468.1 4.0582e-16
8469.8 4.0523e-16
8471.5 4.0464e-16
8473.3 4.0447e-16
8475.0 4.0615e-16
8476.8 4.1155e-16
8478.5 4.2351e-16
8480.2 4.3529e-16
8482.0 4.3351e-16
8483.7 4.2203e-16
8485.5 4.1654e-16
8487.2 4.2331e-16
8488.9 4.4262e-16
8490.7 4.6480e-16
8492.4 4.7063e-16
8494.2 4.6341e-16
8495.9 4.6706e-16
8497.7 4.8096e-16
8499.4 4.8181e-16
8501.1 4.7269e-16
8502.9 4.8109e-16
8504.6 5.0761e-16
8506.4 5.2693e-16
8508.1 5.3208e-16
8509.8 5.3426e-16
8511.6 5.3934e-16
8513.3 5.4828e-16
8515.1 5.6278e-16
8516.8 5.8525e-16
8518.6 6.1048e-16
8520.3 6.2411e-16
8522.0 6.2294e-16
8523.8 6.1792e-16
8525.5 6.1754e-16
8527.3 6.2726e-16
8529.0 6.4628e-16
8530.7 6.6418e-16
8532.5 6.7459e-16
8534.2 6.7810e-16
8536.0 6.7648e-16
8537.7 6.7325e-16
8539.5 6.7318e-16
8541.2 6.8264e-16
8542.9 7.0299e-16
8544.7 7.2715e-16
8546.4 7.4902e-16
8548.2 7.6501e-16
8549.9 7.7388e-16
8551.6 7.7874e-16
8553.4 7.8364e-16
8555.1 7.9468e-16
8556.9 8.1273e-16
8558.6 8.2482e-16
8560.3 8.2733e-16
8562.1 8.4128e-16
8563.8 8.7544e-16
8565.6 9.0618e-16
8567.3 9.2019e-16
8569.1 9.3375e-16
8570.8 9.5806e-16
8572.5 9.8939e-16
8574.3 1.0225e-15
8576.0 1.0473e-15
8577.8 1.0580e-15
8579.5 1.0651e-15
8581.2 1.0754e-15
8583.0 1.0789e-15
8584.7 1.0702e-15
8586.5 1.0649e-15
8588.2 1.0732e-15
8590.0 1.0811e-15
8591.7 1.0777e-15
8593.4 1.0720e-15
8595.2 1.0723e-15
8596.9 1.0719e-15
8598.7 1.0660e-15
8600.4 1.0620e-15
8602.1 1.0649e-15
8603.9 1.0663e-15
8605.6 1.0581e-15
8607.4 1.0403e-15
8609.1 1.0154e-15
8610.8 9.9780e-16
8612.6 9.9953e-16
8614.3 1.0030e-15
8616.1 9.9135e-16
8617.8 9.8174e-16
8619.6 9.9164e-16
8621.3 1.0137e-15
8623.0 1.0371e-15
8624.8 1.0510e-15
8626.5 1.0473e-15
8628.3 1.0400e-15
8630.0 1.0459e-15
8631.7 1.0675e-15
8633.5 1.1034e-15
8635.2 1.1368e-15
8637.0 1.1494e-15
8638.7 1.1538e-15
8640.5 1.1671e-15
8642.2 1.1784e-15
8643.9 1.1732e-15
8645.7 1.1602e-15
8647.4 1.1533e-15
8649.2 1.1558e-15
8650.9 1.1684e-15
8652.6 1.1828e-15
8654.4 1.1882e-15
8656.1 1.1856e-15
8657.9 1.1789e-15
8659.6 1.1707e-15
8661.4 1.1630e-15
8663.1 1.1588e-15
8664.8 1.1600e-15
8666.6 1.1617e-15
8668.3 1.1565e-15
8670.1 1.1427e-15
8671.8 1.1206e-15
8673.5 1.1016e-15
8675.3 1.1013e-15
8677.0 1.1120e-15
8678.8 1.1165e-15
8680.5 1.1138e-15
8682.2 1.1092e-15
8684.0 1.1118e-15
8685.7 1.1342e-15
8687.5 1.1616e-15
8689.2 1.1664e-15
8691.0 1.1536e-15
8692.7 1.1448e-15
8694.4 1.1524e-15
8696.2 1.1853e-15
8697.9 1.2296e-15
8699.7 1.2569e-15
8701.4 1.2674e-15
8703.1 1.2808e-15
8704.9 1.3006e-15
8706.6 1.3208e-15
8708.4 1.3413e-15
8710.1 1.3652e-15
8711.9 1.3871e-15
8713.6 1.3952e-15
8715.3 1.3892e-15
8717.1 1.3758e-15
8718.8 1.3640e-15
8720.6 1.3651e-15
8722.3 1.3748e-15
8724.0 1.3740e-15
8725.8 1.3598e-15
8727.5 1.3435e-15
8729.3 1.3291e-15
8731.0 1.3131e-15
8732.7 1.2978e-15
8734.5 1.2921e-15
8736.2 1.2929e-15
8738.0 1.2832e-15
8739.7 1.2628e-15
8741.5 1.2504e-15
8743.2 1.2515e-15
8744.9 1.2575e-15
8746.7 1.2630e-15
8748.4 1.2664e-15
8750.2 1.2665e-15
8751.9 1.2619e-15
8753.6 1.2565e-15
8755.4 1.2621e-15
8757.1 1.2800e-15
8758.9 1.2954e-15
8760.6 1.3048e-15
8762.4 1.3247e-15
8764.1 1.3558e-15
8765.8 1.3716e-15
8767.6 1.3648e-15
8769.3 1.3621e-15
8771.1 1.3765e-15
8772.8 1.3960e-15
8774.5 1.4146e-15
8776.3 1.4398e-15
8778.0 1.4724e-15
8779.8 1.5021e-15
8781.5 1.5203e-15
8783.3 1.5190e-15
8785.0 1.4979e-15
8786.7 1.4725e-15
8788.5 1.4560e-15
8790.2 1.4589e-15
8792.0 1.4807e-15
8793.7 1.4945e-15
8795.4 1.4837e-15
8797.2 1.4645e-15
8798.9 1.4493e-15
8800.7 1.4365e-15
8802.4 1.4248e-15
8804.1 1.4168e-15
8805.9 1.4133e-15
8807.6 1.4144e-15
8809.4 1.4173e-15
8811.1 1.4086e-15
8812.9 1.3808e-15
8814.6 1.3451e-15
8816.3 1.3140e-15
8818.1 1.2968e-15
8819.8 1.2984e-15
8821.6 1.3063e-15
8823.3 1.3078e-15
8825.0 1.3018e-15
8826.8 1.2897e-15
8828.5 1.2752e-15
8830.3 1.2632e-15
8832.0 1.2608e-15
8833.8 1.2729e-15
8835.5 1.2991e-15
8837.2 1.3354e-15
8839.0 1.3618e-15
8840.7 1.3625e-15
8842.5 1.3624e-15
8844.2 1.3861e-15
8845.9 1.4127e-15
8847.7 1.4191e-15
8849.4 1.4178e-15
8851.2 1.4241e-15
8852.9 1.4390e-15
8854.6 1.4595e-15
8856.4 1.4730e-15
8858.1 1.4671e-15
8859.9 1.4488e-15
8861.6 1.4297e-15
8863.4 1.4096e-15
8865.1 1.3869e-15
8866.8 1.3627e-15
8868.6 1.3381e-15
8870.3 1.3179e-15
8872.1 1.3074e-15
8873.8 1.2961e-15
8875.5 1.2713e-15
8877.3 1.2439e-15
8879.0 1.2309e-15
8880.8 1.2244e-15
8882.5 1.2114e-15
8884.3 1.1945e-15
8886.0 1.1809e-15
8887.7 1.1741e-15
8889.5 1.1762e-15
8891.2 1.1801e-15
8893.0 1.1758e-15
8894.7 1.1697e-15
8896.4 1.1745e-15
8898.2 1.1835e-15
8899.9 1.1834e-15
8901.7 1.1800e-15
8903.4 1.1863e-15
8905.2 1.1974e-15
8906.9 1.2005e-15
8908.6 1.1994e-15
8910.4 1.2048e-15
8912.1 1.2193e-15
8913.9 1.2432e-15
8915.6 1.2651e-15
8917.3 1.2666e-15
8919.1 1.2558e-15
8920.8 1.2552e-15
8922.6 1.2641e-15
8924.3 1.2680e-15
8926.0 1.2707e-15
8927.8 1.2872e-15
8929.5 1.3096e-15
8931.3 1.3161e-15
8933.0 1.3017e-15
8934.8 1.2725e-15
8936.5 1.2407e-15
8938.2 1.2234e-15
8940.0 1.2237e-15
8941.7 1.2327e-15
8943.5 1.2424e-15
8945.2 1.2455e-15
8946.9 1.2379e-15
8948.7 1.2190e-15
8950.4 1.1915e-15
8952.2 1.1592e-15
8953.9 1.1293e-15
8955.7 1.1117e-15
8957.4 1.1055e-15
8959.1 1.0973e-15
8960.9 1.0836e-15
8962.6 1.0701e-15
8964.4 1.0611e-15
8966.1 1.0611e-15
8967.8 1.0693e-15
8969.6 1.0780e-15
8971.3 1.0830e-15
8973.1 1.0832e-15
8974.8 1.0811e-15
8976.5 1.0843e-15
8978.3 1.0909e-15
8980.0 1.0869e-15
8981.8 1.0670e-15
8983.5 1.0393e-15
8985.3 1.0169e-15
8987.0 1.0241e-15
8988.7 1.0624e-15
8990.5 1.0937e-15
8992.2 1.1011e-15
8994.0 1.1056e-15
8995.7 1.1171e-15
8997.4 1.1236e-15
8999.2 1.1216e-15
9000.9 1.1238e-15
9002.7 1.1333e-15
9004.4 1.1345e-15
9006.2 1.1232e-15
9007.9 1.1222e-15
9009.6 1.1400e-15
9011.4 1.1543e-15
9013.1 1.1508e-15
9014.9 1.1328e-15
9016.6 1.1091e-15
9018.3 1.1005e-15
9020.1 1.1174e-15
9021.8 1.1410e-15
9023.6 1.1543e-15
9025.3 1.1492e-15
9027.1 1.1246e-15
9028.8 1.1015e-15
9030.5 1.0935e-15
9032.3 1.0871e-15
9034.0 1.0708e-15
9035.8 1.0459e-15
9037.5 1.0153e-15
9039.2 9.8900e-16
9041.0 9.7335e-16
9042.7 9.6244e-16
9044.5 9.5043e-16
9046.2 9.3773e-16
9047.9 9.2481e-16
9049.7 9.0978e-16
9051.4 8.9209e-16
9053.2 8.7674e-16
9054.9 8.6814e-16
9056.7 8.6247e-16
9058.4 8.5615e-16
9060.1 8.5156e-16
9061.9 8.5102e-16
9063.6 8.5318e-16
9065.4 8.5681e-16
9067.1 8.6438e-16
9068.8 8.7781e-16
9070.6 8.9300e-16
9072.3 9.0571e-16
9074.1 9.1163e-16
9075.8 9.0829e-16
9077.6 9.0543e-16
9079.3 9.1339e-16
9081.0 9.2768e-16
9082.8 9.4151e-16
9084.5 9.5882e-16
9086.3 9.8378e-16
9088.0 1.0058e-15
9089.7 1.0133e-15
9091.5 1.0081e-15
9093.2 9.9603e-16
9095.0 9.8525e-16
9096.7 9.8367e-16
9098.4 9.9339e-16
9100.2 1.0136e-15
9101.9 1.0351e-15
9103.7 1.0466e-15
9105.4 1.0518e-15
9107.2 1.0591e-15
9108.9 1.0575e-15
9110.6 1.0318e-15
9112.4 9.9995e-16
9114.1 9.8915e-16
9115.9 9.9230e-16
9117.6 9.9058e-16
9119.3 9.8800e-16
9121.1 9.9524e-16
9122.8 1.0061e-15
9124.6 1.0098e-15
9126.3 9.9837e-16
9128.1 9.6657e-16
9129.8 9.2843e-16
9131.5 9.0610e-16
9133.3 9.0286e-16
9135.0 9.1293e-16
9136.8 9.2417e-16
9138.5 9.2044e-16
9140.2 9.0584e-16
9142.0 8.9580e-16
9143.7 8.8808e-16
9145.5 8.7195e-16
9147.2 8.4824e-16
9149.0 8.2324e-16
9150.7 8.0697e-16
9152.4 8.1271e-16
9154.2 8.3172e-16
9155.9 8.3925e-16
9157.7 8.4147e-16
9159.4 8.6615e-16
9161.1 9.0268e-16
9162.9 9.1416e-16
9164.6 8.9746e-16
9166.4 8.7411e-16
9168.1 8.5506e-16
9169.8 8.4343e-16
9171.6 8.4376e-16
9173.3 8.6094e-16
9175.1 8.8750e-16
9176.8 9.0519e-16
9178.6 9.1034e-16
9180.3 9.1298e-16
9182.0 9.1793e-16
9183.8 9.2596e-16
9185.5 9.3424e-16
9187.3 9.3528e-16
9189.0 9.2858e-16
9190.7 9.2118e-16
9192.5 9.1827e-16
9194.2 9.2353e-16
9196.0 9.3359e-16
9197.7 9.3647e-16
9199.5 9.2546e-16
9201.2 9.0055e-16
9202.9 8.6712e-16
9204.7 8.3750e-16
9206.4 8.1929e-16
9208.2 8.1350e-16
9209.9 8.1448e-16
9211.6 8.0579e-16
9213.4 7.8283e-16
9215.1 7.6028e-16
9216.9 7.4777e-16
9218.6 7.4715e-16
9220.3 7.5470e-16
9222.1 7.5579e-16
9223.8 7.4295e-16
9225.6 7.2237e-16
9227.3 7.0124e-16
9229.1 6.8833e-16
9230.8 6.8799e-16
9232.5 6.9292e-16
9234.3 6.9792e-16
9236.0 7.0254e-16
9237.8 7.0691e-16
9239.5 7.1282e-16
9241.2 7.2137e-16
9243.0 7.3139e-16
9244.7 7.4095e-16
9246.5 7.4681e-16
9248.2 7.4653e-16
9250.0 7.3840e-16
9251.7 7.2453e-16
9253.4 7.1705e-16
9255.2 7.2405e-16
9256.9 7.4191e-16
9258.7 7.6353e-16
9260.4 7.7292e-16
9262.1 7.6064e-16
9263.9 7.3986e-16
9265.6 7.2453e-16
9267.4 7.2492e-16
9269.1 7.4493e-16
9270.9 7.6405e-16
9272.6 7.6532e-16
9274.3 7.5829e-16
9276.1 7.5275e-16
9277.8 7.4599e-16
9279.6 7.3643e-16
9281.3 7.3215e-16
9283.0 7.3853e-16
9284.8 7.4542e-16
9286.5 7.4281e-16
9288.3 7.2762e-16
9290.0 7.0067e-16
9291.7 6.7909e-16
9293.5 6.7817e-16
9295.2 6.8763e-16
9297.0 6.9427e-16
9298.7 6.9341e-16
9300.5 6.8271e-16
9302.2 6.7163e-16
9303.9 6.7005e-16
9305.7 6.6291e-16
9307.4 6.3526e-16
9309.2 6.1112e-16
9310.9 6.1768e-16
9312.6 6.4697e-16
9314.4 6.8343e-16
9316.1 7.0799e-16
9317.9 7.0389e-16
9319.6 6.9284e-16
9321.4 7.0332e-16
9323.1 7.3747e-16
9324.8 7.8899e-16
9326.6 8.2920e-16
9328.3 8.2688e-16
9330.1 7.9121e-16
9331.8 7.4443e-16
9333.5 7.1499e-16
9335.3 7.3112e-16
9337.0 7.7861e-16
9338.8 8.2739e-16
9340.5 8.8024e-16
9342.2 9.4948e-16
9344.0 1.0073e-15
9345.7 1.0162e-15
9347.5 9.8617e-16
9349.2 9.4555e-16
9351.0 9.1602e-16
9352.7 9.1575e-16
9354.4 9.3282e-16
9356.2 9.4121e-16
9357.9 9.3040e-16
9359.7 8.9797e-16
9361.4 8.4855e-16
9363.1 7.9175e-16
9364.9 7.4240e-16
9366.6 7.1622e-16
9368.4 7.1817e-16
9370.1 7.4757e-16
9371.9 7.8175e-16
9373.6 7.8371e-16
9375.3 7.6880e-16
9377.1 7.8623e-16
9378.8 8.1636e-16
9380.6 7.9653e-16
9382.3 7.3824e-16
9384.0 7.0002e-16
9385.8 6.9193e-16
9387.5 6.9347e-16
9389.3 6.8774e-16
9391.0 6.5613e-16
9392.8 6.1393e-16
9394.5 6.0558e-16
9396.2 6.2802e-16
9398.0 6.3841e-16
9399.7 6.3099e-16
9401.5 6.3159e-16
9403.2 6.4320e-16
9404.9 6.4797e-16
9406.7 6.5152e-16
9408.4 6.8268e-16
9410.2 7.3215e-16
9411.9 7.5136e-16
9413.6 7.3353e-16
9415.4 7.1765e-16
9417.1 7.1392e-16
9418.9 6.9926e-16
9420.6 6.7885e-16
9422.4 6.8975e-16
9424.1 7.3732e-16
9425.8 7.9090e-16
9427.6 8.2386e-16
9429.3 8.1180e-16
9431.1 7.6188e-16
9432.8 7.2659e-16
9434.5 7.3326e-16
9436.3 7.7309e-16
9438.0 8.2441e-16
9439.8 8.4128e-16
9441.5 8.1322e-16
9443.3 7.9454e-16
9445.0 8.0512e-16
9446.7 7.9958e-16
9448.5 7.6618e-16
9450.2 7.5790e-16
9452.0 7.8753e-16
9453.7 7.8766e-16
9455.4 7.3410e-16
9457.2 6.9327e-16
9458.9 6.9825e-16
9460.7 7.0929e-16
9462.4 7.0136e-16
9464.2 6.8177e-16
9465.9 6.5904e-16
9467.6 6.4952e-16
9469.4 6.5784e-16
9471.1 6.5344e-16
9472.9 6.2120e-16
9474.6 5.9101e-16
9476.3 5.8427e-16
9478.1 5.9556e-16
9479.8 6.1542e-16
9481.6 6.2492e-16
9483.3 6.1162e-16
9485.0 5.8744e-16
9486.8 5.6467e-16
9488.5 5.4780e-16
9490.3 5.4145e-16
9492.0 5.5205e-16
9493.8 5.8153e-16
9495.5 6.1895e-16
9497.2 6.5353e-16
9499.0 6.8438e-16
9500.7 7.0967e-16
9502.5 7.1654e-16
9504.2 6.9794e-16
9505.9 6.7561e-16
9507.7 6.6783e-16
9509.4 6.6028e-16
9511.2 6.3845e-16
9512.9 5.9752e-16
9514.7 5.4010e-16
9516.4 5.0625e-16
9518.1 5.3032e-16
9519.9 5.9082e-16
9521.6 6.5740e-16
9523.4 7.0155e-16
9525.1 7.0156e-16
9526.8 6.8687e-16
9528.6 6.9115e-16
9530.3 6.9731e-16
9532.1 6.8354e-16
9533.8 6.5390e-16
9535.5 6.1731e-16
9537.3 5.9259e-16
9539.0 5.9698e-16
9540.8 6.1512e-16
9542.5 6.2522e-16
9544.3 6.1968e-16
9546.0 5.9579e-16
9547.7 5.6688e-16
9549.5 5.4963e-16
9551.2 5.4798e-16
9553.0 5.6091e-16
9554.7 5.7352e-16
9556.4 5.6872e-16
9558.2 5.4435e-16
9559.9 5.0326e-16
9561.7 4.7604e-16
9563.4 5.0012e-16
9565.2 5.3230e-16
9566.9 5.0517e-16
9568.6 4.5673e-16
9570.4 4.5911e-16
9572.1 4.9197e-16
9573.9 5.0366e-16
9575.6 4.9248e-16
9577.3 4.7423e-16
9579.1 4.6152e-16
9580.8 4.6705e-16
9582.6 4.8670e-16
9584.3 5.0932e-16
9586.1 5.2242e-16
9587.8 5.1355e-16
9589.5 4.9308e-16
9591.3 4.8219e-16
9593.0 4.9200e-16
9594.8 5.2813e-16
9596.5 5.7326e-16
9598.2 5.9708e-16
9600.0 5.9491e-16
9601.7 5.7774e-16
9603.5 5.5572e-16
9605.2 5.3882e-16
9606.9 5.3268e-16
9608.7 5.4006e-16
9610.4 5.4878e-16
9612.2 5.3549e-16
9613.9 5.0642e-16
9615.7 4.8967e-16
9617.4 4.8964e-16
9619.1 4.9272e-16
9620.9 4.9599e-16
9622.6 5.0452e-16
9624.4 5.1310e-16
9626.1 5.0841e-16
9627.8 4.9130e-16
9629.6 4.7508e-16
9631.3 4.6479e-16
9633.1 4.5718e-16
9634.8 4.5380e-16
9636.6 4.6142e-16
9638.3 4.7397e-16
9640.0 4.7133e-16
9641.8 4.5360e-16
9643.5 4.4404e-16
9645.3 4.4727e-16
9647.0 4.4578e-16
9648.7 4.3578e-16
9650.5 4.3019e-16
9652.2 4.3025e-16
9654.0 4.2126e-16
9655.7 4.0186e-16
9657.4 3.8810e-16
9659.2 3.8645e-16
9660.9 3.9004e-16
9662.7 3.9479e-16
9664.4 3.9969e-16
9666.2 4.0596e-16
9667.9 4.2131e-16
9669.6 4.4229e-16
9671.4 4.4364e-16
9673.1 4.2010e-16
9674.9 4.0305e-16
9676.6 4.0656e-16
9678.3 4.1242e-16
9680.1 4.0902e-16
9681.8 3.9761e-16
9683.6 3.8060e-16
9685.3 3.6197e-16
9687.1 3.5036e-16
9688.8 3.6432e-16
9690.5 4.0946e-16
9692.3 4.6405e-16
9694.0 5.0608e-16
9695.8 5.1453e-16
9697.5 4.8588e-16
9699.2 4.6375e-16
9701.0 4.7552e-16
9702.7 4.9586e-16
9704.5 5.0333e-16
9706.2 4.9271e-16
9708.0 4.6554e-16
9709.7 4.4620e-16
9711.4 4.5119e-16
9713.2 4.6292e-16
9714.9 4.6723e-16
9716.7 4.7350e-16
9718.4 4.8623e-16
9720.1 4.8558e-16
9721.9 4.5963e-16
9723.6 4.3140e-16
9725.4 4.2119e-16
9727.1 4.2800e-16
9728.8 4.4599e-16
9730.6 4.5449e-16
9732.3 4.3832e-16
9734.1 4.2008e-16
9735.8 4.2052e-16
9737.6 4.2736e-16
9739.3 4.2709e-16
9741.0 4.1852e-16
9742.8 4.0278e-16
9744.5 3.8897e-16
9746.3 3.8562e-16
9748.0 3.8690e-16
9749.7 3.8550e-16
9751.5 3.7289e-16
9753.2 3.4409e-16
9755.0 3.2054e-16
9756.7 3.2452e-16
9758.5 3.4874e-16
9760.2 3.7989e-16
9761.9 4.1163e-16
9763.7 4.3783e-16
9765.4 4.4907e-16
9767.2 4.3842e-16
9768.9 4.1144e-16
9770.6 3.7729e-16
9772.4 3.5755e-16
9774.1 3.7262e-16
9775.9 3.9350e-16
9777.6 3.8116e-16
9779.3 3.5682e-16
9781.1 3.5511e-16
9782.8 3.6721e-16
9784.6 3.7380e-16
9786.3 3.7933e-16
9788.1 3.9338e-16
9789.8 4.1828e-16
9791.5 4.5457e-16
9793.3 4.8283e-16
9795.0 4.7863e-16
9796.8 4.5389e-16
9798.5 4.3345e-16
9800.2 4.2803e-16
9802.0 4.4246e-16
9803.7 4.6577e-16
9805.5 4.7984e-16
9807.2 4.8082e-16
9809.0 4.7150e-16
9810.7 4.5826e-16
9812.4 4.4972e-16
9814.2 4.4659e-16
9815.9 4.4514e-16
9817.7 4.4477e-16
9819.4 4.4612e-16
9821.1 4.4798e-16
9822.9 4.4840e-16
9824.6 4.4698e-16
9826.4 4.4432e-16
9828.1 4.4012e-16
9829.9 4.3334e-16
9831.6 4.2655e-16
9833.3 4.2480e-16
9835.1 4.2557e-16
9836.8 4.2122e-16
9838.6 4.1248e-16
9840.3 4.0562e-16
9842.0 4.0387e-16
9843.8 4.0938e-16
9845.5 4.1584e-16
9847.3 4.0905e-16
9849.0 3.9445e-16
9850.7 3.9378e-16
9852.5 4.0846e-16
9854.2 4.2355e-16
9856.0 4.2654e-16
9857.7 4.0568e-16
9859.5 3.6921e-16
9861.2 3.4627e-16
9862.9 3.4584e-16
9864.7 3.5294e-16
9866.4 3.6882e-16
9868.2 4.1360e-16
9869.9 4.7334e-16
9871.6 4.9570e-16
9873.4 4.6740e-16
9875.1 4.1957e-16
9876.9 3.8220e-16
9878.6 3.8837e-16
9880.4 4.3185e-16
9882.1 4.4682e-16
9883.8 4.1978e-16
9885.6 4.1416e-16
9887.3 4.5263e-16
9889.1 5.0188e-16
9890.8 5.3175e-16
9892.5 5.1010e-16
9894.3 4.4144e-16
9896.0 3.9568e-16
9897.8 4.0540e-16
9899.5 4.3479e-16
9901.2 4.5901e-16
9903.0 4.7436e-16
9904.7 4.7723e-16
9906.5 4.6563e-16
9908.2 4.4814e-16
9910.0 4.5684e-16
9911.7 4.9720e-16
9913.4 5.1257e-16
9915.2 4.7604e-16
9916.9 4.3314e-16
9918.7 4.1474e-16
9920.4 4.1270e-16
9922.1 4.1844e-16
9923.9 4.2112e-16
9925.6 4.1536e-16
9927.4 4.1525e-16
9929.1 4.2991e-16
9930.9 4.5346e-16
9932.6 4.7703e-16
9934.3 4.8235e-16
9936.1 4.6052e-16
9937.8 4.3523e-16
9939.6 4.2459e-16
9941.3 4.1637e-16
9943.0 4.0206e-16
9944.8 3.9575e-16
9946.5 4.0527e-16
9948.3 4.1019e-16
9950.0 3.9521e-16
9951.8 3.7441e-16
9953.5 3.6140e-16
9955.2 3.5330e-16
9957.0 3.4822e-16
9958.7 3.5760e-16
9960.5 3.8816e-16
9962.2 4.2367e-16
9963.9 4.4712e-16
9965.7 4.5015e-16
9967.4 4.2958e-16
9969.2 4.0133e-16
9970.9 3.8210e-16
9972.6 3.6882e-16
9974.4 3.5678e-16
9976.1 3.5014e-16
9977.9 3.5277e-16
9979.6 3.6481e-16
9981.4 3.8443e-16
9983.1 4.0377e-16
9984.8 4.1437e-16
9986.6 4.1203e-16
9988.3 3.9541e-16
9990.1 3.6300e-16
9991.8 3.1612e-16
9993.5 2.8605e-16
9995.3 3.0418e-16
9997.0 3.4482e-16
9998.8 3.7033e-16
10000.5 3.7893e-16
