3966.1 7.3146e-16
3968.9 3.7418e-16
3971.7 3.6497e-16
3974.5 5.9262e-16
3977.3 5.2866e-16
3980.0 7.1988e-16
3982.8 7.2965e-16
3985.6 6.2634e-16
3988.4 8.4761e-16
3991.2 7.5715e-16
3994.0 8.1880e-16
3996.7 7.8733e-16
3999.5 1.1553e-15
4002.3 1.1115e-15
4005.1 8.9610e-16
4007.9 7.7002e-16
4010.7 8.2519e-16
4013.4 8.5855e-16
4016.2 1.0062e-15
4019.0 1.1229e-15
4021.8 9.6318e-16
4024.6 8.2724e-16
4027.4 1.2168e-15
4030.1 1.3950e-15
4032.9 1.0971e-15
4035.7 9.0939e-16
4038.5 1.1103e-15
4041.3 1.1006e-15
4044.1 1.0202e-15
4046.8 1.0319e-15
4049.6 1.0899e-15
4052.4 8.4488e-16
4055.2 9.6404e-16
4058.0 9.1222e-16
4060.7 7.3196e-16
4063.5 7.7357e-16
4066.3 7.6608e-16
4069.1 1.0332e-15
4071.9 1.3569e-15
4074.7 7.8697e-16
4077.4 7.5398e-16
4080.2 5.8556e-16
4083.0 7.7652e-16
4085.8 1.0038e-15
4088.6 9.3198e-16
4091.4 9.5901e-16
4094.1 4.9787e-16
4096.9 4.8857e-16
4099.7 5.2822e-16
4102.5 6.6448e-16
4105.3 9.4167e-16
4108.1 6.5032e-16
4110.8 9.4380e-16
4113.6 8.9839e-16
4116.4 7.4611e-16
4119.2 8.9116e-16
4122.0 7.9252e-16
4124.8 8.3958e-16
4127.5 9.5459e-16
4130.3 5.9502e-16
4133.1 6.7863e-16
4135.9 7.1962e-16
4138.7 7.8357e-16
4141.5 9.6878e-16
4144.2 1.3056e-15
4147.0 1.1061e-15
4149.8 7.3298e-16
4152.6 4.4650e-16
4155.4 7.0568e-16
4158.1 5.1468e-16
4160.9 1.0343e-15
4163.7 8.7676e-16
4166.5 6.0339e-16
4169.3 7.8233e-16
4172.1 1.0307e-15
4174.8 7.4952e-16
4177.6 5.3337e-16
4180.4 7.6307e-16
4183.2 3.3816e-16
4186.0 6.3401e-16
4188.8 5.6349e-16
4191.5 6.8938e-16
4194.3 7.5044e-16
4197.1 8.0479e-16
4199.9 6.3957e-16
4202.7 6.9662e-16
4205.5 4.5324e-16
4208.2 2.2212e-16
4211.0 6.8049e-16
4213.8 8.6948e-16
4216.6 6.9439e-16
4219.4 7.3508e-16
4222.2 5.2754e-16
4224.9 7.2904e-16
4227.7 7.3409e-16
4230.5 5.9210e-16
4233.3 6.0760e-16
4236.1 7.8533e-16
4238.9 8.0707e-16
4241.6 6.8536e-16
4244.4 4.6877e-16
4247.2 4.6501e-16
4250.0 8.3010e-16
4252.8 7.5864e-16
4255.6 4.9472e-16
4258.3 9.4449e-16
4261.1 8.2662e-16
4263.9 9.1020e-16
4266.7 8.5687e-16
4269.5 4.4362e-16
4272.2 8.0958e-16
4275.0 8.2366e-16
4277.8 6.1949e-16
4280.6 6.8367e-16
4283.4 7.4965e-16
4286.2 9.5246e-16
4288.9 5.8427e-16
4291.7 6.2011e-16
4294.5 6.9222e-16
4297.3 7.9143e-16
4300.1 9.9538e-16
4302.9 1.0361e-15
4305.6 5.5668e-16
4308.4 8.2404e-16
4311.2 6.5346e-16
4314.0 6.6447e-16
4316.8 4.7059e-16
4319.6 7.2468e-16
4322.3 1.0860e-15
4325.1 1.0272e-15
4327.9 7.8061e-16
4330.7 1.3419e-15
4333.5 8.9782e-16
4336.3 8.4684e-16
4339.0 1.1404e-15
4341.8 7.0309e-16
4344.6 1.0242e-15
4347.4 7.5943e-16
4350.2 7.4125e-16
4353.0 9.2819e-16
4355.7 7.3572e-16
4358.5 7.7338e-16
4361.3 9.3241e-16
4364.1 8.2043e-16
4366.9 8.3121e-16
4369.6 8.1269e-16
4372.4 8.9654e-16
4375.2 8.3176e-16
4378.0 1.0631e-15
4380.8 1.2878e-15
4383.6 1.2012e-15
4386.3 1.1618e-15
4389.1 9.4237e-16
4391.9 5.9465e-16
4394.7 8.4968e-16
4397.5 8.7168e-16
4400.3 8.6655e-16
4403.0 1.0021e-15
4405.8 9.3724e-16
4408.6 9.1003e-16
4411.4 6.2639e-16
4414.2 7.8126e-16
4417.0 6.8022e-16
4419.7 6.3905e-16
4422.5 9.2176e-16
4425.3 7.0411e-16
4428.1 5.0222e-16
4430.9 4.7990e-16
4433.7 5.7780e-16
4436.4 4.9061e-16
4439.2 5.8089e-16
4442.0 6.9754e-16
4444.8 5.0468e-16
4447.6 3.5507e-16
4450.4 4.0001e-16
4453.1 5.4909e-16
4455.9 6.6932e-16
4458.7 7.4930e-16
4461.5 4.0932e-16
4464.3 6.7391e-16
4467.1 4.6417e-16
4469.8 3.8977e-16
4472.6 5.8562e-16
4475.4 4.7551e-16
4478.2 4.5542e-16
4481.0 7.2604e-16
4483.7 7.8212e-16
4486.5 7.6790e-16
4489.3 6.6147e-16
4492.1 5.8217e-16
4494.9 2.3399e-16
4497.7 5.1359e-16
4500.4 5.8254e-16
4503.2 5.5462e-16
4506.0 3.9052e-16
4508.8 1.4545e-16
4511.6 4.8266e-16
4514.4 4.7614e-16
4517.1 4.9493e-16
4519.9 7.5534e-16
4522.7 8.9973e-16
4525.5 6.9049e-16
4528.3 9.3818e-16
4531.1 8.2886e-16
4533.8 6.9908e-16
4536.6 4.0200e-16
4539.4 3.7087e-16
4542.2 6.6743e-16
4545.0 6.1083e-16
4547.8 6.2701e-16
4550.5 6.4785e-16
4553.3 6.5361e-16
4556.1 7.3863e-16
4558.9 8.5134e-16
4561.7 9.2296e-16
4564.5 1.0051e-15
4567.2 7.6705e-16
4570.0 9.2868e-16
4572.8 8.8357e-16
4575.6 6.8903e-16
4578.4 6.9253e-16
4581.1 7.8290e-16
4583.9 6.9337e-16
4586.7 9.9961e-16
4589.5 1.0672e-15
4592.3 1.1805e-15
4595.1 1.1912e-15
4597.8 1.1321e-15
4600.6 1.2843e-15
4603.4 1.5024e-15
4606.2 1.4239e-15
4609.0 1.2010e-15
4611.8 1.1948e-15
4614.5 1.4755e-15
4617.3 1.3954e-15
4620.1 1.3432e-15
4622.9 1.1450e-15
4625.7 1.3272e-15
4628.5 1.8342e-15
4631.2 1.6171e-15
4634.0 1.3888e-15
4636.8 1.7212e-15
4639.6 1.6993e-15
4642.4 1.9633e-15
4645.2 2.1020e-15
4647.9 1.9662e-15
4650.7 1.5143e-15
4653.5 1.5937e-15
4656.3 1.9250e-15
4659.1 1.5525e-15
4661.9 1.4839e-15
4664.6 1.6968e-15
4667.4 1.7727e-15
4670.2 1.9973e-15
4673.0 1.9167e-15
4675.8 1.8012e-15
4678.5 1.4936e-15
4681.3 1.3992e-15
4684.1 1.9090e-15
4686.9 2.0840e-15
4689.7 1.9613e-15
4692.5 1.8726e-15
4695.2 1.6794e-15
4698.0 1.5470e-15
4700.8 1.8433e-15
4703.6 2.0201e-15
4706.4 1.7663e-15
4709.2 1.8838e-15
4711.9 1.8359e-15
4714.7 1.7751e-15
4717.5 1.5963e-15
4720.3 1.5489e-15
4723.1 1.5838e-15
4725.9 1.5281e-15
4728.6 1.4545e-15
4731.4 1.2703e-15
4734.2 1.4321e-15
4737.0 1.5458e-15
4739.8 1.3012e-15
4742.6 1.1489e-15
4745.3 1.2620e-15
4748.1 1.5332e-15
4750.9 1.3612e-15
4753.7 1.1577e-15
4756.5 1.3661e-15
4759.3 1.1266e-15
4762.0 8.1676e-16
4764.8 9.9612e-16
4767.6 7.3613e-16
4770.4 1.0159e-15
4773.2 1.0764e-15
4776.0 8.3612e-16
4778.7 8.5478e-16
4781.5 8.0330e-16
4784.3 7.9892e-16
4787.1 9.0408e-16
4789.9 6.5785e-16
4792.6 6.4953e-16
4795.4 1.1801e-15
4798.2 9.4570e-16
4801.0 8.0185e-16
4803.8 8.0798e-16
4806.6 7.8243e-16
4809.3 7.2461e-16
4812.1 7.7406e-16
4814.9 8.1591e-16
4817.7 8.2065e-16
4820.5 7.8095e-16
4823.3 6.3083e-16
4826.0 7.4435e-16
4828.8 7.3912e-16
4831.6 6.8412e-16
4834.4 8.5405e-16
4837.2 8.7624e-16
4840.0 9.7165e-16
4842.7 9.7649e-16
4845.5 5.5763e-16
4848.3 6.4629e-16
4851.1 8.0323e-16
4853.9 9.3614e-16
4856.7 7.4650e-16
4859.4 9.3506e-16
4862.2 9.7474e-16
4865.0 9.2040e-16
4867.8 9.1191e-16
4870.6 9.4279e-16
4873.4 8.7458e-16
4876.1 7.6355e-16
4878.9 8.4018e-16
4881.7 1.0126e-15
4884.5 9.0818e-16
4887.3 1.0408e-15
4890.0 1.1980e-15
4892.8 1.0510e-15
4895.6 1.1836e-15
4898.4 1.1706e-15
4901.2 1.1164e-15
4904.0 1.0138e-15
4906.7 8.7468e-16
4909.5 1.0412e-15
4912.3 1.0487e-15
4915.1 1.1186e-15
4917.9 1.1390e-15
4920.7 9.0393e-16
4923.4 9.5929e-16
4926.2 6.6233e-16
4929.0 6.2806e-16
4931.8 8.6644e-16
4934.6 9.2125e-16
4937.4 1.0000e-15
4940.1 6.1231e-16
4942.9 5.6946e-16
4945.7 8.2558e-16
4948.5 9.1060e-16
4951.3 1.0763e-15
4954.1 9.8973e-16
4956.8 1.0959e-15
4959.6 1.1803e-15
4962.4 1.0496e-15
4965.2 1.1484e-15
4968.0 1.2188e-15
4970.8 9.5833e-16
4973.5 9.5584e-16
4976.3 1.2491e-15
4979.1 1.5106e-15
4981.9 1.6111e-15
4984.7 1.6455e-15
4987.4 1.6550e-15
4990.2 1.9383e-15
4993.0 1.6152e-15
4995.8 1.4002e-15
4998.6 1.6793e-15
5001.4 1.7027e-15
5004.1 1.6966e-15
5006.9 1.4862e-15
5009.7 1.5221e-15
5012.5 1.6813e-15
5015.3 1.6133e-15
5018.1 1.4345e-15
5020.8 1.5708e-15
5023.6 1.6416e-15
5026.4 1.6216e-15
5029.2 1.4283e-15
5032.0 1.4742e-15
5034.8 1.4564e-15
5037.5 1.4141e-15
5040.3 1.3862e-15
5043.1 1.4487e-15
5045.9 1.2772e-15
5048.7 1.2008e-15
5051.5 1.0487e-15
5054.2 1.0063e-15
5057.0 1.0497e-15
5059.8 9.2018e-16
5062.6 9.7641e-16
5065.4 1.0824e-15
5068.2 8.2825e-16
5070.9 1.0387e-15
5073.7 1.0732e-15
5076.5 8.1698e-16
5079.3 6.2952e-16
5082.1 6.1676e-16
5084.9 7.4533e-16
5087.6 8.0682e-16
5090.4 7.6217e-16
5093.2 8.9704e-16
5096.0 7.7054e-16
5098.8 7.6258e-16
5101.5 7.1017e-16
5104.3 9.6049e-16
5107.1 9.8302e-16
5109.9 8.6966e-16
5112.7 8.2549e-16
5115.5 7.5734e-16
5118.2 8.3683e-16
5121.0 9.6552e-16
5123.8 8.8707e-16
5126.6 7.4505e-16
5129.4 5.8286e-16
5132.2 6.2267e-16
5134.9 7.7471e-16
5137.7 1.0432e-15
5140.5 1.0231e-15
5143.3 7.1214e-16
5146.1 7.1996e-16
5148.9 6.3945e-16
5151.6 8.6854e-16
5154.4 8.1022e-16
5157.2 7.1349e-16
5160.0 7.2206e-16
5162.8 9.4806e-16
5165.6 9.7398e-16
5168.3 7.5539e-16
5171.1 8.3355e-16
5173.9 5.5753e-16
5176.7 7.2992e-16
5179.5 7.2465e-16
5182.3 6.4336e-16
5185.0 7.0354e-16
5187.8 6.6952e-16
5190.6 7.9562e-16
5193.4 8.6477e-16
5196.2 8.1003e-16
5198.9 7.4955e-16
5201.7 9.7644e-16
5204.5 7.8957e-16
5207.3 7.8721e-16
5210.1 9.5525e-16
5212.9 6.6061e-16
5215.6 6.0114e-16
5218.4 7.9672e-16
5221.2 7.6491e-16
5224.0 7.6072e-16
5226.8 8.6562e-16
5229.6 8.6980e-16
5232.3 8.2094e-16
5235.1 8.3411e-16
5237.9 6.9758e-16
5240.7 6.9960e-16
5243.5 8.9325e-16
5246.3 8.9549e-16
5249.0 8.9871e-16
5251.8 8.9588e-16
5254.6 8.6999e-16
5257.4 8.0825e-16
5260.2 7.5341e-16
5263.0 8.5478e-16
5265.7 9.0706e-16
5268.5 9.9605e-16
5271.3 8.8528e-16
5274.1 9.4319e-16
5276.9 1.0417e-15
5279.7 8.8298e-16
5282.4 8.8494e-16
5285.2 9.1066e-16
5288.0 1.1832e-15
5290.8 1.0931e-15
5293.6 9.6978e-16
5296.4 1.1832e-15
5299.1 1.1775e-15
5301.9 1.1544e-15
5304.7 9.2651e-16
5307.5 1.0275e-15
5310.3 1.1726e-15
5313.0 1.0298e-15
5315.8 1.2532e-15
5318.6 1.3582e-15
5321.4 1.1946e-15
5324.2 1.2615e-15
5327.0 1.3168e-15
5329.7 1.3041e-15
5332.5 1.3154e-15
5335.3 1.2199e-15
5338.1 1.2664e-15
5340.9 1.2422e-15
5343.7 1.1939e-15
5346.4 1.1861e-15
5349.2 1.1640e-15
5352.0 1.2357e-15
5354.8 1.3524e-15
5357.6 1.4196e-15
5360.4 1.4171e-15
5363.1 1.3038e-15
5365.9 1.2878e-15
5368.7 1.2378e-15
5371.5 1.2891e-15
5374.3 1.3943e-15
5377.1 1.5155e-15
5379.8 1.3112e-15
5382.6 1.3599e-15
5385.4 1.3667e-15
5388.2 1.2156e-15
5391.0 1.4837e-15
5393.8 1.4110e-15
5396.5 1.3152e-15
5399.3 1.3273e-15
5402.1 1.2727e-15
5404.9 1.2964e-15
5407.7 1.2484e-15
5410.4 1.2364e-15
5413.2 1.2157e-15
5416.0 1.3472e-15
5418.8 1.3792e-15
5421.6 1.2168e-15
5424.4 1.1939e-15
5427.1 1.2591e-15
5429.9 1.1293e-15
5432.7 1.1977e-15
5435.5 1.3233e-15
5438.3 1.2072e-15
5441.1 1.2404e-15
5443.8 1.1571e-15
5446.6 1.1755e-15
5449.4 1.4566e-15
5452.2 1.6072e-15
5455.0 1.3713e-15
5457.8 1.3742e-15
5460.5 1.3522e-15
5463.3 1.3864e-15
5466.1 1.3974e-15
5468.9 1.2411e-15
5471.7 1.4152e-15
5474.5 1.3480e-15
5477.2 1.2751e-15
5480.0 1.3881e-15
5482.8 1.4533e-15
5485.6 1.4101e-15
5488.4 1.5149e-15
5491.2 1.2454e-15
5493.9 1.4532e-15
5496.7 1.4239e-15
5499.5 1.6114e-15
5502.3 1.5738e-15
5505.1 1.4587e-15
5507.8 1.5465e-15
5510.6 1.6576e-15
5513.4 1.6869e-15
5516.2 1.5233e-15
5519.0 1.4392e-15
5521.8 1.4863e-15
5524.5 1.5677e-15
5527.3 1.8385e-15
5530.1 1.7202e-15
5532.9 1.6732e-15
5535.7 1.6487e-15
5538.5 1.7889e-15
5541.2 1.8270e-15
5544.0 1.7950e-15
5546.8 1.8263e-15
5549.6 1.9115e-15
5552.4 1.9126e-15
5555.2 1.9163e-15
5557.9 1.9060e-15
5560.7 1.6913e-15
5563.5 1.8527e-15
5566.3 1.8204e-15
5569.1 1.7993e-15
5571.9 1.8922e-15
5574.6 1.8053e-15
5577.4 1.7635e-15
5580.2 1.7704e-15
5583.0 1.7678e-15
5585.8 1.7188e-15
5588.6 1.7239e-15
5591.3 1.6801e-15
5594.1 1.5985e-15
5596.9 1.5093e-15
5599.7 1.5472e-15
5602.5 1.4578e-15
5605.2 1.3924e-15
5608.0 1.4835e-15
5610.8 1.5818e-15
5613.6 1.5553e-15
5616.4 1.5053e-15
5619.2 1.4943e-15
5621.9 1.3874e-15
5624.7 1.3821e-15
5627.5 1.4835e-15
5630.3 1.3628e-15
5633.1 1.3894e-15
5635.9 1.5805e-15
5638.6 1.4475e-15
5641.4 1.4609e-15
5644.2 1.5675e-15
5647.0 1.4903e-15
5649.8 1.3623e-15
5652.6 1.3918e-15
5655.3 1.4985e-15
5658.1 1.3065e-15
5660.9 1.3226e-15
5663.7 1.3763e-15
5666.5 1.3119e-15
5669.3 1.2286e-15
5672.0 1.1902e-15
5674.8 1.1798e-15
5677.6 1.3279e-15
5680.4 1.1416e-15
5683.2 1.1189e-15
5686.0 1.1136e-15
5688.7 9.2020e-16
5691.5 9.8188e-16
5694.3 9.7921e-16
5697.1 9.4027e-16
5699.9 1.1693e-15
5702.7 1.0289e-15
5705.4 8.6739e-16
5708.2 9.6871e-16
5711.0 9.1808e-16
5713.8 8.0297e-16
5716.6 7.5869e-16
5719.3 9.0745e-16
5722.1 8.6959e-16
5724.9 8.6581e-16
5727.7 8.5262e-16
5730.5 9.0577e-16
5733.3 8.3693e-16
5736.0 8.9904e-16
5738.8 8.3718e-16
5741.6 7.1239e-16
5744.4 6.8958e-16
5747.2 6.0946e-16
5750.0 6.4549e-16
5752.7 6.6827e-16
5755.5 6.7867e-16
5758.3 6.1749e-16
5761.1 6.7707e-16
5763.9 6.5175e-16
5766.7 6.0281e-16
5769.4 5.0017e-16
5772.2 5.3223e-16
5775.0 6.2448e-16
5777.8 6.4021e-16
5780.6 6.0174e-16
5783.4 5.8706e-16
5786.1 6.9657e-16
5788.9 6.3759e-16
5791.7 5.5563e-16
5794.5 6.4090e-16
5797.3 7.1770e-16
5800.1 7.0305e-16
5802.8 6.9818e-16
5805.6 7.8963e-16
5808.4 7.5013e-16
5811.2 7.4322e-16
5814.0 7.7023e-16
5816.7 8.5506e-16
5819.5 9.2993e-16
5822.3 9.5077e-16
5825.1 9.4081e-16
5827.9 9.6723e-16
5830.7 9.0264e-16
5833.4 9.2296e-16
5836.2 9.1997e-16
5839.0 9.9495e-16
5841.8 9.5909e-16
5844.6 1.0546e-15
5847.4 1.0340e-15
5850.1 1.0349e-15
5852.9 1.0689e-15
5855.7 9.9712e-16
5858.5 9.2745e-16
5861.3 9.7074e-16
5864.1 1.0496e-15
5866.8 1.0880e-15
5869.6 1.1193e-15
5872.4 1.1376e-15
5875.2 1.0188e-15
5878.0 9.9692e-16
5880.8 1.0448e-15
5883.5 1.0118e-15
5886.3 1.0543e-15
5889.1 1.0007e-15
5891.9 1.1251e-15
5894.7 1.0111e-15
5897.5 9.1981e-16
5900.2 1.0414e-15
5903.0 1.0760e-15
5905.8 1.0605e-15
5908.6 1.0686e-15
5911.4 1.0138e-15
5914.2 9.3163e-16
5916.9 9.6954e-16
5919.7 9.0935e-16
5922.5 8.2775e-16
5925.3 9.1571e-16
5928.1 9.7870e-16
5930.8 9.2802e-16
5933.6 9.0670e-16
5936.4 7.7050e-16
5939.2 7.6891e-16
5942.0 7.5773e-16
5944.8 7.1249e-16
5947.5 7.0275e-16
5950.3 8.0080e-16
5953.1 8.0182e-16
5955.9 7.4014e-16
5958.7 7.9628e-16
5961.5 8.0725e-16
5964.2 7.7299e-16
5967.0 7.7134e-16
5969.8 7.2168e-16
5972.6 7.3007e-16
5975.4 8.1238e-16
5978.2 8.5791e-16
5980.9 7.8260e-16
5983.7 8.2767e-16
5986.5 8.0024e-16
5989.3 8.2051e-16
5992.1 7.3342e-16
5994.9 6.3611e-16
5997.6 7.6123e-16
6000.4 7.7275e-16
6003.2 7.1087e-16
6006.0 7.4972e-16
6008.8 6.8632e-16
6011.6 7.0952e-16
6014.3 6.2194e-16
6017.1 5.9181e-16
6019.9 5.9218e-16
6022.7 5.9362e-16
6025.5 6.7438e-16
6028.2 5.9421e-16
6031.0 5.0645e-16
6033.8 5.1410e-16
6036.6 5.5999e-16
6039.4 6.3388e-16
6042.2 5.4752e-16
6044.9 5.0714e-16
6047.7 5.7795e-16
6050.5 5.8607e-16
6053.3 4.6789e-16
6056.1 4.7977e-16
6058.9 5.4694e-16
6061.6 5.6491e-16
6064.4 5.2369e-16
6067.2 4.2905e-16
6070.0 5.0536e-16
6072.8 4.2262e-16
6075.6 4.6049e-16
6078.3 4.3899e-16
6081.1 4.7895e-16
6083.9 3.9407e-16
6086.7 3.7983e-16
6089.5 4.2010e-16
6092.3 4.4313e-16
6095.0 4.6401e-16
6097.8 4.6637e-16
6100.6 5.1443e-16
6103.4 4.5353e-16
6106.2 4.0858e-16
6109.0 4.8652e-16
6111.7 5.1986e-16
6114.5 5.3952e-16
6117.3 5.0297e-16
6120.1 3.8915e-16
6122.9 3.6650e-16
6125.6 4.5530e-16
6128.4 4.7715e-16
6131.2 4.5782e-16
6134.0 4.8404e-16
6136.8 4.5811e-16
6139.6 4.3900e-16
6142.3 4.6842e-16
6145.1 4.5414e-16
6147.9 3.7598e-16
6150.7 4.9634e-16
6153.5 4.0686e-16
6156.3 4.3968e-16
6159.0 4.5546e-16
6161.8 4.5487e-16
6164.6 4.0624e-16
6167.4 3.8669e-16
6170.2 4.5914e-16
6173.0 4.2461e-16
6175.7 3.7779e-16
6178.5 3.5144e-16
6181.3 4.1249e-16
6184.1 4.8498e-16
6186.9 4.2082e-16
6189.7 4.4557e-16
6192.4 4.7982e-16
6195.2 4.2205e-16
6198.0 4.0615e-16
6200.8 4.2858e-16
6203.6 4.8279e-16
6206.4 4.3827e-16
6209.1 3.9835e-16
6211.9 4.0968e-16
6214.7 4.0133e-16
6217.5 4.1858e-16
6220.3 4.2465e-16
6223.1 3.7074e-16
6225.8 3.6686e-16
6228.6 3.8920e-16
6231.4 3.7176e-16
6234.2 3.7307e-16
6237.0 3.7643e-16
6239.7 4.1845e-16
6242.5 3.7297e-16
6245.3 3.4054e-16
6248.1 3.3683e-16
6250.9 3.2951e-16
6253.7 3.6879e-16
6256.4 3.7725e-16
6259.2 3.6224e-16
6262.0 3.3241e-16
6264.8 3.8358e-16
6267.6 3.8256e-16
6270.4 3.7243e-16
6273.1 3.7044e-16
6275.9 4.1533e-16
6278.7 3.9821e-16
6281.5 4.0364e-16
6284.3 3.8807e-16
6287.1 4.0208e-16
6289.8 3.6982e-16
6292.6 4.1829e-16
6295.4 4.0885e-16
6298.2 4.0340e-16
6301.0 3.7648e-16
6303.8 3.8901e-16
6306.5 4.4590e-16
6309.3 3.6331e-16
6312.1 3.0315e-16
6314.9 3.7374e-16
6317.7 3.9159e-16
6320.5 3.8246e-16
6323.2 3.3346e-16
6326.0 3.6980e-16
6328.8 3.9001e-16
6331.6 3.3325e-16
6334.4 3.0358e-16
6337.1 3.3289e-16
6339.9 3.4247e-16
6342.7 3.0244e-16
6345.5 3.4404e-16
6348.3 2.9890e-16
6351.1 2.4935e-16
6353.8 2.7326e-16
6356.6 2.9300e-16
6359.4 3.3145e-16
6362.2 3.2302e-16
6365.0 3.0232e-16
6367.8 3.0800e-16
6370.5 3.1881e-16
6373.3 3.2022e-16
6376.1 3.1349e-16
6378.9 3.1573e-16
6381.7 2.9503e-16
6384.5 3.0115e-16
6387.2 2.9966e-16
6390.0 2.3900e-16
6392.8 2.7456e-16
6395.6 3.0810e-16
6398.4 3.0973e-16
6401.2 3.0794e-16
6403.9 2.9852e-16
6406.7 2.9019e-16
6409.5 2.7902e-16
6412.3 3.1964e-16
6415.1 3.3266e-16
6417.9 2.9866e-16
6420.6 3.0170e-16
6423.4 3.0152e-16
6426.2 2.8503e-16
6429.0 2.8160e-16
6431.8 2.9273e-16
6434.5 3.3763e-16
6437.3 3.4765e-16
6440.1 3.4264e-16
6442.9 3.7730e-16
6445.7 3.1701e-16
6448.5 3.3800e-16
6451.2 3.4514e-16
6454.0 3.5567e-16
6456.8 3.1406e-16
6459.6 3.2456e-16
6462.4 3.1852e-16
6465.2 3.6061e-16
6467.9 3.3916e-16
6470.7 3.4049e-16
6473.5 3.5288e-16
6476.3 3.8399e-16
6479.1 3.7956e-16
6481.9 3.4737e-16
6484.6 3.6047e-16
6487.4 3.6482e-16
6490.2 3.5789e-16
6493.0 3.9682e-16
6495.8 4.2668e-16
6498.6 4.0690e-16
6501.3 4.0161e-16
6504.1 4.0274e-16
6506.9 3.7365e-16
6509.7 3.6017e-16
6512.5 3.9502e-16
6515.3 3.8559e-16
6518.0 3.4309e-16
6520.8 3.9951e-16
6523.6 4.1590e-16
6526.4 3.8954e-16
6529.2 3.9135e-16
6532.0 4.0304e-16
6534.7 4.1186e-16
6537.5 4.0550e-16
6540.3 4.1947e-16
6543.1 4.1032e-16
6545.9 3.7655e-16
6548.6 3.8264e-16
6551.4 3.8487e-16
6554.2 3.9261e-16
6557.0 4.0277e-16
6559.8 3.6905e-16
6562.6 3.8038e-16
6565.3 3.5655e-16
6568.1 3.8411e-16
6570.9 3.8732e-16
6573.7 3.5230e-16
6576.5 3.4079e-16
6579.3 3.6537e-16
6582.0 3.3954e-16
6584.8 3.4779e-16
6587.6 3.7611e-16
6590.4 3.6802e-16
6593.2 3.6429e-16
6596.0 3.6214e-16
6598.7 3.5508e-16
6601.5 3.2539e-16
6604.3 3.3971e-16
6607.1 3.3107e-16
6609.9 3.2587e-16
6612.7 3.4903e-16
6615.4 3.3488e-16
6618.2 3.2461e-16
6621.0 3.3594e-16
6623.8 3.2128e-16
6626.6 3.2522e-16
6629.4 3.2024e-16
6632.1 3.1467e-16
6634.9 3.1018e-16
6637.7 2.8564e-16
6640.5 2.6902e-16
6643.3 2.6772e-16
6646.0 2.6026e-16
6648.8 2.6869e-16
6651.6 2.8856e-16
6654.4 2.6812e-16
6657.2 2.5622e-16
6660.0 2.7227e-16
6662.7 2.7310e-16
6665.5 2.5162e-16
6668.3 2.3523e-16
6671.1 2.3797e-16
6673.9 2.0982e-16
6676.7 2.1044e-16
6679.4 2.1148e-16
6682.2 2.2830e-16
6685.0 2.0782e-16
6687.8 2.1018e-16
6690.6 2.1017e-16
6693.4 2.1043e-16
6696.1 2.0498e-16
6698.9 1.7121e-16
6701.7 1.8267e-16
6704.5 1.9000e-16
6707.3 1.8129e-16
6710.1 1.8188e-16
6712.8 1.5681e-16
6715.6 1.6487e-16
6718.4 1.6106e-16
6721.2 1.4651e-16
6724.0 1.5273e-16
6726.8 1.3195e-16
6729.5 1.1770e-16
6732.3 1.2188e-16
6735.1 1.3404e-16
6737.9 1.4957e-16
6740.7 1.2986e-16
6743.5 1.0349e-16
6746.2 1.0418e-16
6749.0 1.1110e-16
6751.8 1.1225e-16
6754.6 1.1678e-16
6757.4 1.2294e-16
6760.1 1.0849e-16
6762.9 1.1352e-16
6765.7 1.2444e-16
6768.5 1.2648e-16
6771.3 1.1092e-16
6774.1 9.0019e-17
6776.8 9.4449e-17
6779.6 9.3273e-17
6782.4 1.0050e-16
6785.2 1.0467e-16
6788.0 1.0249e-16
6790.8 1.0412e-16
6793.5 1.0610e-16
6796.3 1.1692e-16
6799.1 1.0953e-16
6801.9 1.0262e-16
6804.7 1.0206e-16
6807.5 1.0169e-16
6810.2 1.0234e-16
6813.0 9.0922e-17
6815.8 9.6441e-17
6818.6 9.2882e-17
6821.4 9.1794e-17
6824.2 1.0144e-16
6826.9 9.3882e-17
6829.7 7.4517e-17
6832.5 7.3836e-17
6835.3 9.1484e-17
6838.1 8.9568e-17
6840.9 8.2098e-17
6843.6 8.2264e-17
6846.4 8.8872e-17
6849.2 8.1968e-17
6852.0 7.2437e-17
6854.8 6.4278e-17
6857.5 8.4456e-17
6860.3 9.3193e-17
6863.1 1.1128e-16
6865.9 8.2203e-17
6868.7 7.9966e-17
6871.5 7.9880e-17
6874.2 7.9875e-17
6877.0 7.4746e-17
6879.8 7.7993e-17
6882.6 7.7846e-17
6885.4 7.1427e-17
6888.2 6.9924e-17
6890.9 8.0138e-17
6893.7 6.9206e-17
6896.5 6.8393e-17
6899.3 6.5271e-17
6902.1 6.6704e-17
6904.9 6.4137e-17
6907.6 6.7285e-17
6910.4 7.6536e-17
6913.2 7.5017e-17
6916.0 7.8122e-17
6918.8 8.1271e-17
6921.6 7.4829e-17
6924.3 5.8593e-17
6927.1 6.8954e-17
6929.9 7.6523e-17
6932.7 6.6276e-17
6935.5 6.0422e-17
6938.3 5.5817e-17
6941.0 6.0285e-17
6943.8 6.5312e-17
6946.6 7.1382e-17
6949.4 5.6259e-17
6952.2 5.5092e-17
6954.9 5.3290e-17
6957.7 5.8824e-17
6960.5 6.5139e-17
6963.3 6.0139e-17
6966.1 6.4339e-17
6968.9 6.1583e-17
6971.6 6.9276e-17
6974.4 6.4811e-17
6977.2 5.7696e-17
6980.0 5.4791e-17
6982.8 6.7125e-17
6985.6 6.2666e-17
6988.3 4.6437e-17
6991.1 5.5530e-17
6993.9 5.4385e-17
6996.7 5.5617e-17
6999.5 6.1672e-17
7002.3 6.2378e-17
7005.0 6.2823e-17
7007.8 6.3713e-17
7010.6 6.2196e-17
7013.4 5.8770e-17
7016.2 5.7661e-17
7019.0 5.8516e-17
7021.7 5.7666e-17
7024.5 5.7394e-17
7027.3 5.9995e-17
7030.1 6.2105e-17
7032.9 5.9374e-17
7035.7 5.3546e-17
7038.4 5.0373e-17
7041.2 5.1365e-17
7044.0 5.3845e-17
7046.8 5.5689e-17
7049.6 5.6159e-17
7052.4 5.4747e-17
7055.1 5.2772e-17
7057.9 5.2194e-17
7060.7 5.2278e-17
7063.5 5.0428e-17
7066.3 4.7237e-17
7069.0 4.6589e-17
7071.8 4.8445e-17
7074.6 4.9970e-17
7077.4 5.0437e-17
7080.2 4.9941e-17
7083.0 4.9092e-17
7085.7 4.7412e-17
7088.5 4.5061e-17
7091.3 4.5292e-17
7094.1 4.6710e-17
7096.9 4.5711e-17
7099.7 4.4063e-17
7102.4 4.3999e-17
7105.2 4.5173e-17
7108.0 4.5800e-17
7110.8 4.4355e-17
7113.6 4.2005e-17
7116.4 4.0673e-17
7119.1 4.0241e-17
7121.9 3.9537e-17
7124.7 3.8777e-17
7127.5 3.9300e-17
7130.3 4.1742e-17
7133.1 4.3975e-17
7135.8 4.4056e-17
7138.6 4.2055e-17
7141.4 3.9031e-17
7144.2 3.7072e-17
7147.0 3.7427e-17
7149.8 3.8475e-17
7152.5 3.7874e-17
7155.3 3.7227e-17
7158.1 3.8379e-17
7160.9 3.9192e-17
7163.7 3.9019e-17
7166.4 3.9277e-17
7169.2 3.8891e-17
7172.0 3.7871e-17
7174.8 3.7563e-17
7177.6 3.7532e-17
7180.4 3.7970e-17
7183.1 3.9403e-17
7185.9 4.0687e-17
7188.7 4.1707e-17
7191.5 4.2482e-17
7194.3 4.2148e-17
7197.1 4.0722e-17
7199.8 3.8917e-17
7202.6 3.7458e-17
7205.4 3.6688e-17
7208.2 3.6768e-17
7211.0 3.6858e-17
7213.8 3.5474e-17
7216.5 3.3322e-17
7219.3 3.2410e-17
7222.1 3.3812e-17
7224.9 3.6408e-17
7227.7 3.9254e-17
7230.5 4.1774e-17
7233.2 4.2044e-17
7236.0 3.9040e-17
7238.8 3.5727e-17
7241.6 3.5305e-17
7244.4 3.6988e-17
7247.2 3.8804e-17
7249.9 3.8822e-17
7252.7 3.8072e-17
7255.5 3.9037e-17
7258.3 4.0592e-17
7261.1 4.0677e-17
7263.9 3.9919e-17
7266.6 3.9669e-17
7269.4 3.8952e-17
7272.2 3.7057e-17
7275.0 3.6321e-17
7277.8 3.8086e-17
7280.5 4.0225e-17
7283.3 4.1095e-17
7286.1 4.1432e-17
7288.9 4.2287e-17
7291.7 4.3067e-17
7294.5 4.2731e-17
7297.2 4.2357e-17
7300.0 4.2175e-17
7302.8 4.0883e-17
7305.6 3.8173e-17
7308.4 3.5629e-17
7311.2 3.5365e-17
7313.9 3.7604e-17
7316.7 4.0388e-17
7319.5 4.1004e-17
7322.3 3.9216e-17
7325.1 3.7014e-17
7327.9 3.5770e-17
7330.6 3.5496e-17
7333.4 3.5975e-17
7336.2 3.7018e-17
7339.0 3.7475e-17
7341.8 3.6804e-17
7344.6 3.5265e-17
7347.3 3.3226e-17
7350.1 3.1427e-17
7352.9 3.0599e-17
7355.7 3.0902e-17
7358.5 3.0519e-17
7361.3 2.8856e-17
7364.0 2.7730e-17
7366.8 2.7624e-17
7369.6 2.8245e-17
7372.4 2.8641e-17
7375.2 2.8076e-17
7377.9 2.6891e-17
7380.7 2.6646e-17
7383.5 2.7683e-17
7386.3 2.7875e-17
7389.1 2.6653e-17
7391.9 2.6174e-17
7394.6 2.6853e-17
7397.4 2.6757e-17
7400.2 2.5749e-17
7403.0 2.5083e-17
7405.8 2.4739e-17
7408.6 2.4499e-17
7411.3 2.4537e-17
7414.1 2.4500e-17
7416.9 2.4623e-17
7419.7 2.5342e-17
7422.5 2.6217e-17
7425.3 2.6217e-17
7428.0 2.5591e-17
7430.8 2.5281e-17
7433.6 2.5075e-17
7436.4 2.4856e-17
7439.2 2.4973e-17
7442.0 2.3919e-17
7444.7 2.1014e-17
7447.5 1.9408e-17
7450.3 2.1315e-17
7453.1 2.3742e-17
7455.9 2.4512e-17
7458.7 2.4774e-17
7461.4 2.4624e-17
7464.2 2.3678e-17
7467.0 2.3198e-17
7469.8 2.3721e-17
7472.6 2.4532e-17
7475.3 2.5289e-17
7478.1 2.5673e-17
7480.9 2.5723e-17
7483.7 2.5937e-17
7486.5 2.6559e-17
7489.3 2.6690e-17
7492.0 2.5628e-17
7494.8 2.4868e-17
7497.6 2.4958e-17
7500.4 2.4541e-17
7503.2 2.4453e-17
7506.0 2.5008e-17
7508.7 2.5118e-17
7511.5 2.5191e-17
7514.3 2.5386e-17
7517.1 2.5170e-17
7519.9 2.4614e-17
7522.7 2.4211e-17
7525.4 2.4468e-17
7528.2 2.4862e-17
7531.0 2.4358e-17
7533.8 2.3220e-17
7536.6 2.2922e-17
7539.4 2.3578e-17
7542.1 2.3951e-17
7544.9 2.4009e-17
7547.7 2.3953e-17
7550.5 2.3167e-17
7553.3 2.2224e-17
7556.1 2.1813e-17
7558.8 2.1470e-17
7561.6 2.1282e-17
7564.4 2.1478e-17
7567.2 2.0996e-17
7570.0 1.9528e-17
7572.8 1.8438e-17
7575.5 1.8027e-17
7578.3 1.7289e-17
7581.1 1.6494e-17
7583.9 1.6297e-17
7586.7 1.6389e-17
7589.4 1.6365e-17
7592.2 1.6317e-17
7595.0 1.6776e-17
7597.8 1.7153e-17
7600.6 1.6383e-17
7603.4 1.5730e-17
7606.1 1.6601e-17
7608.9 1.7479e-17
7611.7 1.6623e-17
7614.5 1.5254e-17
7617.3 1.4494e-17
7620.1 1.4149e-17
7622.8 1.4103e-17
7625.6 1.3962e-17
7628.4 1.3168e-17
7631.2 1.2253e-17
7634.0 1.1745e-17
7636.8 1.1579e-17
7639.5 1.1905e-17
7642.3 1.2346e-17
7645.1 1.2302e-17
7647.9 1.2402e-17
7650.7 1.2839e-17
7653.5 1.2525e-17
7656.2 1.1965e-17
7659.0 1.2046e-17
7661.8 1.2003e-17
7664.6 1.1070e-17
7667.4 1.0106e-17
7670.2 1.0352e-17
7672.9 1.1328e-17
7675.7 1.1769e-17
7678.5 1.1615e-17
7681.3 1.1662e-17
7684.1 1.2229e-17
7686.8 1.2757e-17
7689.6 1.2674e-17
7692.4 1.2006e-17
7695.2 1.1451e-17
7698.0 1.1565e-17
7700.8 1.2089e-17
7703.5 1.2684e-17
7706.3 1.3211e-17
7709.1 1.3553e-17
7711.9 1.3677e-17
7714.7 1.3342e-17
7717.5 1.2433e-17
7720.2 1.1570e-17
7723.0 1.1425e-17
7725.8 1.2035e-17
7728.6 1.2603e-17
7731.4 1.2798e-17
7734.2 1.2898e-17
7736.9 1.2985e-17
7739.7 1.3040e-17
7742.5 1.2756e-17
7745.3 1.2284e-17
7748.1 1.2213e-17
7750.9 1.2261e-17
7753.6 1.2067e-17
7756.4 1.1961e-17
7759.2 1.1990e-17
7762.0 1.1925e-17
7764.8 1.1791e-17
7767.6 1.1475e-17
7770.3 1.1237e-17
7773.1 1.1510e-17
7775.9 1.1830e-17
7778.7 1.1755e-17
7781.5 1.1365e-17
7784.2 1.0994e-17
7787.0 1.0926e-17
7789.8 1.0872e-17
7792.6 1.0618e-17
7795.4 1.0494e-17
7798.2 1.0534e-17
7800.9 1.0419e-17
7803.7 9.9975e-18
7806.5 9.5580e-18
7809.3 9.4667e-18
7812.1 9.4479e-18
7814.9 9.1389e-18
7817.6 8.9420e-18
7820.4 9.1439e-18
7823.2 9.2822e-18
7826.0 9.0111e-18
7828.8 8.8784e-18
7831.6 9.2635e-18
7834.3 9.6169e-18
7837.1 9.5601e-18
7839.9 9.2936e-18
7842.7 8.9755e-18
7845.5 8.6589e-18
7848.3 8.5101e-18
7851.0 8.5021e-18
7853.8 8.6010e-18
7856.6 8.7185e-18
7859.4 8.3571e-18
7862.2 7.7127e-18
7865.0 7.4374e-18
7867.7 7.3990e-18
7870.5 7.2876e-18
7873.3 7.1399e-18
7876.1 6.9530e-18
7878.9 6.8037e-18
7881.7 6.7102e-18
7884.4 6.6062e-18
7887.2 6.4977e-18
7890.0 6.3050e-18
7892.8 6.0836e-18
7895.6 5.9845e-18
7898.3 5.8459e-18
7901.1 5.6803e-18
7903.9 5.7008e-18
7906.7 5.7436e-18
7909.5 5.6431e-18
7912.3 5.5070e-18
7915.0 5.3349e-18
7917.8 5.1310e-18
7920.6 4.9523e-18
7923.4 4.8179e-18
7926.2 4.7605e-18
7929.0 4.7897e-18
7931.7 4.8114e-18
7934.5 4.6428e-18
7937.3 4.3008e-18
7940.1 3.9881e-18
7942.9 3.8987e-18
7945.7 3.9172e-18
7948.4 3.9654e-18
7951.2 3.9172e-18
7954.0 3.6970e-18
7956.8 3.4368e-18
7959.6 3.2968e-18
7962.4 3.2542e-18
7965.1 3.1479e-18
7967.9 2.9935e-18
7970.7 2.9841e-18
7973.5 3.1290e-18
7976.3 3.2133e-18
7979.1 3.2285e-18
7981.8 3.2495e-18
7984.6 3.2423e-18
7987.4 3.2865e-18
7990.2 3.2750e-18
7993.0 3.0828e-18
7995.7 2.9044e-18
7998.5 2.8177e-18
8001.3 2.7818e-18
8004.1 2.8740e-18
8006.9 3.0713e-18
8009.7 3.2006e-18
8012.4 3.1747e-18
8015.2 3.0583e-18
8018.0 2.9868e-18
8020.8 2.9336e-18
8023.6 2.7633e-18
8026.4 2.5986e-18
8029.1 2.5499e-18
8031.9 2.4857e-18
8034.7 2.3977e-18
8037.5 2.3989e-18
8040.3 2.4327e-18
8043.1 2.3785e-18
8045.8 2.2875e-18
8048.6 2.2974e-18
8051.4 2.4205e-18
8054.2 2.5461e-18
8057.0 2.6560e-18
8059.8 2.7086e-18
8062.5 2.6274e-18
8065.3 2.4670e-18
8068.1 2.3525e-18
8070.9 2.3009e-18
8073.7 2.2750e-18
8076.5 2.2314e-18
8079.2 2.1642e-18
8082.0 2.1421e-18
8084.8 2.1479e-18
8087.6 2.0872e-18
8090.4 2.0072e-18
8093.1 1.9409e-18
8095.9 1.8539e-18
8098.7 1.8674e-18
8101.5 2.0476e-18
8104.3 2.2416e-18
8107.1 2.2784e-18
8109.8 2.1228e-18
8112.6 1.9334e-18
8115.4 1.8257e-18
8118.2 1.7741e-18
8121.0 1.7789e-18
8123.8 1.7907e-18
8126.5 1.7937e-18
8129.3 1.7738e-18
8132.1 1.7478e-18
8134.9 1.7086e-18
8137.7 1.6264e-18
8140.5 1.5798e-18
8143.2 1.5902e-18
8146.0 1.5759e-18
8148.8 1.5618e-18
8151.6 1.6095e-18
8154.4 1.6672e-18
8157.2 1.6392e-18
8159.9 1.5380e-18
8162.7 1.4894e-18
8165.5 1.5164e-18
8168.3 1.4975e-18
8171.1 1.4303e-18
8173.9 1.3888e-18
8176.6 1.3855e-18
8179.4 1.4172e-18
8182.2 1.4210e-18
8185.0 1.3834e-18
8187.8 1.3598e-18
8190.6 1.3561e-18
8193.3 1.3782e-18
8196.1 1.4275e-18
8198.9 1.4490e-18
8201.7 1.4155e-18
8204.5 1.3664e-18
8207.2 1.3293e-18
8210.0 1.2866e-18
8212.8 1.2309e-18
8215.6 1.1989e-18
8218.4 1.1923e-18
8221.2 1.1648e-18
8223.9 1.1120e-18
8226.7 1.0806e-18
8229.5 1.0815e-18
8232.3 1.0946e-18
8235.1 1.1215e-18
8237.9 1.1189e-18
8240.6 1.0696e-18
8243.4 9.7997e-19
8246.2 8.6318e-19
8249.0 7.7434e-19
8251.8 7.3924e-19
8254.6 7.3169e-19
8257.3 7.2156e-19
8260.1 6.6478e-19
8262.9 5.7003e-19
8265.7 5.1366e-19
8268.5 4.9525e-19
8271.3 4.9784e-19
8274.0 5.5512e-19
8276.8 6.2085e-19
8279.6 6.4997e-19
8282.4 6.5143e-19
8285.2 6.4169e-19
8288.0 6.2880e-19
8290.7 5.8217e-19
8293.5 5.1758e-19
8296.3 5.0296e-19
8299.1 5.3174e-19
8301.9 5.3658e-19
8304.6 4.7879e-19
8307.4 3.8443e-19
8310.2 3.4999e-19
8313.0 3.6757e-19
8315.8 3.2321e-19
8318.6 2.6054e-19
8321.3 2.7167e-19
8324.1 3.2212e-19
8326.9 3.4470e-19
8329.7 3.1203e-19
8332.5 2.4606e-19
8335.3 1.9870e-19
8338.0 1.8931e-19
8340.8 2.0135e-19
8343.6 2.4108e-19
8346.4 2.7435e-19
8349.2 2.6244e-19
8352.0 2.4725e-19
8354.7 2.6256e-19
8357.5 2.6941e-19
8360.3 2.7274e-19
8363.1 3.0614e-19
8365.9 3.4319e-19
8368.7 3.6439e-19
8371.4 3.7552e-19
8374.2 3.7850e-19
8377.0 3.8033e-19
8379.8 3.7345e-19
8382.6 3.4785e-19
8385.4 3.0586e-19
8388.1 2.4463e-19
8390.9 1.9705e-19
8393.7 1.9640e-19
8396.5 2.3219e-19
8399.3 2.8175e-19
8402.0 3.2558e-19
8404.8 3.5500e-19
8407.6 3.6003e-19
8410.4 3.4701e-19
8413.2 3.4988e-19
8416.0 3.5822e-19
8418.7 3.3904e-19
8421.5 3.0010e-19
8424.3 2.9274e-19
8427.1 3.4367e-19
8429.9 3.7812e-19
8432.7 3.4111e-19
8435.4 2.9041e-19
8438.2 2.9466e-19
8441.0 3.1488e-19
8443.8 3.0219e-19
8446.6 2.8246e-19
8449.4 2.7229e-19
8452.1 2.6745e-19
8454.9 2.6652e-19
8457.7 2.7322e-19
8460.5 2.9489e-19
8463.3 3.2037e-19
8466.1 3.2872e-19
8468.8 3.2218e-19
8471.6 3.0692e-19
8474.4 2.8734e-19
8477.2 2.7783e-19
8480.0 2.6617e-19
8482.8 2.4047e-19
8485.5 2.2054e-19
8488.3 2.0050e-19
8491.1 2.0064e-19
8493.9 2.4836e-19
8496.7 2.9816e-19
8499.5 3.1917e-19
8502.2 3.4215e-19
8505.0 3.6739e-19
8507.8 3.5270e-19
8510.6 3.0586e-19
8513.4 2.8136e-19
8516.1 3.0241e-19
8518.9 3.4539e-19
8521.7 3.7394e-19
8524.5 3.7794e-19
8527.3 3.7959e-19
8530.1 3.7819e-19
8532.8 3.4859e-19
8535.6 3.1521e-19
8538.4 3.1210e-19
8541.2 3.2546e-19
8544.0 3.4997e-19
8546.8 3.8415e-19
8549.5 4.1780e-19
8552.3 4.2705e-19
8555.1 4.2242e-19
8557.9 4.3285e-19
8560.7 4.4822e-19
8563.5 4.5561e-19
8566.2 4.5778e-19
8569.0 4.5157e-19
8571.8 4.4967e-19
8574.6 4.6654e-19
8577.4 4.8016e-19
8580.2 4.7317e-19
8582.9 4.7173e-19
8585.7 4.9155e-19
8588.5 5.1018e-19
8591.3 5.0298e-19
8594.1 4.7035e-19
8596.9 4.3545e-19
8599.6 4.3362e-19
8602.4 4.6144e-19
8605.2 4.7613e-19
8608.0 4.7103e-19
8610.8 4.6200e-19
8613.5 4.4989e-19
8616.3 4.3514e-19
8619.1 4.2806e-19
8621.9 4.2977e-19
8624.7 4.3694e-19
8627.5 4.4828e-19
8630.2 4.5730e-19
8633.0 4.5793e-19
8635.8 4.4609e-19
8638.6 4.2043e-19
8641.4 3.8808e-19
8644.2 3.6375e-19
8646.9 3.6309e-19
8649.7 3.7115e-19
8652.5 3.7598e-19
8655.3 3.8180e-19
8658.1 3.8301e-19
8660.9 3.7319e-19
8663.6 3.5727e-19
8666.4 3.4818e-19
8669.2 3.4758e-19
8672.0 3.4424e-19
8674.8 3.3263e-19
8677.6 3.2966e-19
8680.3 3.3932e-19
8683.1 3.3362e-19
8685.9 3.0938e-19
8688.7 2.8445e-19
8691.5 2.6915e-19
8694.3 2.7355e-19
8697.0 2.9721e-19
8699.8 3.1892e-19
8702.6 3.1813e-19
8705.4 2.9818e-19
8708.2 2.7548e-19
8711.0 2.6485e-19
8713.7 2.6678e-19
8716.5 2.6886e-19
8719.3 2.6976e-19
8722.1 2.7436e-19
8724.9 2.7809e-19
8727.6 2.7358e-19
8730.4 2.6377e-19
8733.2 2.5870e-19
8736.0 2.6135e-19
8738.8 2.6251e-19
8741.6 2.5401e-19
8744.3 2.4626e-19
8747.1 2.4754e-19
8749.9 2.4442e-19
8752.7 2.2825e-19
8755.5 2.1964e-19
8758.3 2.3248e-19
8761.0 2.4061e-19
8763.8 2.3046e-19
8766.6 2.2676e-19
8769.4 2.3957e-19
8772.2 2.5343e-19
8775.0 2.5369e-19
8777.7 2.4334e-19
8780.5 2.4141e-19
8783.3 2.5060e-19
8786.1 2.5490e-19
8788.9 2.4959e-19
8791.7 2.4370e-19
8794.4 2.4160e-19
8797.2 2.3406e-19
8800.0 2.1939e-19
8802.8 2.1046e-19
8805.6 2.0820e-19
8808.4 2.0577e-19
8811.1 2.0676e-19
8813.9 2.0909e-19
8816.7 2.0677e-19
8819.5 2.0466e-19
8822.3 2.0918e-19
