3400.4 9.8397e-15
3410.9 9.0793e-15
3421.3 1.7514e-14
3431.7 1.0505e-15
3442.2 4.2382e-15
3452.6 1.4699e-14
3463.1 1.1018e-14
3473.5 2.0420e-14
3484.0 -2.6801e-15
3494.4 1.8935e-14
3504.8 1.2545e-14
3515.3 9.5968e-15
3525.7 1.5983e-14
3536.2 1.1833e-14
3546.6 8.7143e-15
3557.1 1.2207e-14
3567.5 1.1214e-14
3577.9 1.4102e-14
3588.4 2.3528e-14
3598.8 1.7801e-14
3609.3 8.4968e-15
3619.7 1.4903e-14
3630.1 1.5534e-14
3640.6 2.6977e-14
3651.0 1.6731e-14
3661.5 1.8675e-14
3671.9 2.0179e-14
3682.4 1.9350e-14
3692.8 1.8514e-14
3703.2 2.1272e-14
3713.7 1.6977e-14
3724.1 1.8356e-14
3734.6 1.1278e-14
3745.0 1.0149e-14
3755.5 1.2063e-14
3765.9 2.1452e-15
3776.3 1.0766e-14
3786.8 1.3831e-14
3797.2 1.1205e-14
3807.7 1.4804e-14
3818.1 6.6974e-15
3828.6 8.8691e-15
3839.0 8.9896e-15
3849.4 1.0748e-14
3859.9 7.0872e-15
3870.3 7.8874e-15
3880.8 7.7774e-15
3891.2 1.1664e-14
3901.7 9.8264e-15
3912.1 1.4951e-14
3922.5 1.7148e-14
3933.0 1.7529e-14
3943.4 1.9962e-14
3953.9 2.4485e-14
3964.3 2.0091e-14
3974.8 2.2185e-14
3985.2 2.1088e-14
3995.6 1.8539e-14
4006.1 1.9367e-14
4016.5 1.9189e-14
4027.0 1.8745e-14
4037.4 1.3129e-14
4047.9 1.6283e-14
4058.3 1.2954e-14
4068.7 1.3846e-14
4079.2 1.3667e-14
4089.6 1.3840e-14
4100.1 1.5850e-14
4110.5 1.9983e-14
4121.0 1.6210e-14
4131.4 1.9035e-14
4141.8 1.3947e-14
4152.3 1.5381e-14
4162.7 1.8857e-14
4173.2 1.5894e-14
4183.6 1.4811e-14
4194.1 1.5800e-14
4204.5 1.2774e-14
4214.9 1.3061e-14
4225.4 1.7870e-14
4235.8 1.5580e-14
4246.3 1.8162e-14
4256.7 1.6898e-14
4267.1 1.5900e-14
4277.6 1.2765e-14
4288.0 1.2695e-14
4298.5 1.2765e-14
4308.9 1.3491e-14
4319.4 1.1925e-14
4329.8 1.4000e-14
4340.2 9.8184e-15
4350.7 1.1034e-14
4361.1 8.4348e-15
4371.6 7.9555e-15
4382.0 1.0742e-14
4392.5 8.9915e-15
4402.9 1.3555e-14
4413.3 1.8602e-14
4423.8 1.3271e-14
4434.2 1.5997e-14
4444.7 1.1626e-14
4455.1 1.3559e-14
4465.6 9.6487e-15
4476.0 1.0695e-14
4486.4 7.1177e-15
4496.9 1.1219e-14
4507.3 1.2076e-14
4517.8 1.1389e-14
4528.2 1.2155e-14
4538.7 1.2199e-14
4549.1 1.5263e-14
4559.5 1.6599e-14
4570.0 1.0068e-14
4580.4 8.4730e-15
4590.9 1.3819e-14
4601.3 1.1890e-14
4611.8 1.2309e-14
4622.2 1.3983e-14
4632.6 1.1110e-14
4643.1 1.0938e-14
4653.5 1.4307e-14
4664.0 1.0245e-14
4674.4 1.1618e-14
4684.9 1.2515e-14
4695.3 1.1694e-14
4705.7 9.1020e-15
4716.2 8.4955e-15
4726.6 7.8359e-15
4737.1 9.5989e-15
4747.5 1.0547e-14
4758.0 6.9597e-15
4768.4 6.5168e-15
4778.8 8.3756e-15
4789.3 8.1005e-15
4799.7 8.3512e-15
4810.2 9.0760e-15
4820.6 6.3010e-15
4831.0 3.9151e-15
4841.5 7.5961e-15
4851.9 6.8786e-15
4862.4 6.2196e-15
4872.8 5.2214e-15
4883.3 3.4672e-15
4893.7 5.6460e-15
4904.1 5.0504e-15
4914.6 5.7349e-15
4925.0 5.4428e-15
4935.5 5.4535e-15
4945.9 5.5491e-15
4956.4 5.9132e-15
4966.8 5.2424e-15
4977.2 5.6847e-15
4987.7 6.2506e-15
4998.1 5.5830e-15
5008.6 6.2143e-15
5019.0 5.0753e-15
5029.5 5.3772e-15
5039.9 4.9757e-15
5050.3 4.6716e-15
5060.8 4.5238e-15
5071.2 4.9984e-15
5081.7 5.1414e-15
5092.1 5.2467e-15
5102.6 5.0757e-15
5113.0 5.7676e-15
5123.4 6.2326e-15
5133.9 6.2763e-15
5144.3 6.1231e-15
5154.8 6.5628e-15
5165.2 7.1355e-15
5175.7 7.9155e-15
5186.1 7.2958e-15
5196.5 7.6072e-15
5207.0 7.5045e-15
5217.4 7.9427e-15
5227.9 6.9198e-15
5238.3 7.2531e-15
5248.8 6.7605e-15
5259.2 7.2330e-15
5269.6 7.3416e-15
5280.1 7.6648e-15
5290.5 7.0911e-15
5301.0 6.8481e-15
5311.4 6.9770e-15
5321.9 6.1150e-15
5332.3 5.5591e-15
5342.7 4.9971e-15
5353.2 4.6444e-15
5363.6 4.6363e-15
5374.1 4.1280e-15
5384.5 4.8543e-15
5394.9 5.1258e-15
5405.4 4.8430e-15
5415.8 5.0726e-15
5426.3 4.7716e-15
5436.7 5.0093e-15
5447.2 5.2143e-15
5457.6 5.3094e-15
5468.0 5.2941e-15
5478.5 4.7802e-15
5488.9 5.1598e-15
5499.4 5.2133e-15
5509.8 4.8526e-15
5520.3 4.0831e-15
5530.7 3.8222e-15
5541.1 3.8618e-15
5551.6 3.4761e-15
5562.0 3.7556e-15
5572.5 4.0688e-15
5582.9 4.4874e-15
5593.4 4.2738e-15
5603.8 5.3300e-15
5614.2 4.9536e-15
5624.7 5.5567e-15
5635.1 5.4136e-15
5645.6 5.0160e-15
5656.0 5.1584e-15
5666.5 5.5812e-15
5676.9 5.0436e-15
5687.3 5.8770e-15
5697.8 5.3566e-15
5708.2 4.9867e-15
5718.7 5.0159e-15
5729.1 5.1206e-15
5739.6 5.1004e-15
5750.0 4.3249e-15
5760.4 4.7918e-15
5770.9 4.4130e-15
5781.3 4.9627e-15
5791.8 4.7387e-15
5802.2 4.3386e-15
5812.7 4.7493e-15
5823.1 4.5523e-15
5833.5 4.5243e-15
5844.0 4.5120e-15
5854.4 4.4961e-15
5864.9 4.7113e-15
5875.3 5.1930e-15
5885.8 4.7699e-15
5896.2 4.5063e-15
5906.6 4.8852e-15
5917.1 5.2476e-15
5927.5 5.2520e-15
5938.0 5.3764e-15
5948.4 4.9173e-15
5958.8 4.8396e-15
5969.3 4.8960e-15
5979.7 4.8639e-15
5990.2 4.9632e-15
6000.6 4.6299e-15
6011.1 5.2767e-15
6021.5 4.8625e-15
6031.9 4.8612e-15
6042.4 4.4775e-15
6052.8 4.5895e-15
6063.3 4.3193e-15
6073.7 4.4679e-15
6084.2 4.4074e-15
6094.6 4.3944e-15
6105.0 4.0741e-15
6115.5 3.5828e-15
6125.9 3.8956e-15
6136.4 3.6044e-15
6146.8 3.0312e-15
6157.3 2.8021e-15
6167.7 2.4014e-15
6178.1 1.8754e-15
6188.6 1.7440e-15
6199.0 1.6685e-15
6209.5 1.2574e-15
6219.9 1.6225e-15
6230.4 1.4082e-15
6240.8 1.4369e-15
6251.2 1.7184e-15
6261.7 1.8270e-15
6272.1 2.2084e-15
6282.6 2.2817e-15
6293.0 2.4542e-15
6303.5 2.9627e-15
6313.9 3.2124e-15
6324.3 3.0832e-15
6334.8 3.2490e-15
6345.2 3.4511e-15
6355.7 3.6157e-15
6366.1 3.5728e-15
6376.6 3.4992e-15
6387.0 3.5306e-15
6397.4 3.4461e-15
6407.9 3.6195e-15
6418.3 3.1966e-15
6428.8 3.3957e-15
6439.2 3.2857e-15
6449.7 3.2366e-15
6460.1 3.1354e-15
6470.5 3.2375e-15
6481.0 3.0844e-15
6491.4 2.9773e-15
6501.9 3.0879e-15
6512.3 2.9585e-15
6522.7 2.7778e-15
6533.2 2.8065e-15
6543.6 2.9565e-15
6554.1 2.9406e-15
6564.5 2.7420e-15
6575.0 3.1736e-15
6585.4 3.0444e-15
6595.8 2.9938e-15
6606.3 2.8173e-15
6616.7 3.0871e-15
6627.2 2.8586e-15
6637.6 3.1086e-15
6648.1 3.0688e-15
6658.5 2.6108e-15
6668.9 2.4445e-15
6679.4 2.6469e-15
6689.8 2.7307e-15
6700.3 2.6310e-15
6710.7 2.6169e-15
6721.2 2.2915e-15
6731.6 2.4980e-15
6742.0 2.3974e-15
6752.5 2.3381e-15
6762.9 2.4024e-15
6773.4 2.2264e-15
6783.8 2.0872e-15
6794.3 2.1778e-15
6804.7 1.9934e-15
6815.1 2.0138e-15
6825.6 2.1080e-15
6836.0 2.0232e-15
6846.5 2.0059e-15
6856.9 2.0162e-15
6867.4 1.9438e-15
6877.8 1.8750e-15
6888.2 1.5664e-15
6898.7 1.8455e-15
6909.1 1.7506e-15
6919.6 2.0416e-15
6930.0 1.8194e-15
6940.5 1.8122e-15
6950.9 1.5878e-15
6961.3 1.7063e-15
6971.8 1.7325e-15
6982.2 1.6937e-15
6992.7 1.5760e-15
7003.1 1.6604e-15
7013.6 1.6473e-15
7024.0 1.5420e-15
7034.4 1.5826e-15
7044.9 1.5896e-15
7055.3 1.4575e-15
7065.8 1.4063e-15
7076.2 1.4928e-15
7086.7 1.5840e-15
7097.1 1.5057e-15
7107.5 1.4054e-15
7118.0 1.6198e-15
7128.4 1.3629e-15
7138.9 1.6689e-15
7149.3 1.1498e-15
7159.7 1.4751e-15
7170.2 1.1334e-15
7180.6 1.3237e-15
7191.1 1.3010e-15
7201.5 9.9724e-16
7212.0 1.2318e-15
7222.4 1.3352e-15
7232.8 1.1185e-15
7243.3 1.3669e-15
7253.7 8.6837e-16
7264.2 1.1173e-15
7274.6 1.2209e-15
7285.1 1.1463e-15
7295.5 8.4649e-16
7305.9 9.4952e-16
7316.4 1.1318e-15
7326.8 1.1576e-15
7337.3 1.1469e-15
7347.7 8.2724e-16
7358.2 1.1559e-15
7368.6 1.1671e-15
7379.0 1.0449e-15
7389.5 1.0832e-15
7399.9 1.1119e-15
7410.4 1.1635e-15
7420.8 1.0146e-15
7431.3 1.1274e-15
7441.7 7.9268e-16
7452.1 8.6714e-16
7462.6 8.6950e-16
7473.0 8.2456e-16
7483.5 8.5034e-16
7493.9 1.1131e-15
7504.4 7.8818e-16
7514.8 9.2811e-16
7525.2 9.7527e-16
7535.7 7.9321e-16
7546.1 5.5633e-16
7556.6 8.2201e-16
7567.0 4.9272e-16
7577.5 8.3351e-16
7587.9 6.5689e-16
7598.3 7.0885e-16
7608.8 2.3899e-16
7619.2 4.2921e-16
7629.7 5.7655e-16
7640.1 6.4911e-16
7650.6 5.1794e-16
7661.0 5.0036e-16
7671.4 6.7651e-16
7681.9 7.3359e-16
7692.3 6.9535e-16
7702.8 6.5894e-16
7713.2 9.8261e-16
7723.6 6.8313e-16
7734.1 8.7655e-16
7744.5 7.8878e-16
7755.0 5.8850e-16
7765.4 6.3531e-16
7775.9 7.3468e-16
7786.3 5.8540e-16
7796.7 8.9081e-16
7807.2 8.8104e-16
7817.6 7.3176e-16
7828.1 6.4967e-16
7838.5 7.7711e-16
7849.0 4.7739e-16
7859.4 6.5017e-16
7869.8 8.9854e-16
7880.3 8.3773e-16
7890.7 8.0575e-16
7901.2 7.2038e-16
7911.6 1.0654e-15
7922.1 8.4025e-16
7932.5 7.9132e-16
7942.9 8.3510e-16
7953.4 8.0381e-16
7963.8 1.0230e-15
7974.3 8.8782e-16
7984.7 7.8274e-16
7995.2 8.5052e-16
8005.6 8.6498e-16
8016.0 1.0053e-15
8026.5 7.1593e-16
8036.9 1.0477e-15
8047.4 4.7068e-16
8057.8 7.6121e-16
8068.3 6.1484e-16
8078.7 8.0545e-16
8089.1 8.1704e-16
8099.6 8.3505e-16
8110.0 8.2678e-16
8120.5 7.2321e-16
8130.9 4.6528e-16
8141.4 6.3481e-16
8151.8 4.9928e-16
8162.2 7.5105e-16
8172.7 5.7404e-16
8183.1 3.9056e-16
8193.6 5.7785e-16
8204.0 4.3787e-16
8214.5 6.6793e-16
8224.9 5.5906e-16
8235.3 2.8983e-16
8245.8 7.1878e-16
8256.2 5.9957e-16
8266.7 6.8259e-16
8277.1 4.7601e-16
8287.5 6.4349e-16
8298.0 2.7372e-16
8308.4 3.5236e-16
8318.9 4.5854e-16
8329.3 4.6542e-16
8339.8 1.5167e-16
8350.2 3.1810e-16
8360.6 7.5266e-16
8371.1 2.1560e-16
8381.5 4.1890e-16
8392.0 6.0731e-16
8402.4 8.7013e-16
8412.9 3.9287e-16
8423.3 3.3372e-16
8433.7 8.3371e-16
8444.2 5.4061e-16
8454.6 4.8431e-16
8465.1 1.2308e-15
8475.5 6.2522e-16
8486.0 8.5688e-16
8496.4 4.8893e-16
8506.8 5.1232e-16
8517.3 4.9510e-16
8527.7 6.3364e-16
8538.2 9.5074e-16
8548.6 9.6452e-16
8559.1 1.1040e-15
8569.5 1.0750e-15
8579.9 8.7669e-16
8590.4 8.0292e-16
8600.8 7.7437e-16
8611.3 8.0347e-16
8621.7 1.2109e-15
8632.2 1.2566e-15
8642.6 1.2871e-15
8653.0 9.1188e-16
8663.5 1.2830e-15
8673.9 9.7863e-16
8684.4 7.1780e-16
8694.8 5.8910e-16
8705.3 1.1776e-15
8715.7 1.0665e-15
8726.1 1.3082e-15
8736.6 1.2159e-15
8747.0 1.0384e-15
8757.5 1.3456e-15
8767.9 9.6196e-16
8778.4 7.3206e-16
8788.8 1.0928e-15
8799.2 1.1028e-15
8809.7 1.0773e-15
8820.1 1.1497e-15
8830.6 1.8243e-15
8841.0 8.7109e-16
8851.4 8.5316e-16
8861.9 7.1743e-16
8872.3 1.1018e-15
8882.8 1.3521e-15
8893.2 1.1860e-15
8903.7 1.4754e-15
8914.1 6.9935e-16
8924.5 1.2175e-15
8935.0 3.7366e-16
8945.4 4.5049e-16
8955.9 1.0326e-15
8966.3 5.9659e-16
8976.8 9.2620e-16
8987.2 9.2085e-16
8997.6 6.4912e-16
9008.1 7.8887e-16
9018.5 4.7259e-16
9029.0 5.7636e-16
9039.4 6.2696e-16
9049.9 5.8168e-16
9060.3 7.0205e-16
9070.7 1.0766e-15
9081.2 7.8582e-16
9091.6 6.8074e-16
9102.1 5.2352e-16
9112.5 4.6755e-16
9123.0 6.1157e-16
9133.4 4.3106e-16
9143.8 7.4299e-16
9154.3 6.5622e-16
9164.7 5.7616e-16
9175.2 8.3979e-16
9185.6 2.8382e-16
9196.1 5.8134e-16
9206.5 5.3234e-16
9216.9 6.9998e-16
9227.4 5.0879e-16
9237.8 6.0571e-16
9248.3 5.3670e-16
9258.7 6.9771e-16
9269.2 6.2296e-16
9279.6 6.1988e-16
9290.0 4.4528e-16
9300.5 1.0227e-15
9310.9 1.1328e-15
9321.4 -5.1384e-16
9331.8 6.9331e-16
9342.3 -5.9986e-16
9352.7 1.4710e-15
9363.1 -5.4655e-16
9373.6 -1.0128e-15
9384.0 -8.0731e-16
9394.5 4.5481e-16
9404.9 3.7059e-16
9415.3 -2.3763e-16
9425.8 -3.6886e-17
9436.2 -3.4215e-16
9446.7 5.7672e-16
9457.1 1.5310e-15
9467.6 7.6383e-16
9478.0 -4.1943e-17
9488.4 2.6103e-16
9498.9 6.0302e-16
9509.3 8.9310e-16
9519.8 2.4220e-16
9530.2 3.0468e-16
9540.7 -5.5048e-16
9551.1 4.8509e-16
9561.5 4.5742e-16
9572.0 3.0085e-16
9582.4 -1.9334e-16
9592.9 -2.5051e-17
9603.3 -7.1174e-17
9613.8 9.4237e-16
9624.2 -2.7595e-16
9634.6 1.3078e-15
9645.1 -1.4668e-16
9655.5 1.5421e-16
9666.0 2.2878e-16
9676.4 3.4023e-16
9686.9 2.0455e-16
9697.3 1.6475e-16
9707.7 5.2063e-16
9718.2 4.5777e-16
9728.6 3.4255e-17
9739.1 1.0371e-15
9749.5 -2.8335e-16
9760.0 1.5426e-16
9770.4 3.4689e-16
9780.8 2.7494e-16
9791.3 2.2787e-16
9801.7 1.4752e-16
9812.2 4.1442e-16
9822.6 5.7687e-16
9833.1 1.2768e-16
9843.5 2.1695e-16
9853.9 2.1471e-16
9864.4 6.5999e-16
9874.8 -6.4222e-16
9885.3 9.9006e-16
9895.7 1.0139e-15
9906.2 -3.2567e-16
9916.6 3.0582e-16
9927.0 2.9674e-16
9937.5 -7.7361e-16
9947.9 1.5783e-15
9958.4 5.9765e-16
9968.8 3.2651e-16
9979.3 3.5288e-17
9989.7 -7.2822e-17
10000.1 9.9000e-16
