3986.0 1.9413e-14
3988.8 2.0962e-14
3991.6 2.0703e-14
3994.4 2.1213e-14
3997.2 2.1065e-14
3999.9 2.0924e-14
4002.7 2.0498e-14
4005.5 2.0266e-14
4008.3 2.0052e-14
4011.1 1.9552e-14
4013.8 1.9342e-14
4016.6 1.9430e-14
4019.4 1.9008e-14
4022.2 1.8861e-14
4024.9 1.8675e-14
4027.7 1.8651e-14
4030.5 1.8578e-14
4033.3 1.8026e-14
4036.1 1.7924e-14
4038.8 1.7552e-14
4041.6 1.7930e-14
4044.4 1.8494e-14
4047.2 1.8654e-14
4050.0 1.7668e-14
4052.7 1.7927e-14
4055.5 1.8246e-14
4058.3 1.8601e-14
4061.1 1.8636e-14
4063.8 1.8396e-14
4066.6 1.8579e-14
4069.4 1.8490e-14
4072.2 1.8446e-14
4075.0 1.9125e-14
4077.7 1.8709e-14
4080.5 1.9205e-14
4083.3 1.9069e-14
4086.1 1.9667e-14
4088.8 1.9612e-14
4091.6 1.9670e-14
4094.4 2.0074e-14
4097.2 1.9629e-14
4100.0 1.9977e-14
4102.7 2.0485e-14
4105.5 2.0715e-14
4108.3 1.9815e-14
4111.1 2.0402e-14
4113.9 2.0542e-14
4116.6 2.0269e-14
4119.4 1.9908e-14
4122.2 2.0262e-14
4125.0 2.0358e-14
4127.7 2.0294e-14
4130.5 2.0416e-14
4133.3 2.0993e-14
4136.1 2.0370e-14
4138.9 2.0455e-14
4141.6 1.9922e-14
4144.4 1.9577e-14
4147.2 1.9556e-14
4150.0 1.9351e-14
4152.8 1.9280e-14
4155.5 1.9076e-14
4158.3 1.8575e-14
4161.1 1.8752e-14
4163.9 1.8383e-14
4166.6 1.8394e-14
4169.4 1.7955e-14
4172.2 1.7599e-14
4175.0 1.7847e-14
4177.8 1.7789e-14
4180.5 1.7197e-14
4183.3 1.7199e-14
4186.1 1.6922e-14
4188.9 1.7522e-14
4191.6 1.7124e-14
4194.4 1.7061e-14
4197.2 1.6742e-14
4200.0 1.6919e-14
4202.8 1.6576e-14
4205.5 1.6590e-14
4208.3 1.6373e-14
4211.1 1.6252e-14
4213.9 1.6535e-14
4216.7 1.6700e-14
4219.4 1.6521e-14
4222.2 1.6299e-14
4225.0 1.6269e-14
4227.8 1.6283e-14
4230.5 1.6263e-14
4233.3 1.5588e-14
4236.1 1.5599e-14
4238.9 1.5586e-14
4241.7 1.5385e-14
4244.4 1.5138e-14
4247.2 1.4659e-14
4250.0 1.4844e-14
4252.8 1.4636e-14
4255.5 1.4246e-14
4258.3 1.4062e-14
4261.1 1.3481e-14
4263.9 1.3464e-14
4266.7 1.3714e-14
4269.4 1.3353e-14
4272.2 1.3089e-14
4275.0 1.2717e-14
4277.8 1.2644e-14
4280.6 1.2446e-14
4283.3 1.2664e-14
4286.1 1.2839e-14
4288.9 1.2141e-14
4291.7 1.2217e-14
4294.4 1.2105e-14
4297.2 1.1891e-14
4300.0 1.2104e-14
4302.8 1.2166e-14
4305.6 1.2141e-14
4308.3 1.1649e-14
4311.1 1.1253e-14
4313.9 1.1056e-14
4316.7 1.1035e-14
4319.5 1.1121e-14
4322.2 1.0780e-14
4325.0 1.0773e-14
4327.8 1.1047e-14
4330.6 1.0635e-14
4333.3 1.0625e-14
4336.1 1.0485e-14
4338.9 1.0322e-14
4341.7 1.0339e-14
4344.5 1.0481e-14
4347.2 1.0561e-14
4350.0 1.0527e-14
4352.8 1.0466e-14
4355.6 1.0247e-14
4358.3 1.0098e-14
4361.1 1.0526e-14
4363.9 1.0987e-14
4366.7 1.0720e-14
4369.5 1.0296e-14
4372.2 1.0420e-14
4375.0 1.0740e-14
4377.8 1.0965e-14
4380.6 1.0916e-14
4383.4 1.1041e-14
4386.1 1.0849e-14
4388.9 1.1679e-14
4391.7 1.1065e-14
4394.5 1.1281e-14
4397.2 1.1461e-14
4400.0 1.1571e-14
4402.8 1.1837e-14
4405.6 1.2086e-14
4408.4 1.2016e-14
4411.1 1.2239e-14
4413.9 1.2116e-14
4416.7 1.2144e-14
4419.5 1.2261e-14
4422.2 1.2723e-14
4425.0 1.2345e-14
4427.8 1.2132e-14
4430.6 1.2266e-14
4433.4 1.1998e-14
4436.1 1.1870e-14
4438.9 1.1903e-14
4441.7 1.1475e-14
4444.5 1.1613e-14
4447.3 1.1437e-14
4450.0 1.1129e-14
4452.8 1.0755e-14
4455.6 1.0977e-14
4458.4 1.0735e-14
4461.1 1.0536e-14
4463.9 1.0348e-14
4466.7 1.0087e-14
4469.5 1.0033e-14
4472.3 1.0272e-14
4475.0 1.0179e-14
4477.8 9.7292e-15
4480.6 1.0114e-14
4483.4 1.0445e-14
4486.2 1.0129e-14
4488.9 1.0313e-14
4491.7 1.0358e-14
4494.5 1.0417e-14
4497.3 1.0609e-14
4500.0 1.0852e-14
4502.8 1.1313e-14
4505.6 1.1376e-14
4508.4 1.1279e-14
4511.2 1.1436e-14
4513.9 1.1934e-14
4516.7 1.1891e-14
4519.5 1.1968e-14
4522.3 1.2068e-14
4525.0 1.2059e-14
4527.8 1.2177e-14
4530.6 1.1941e-14
4533.4 1.2053e-14
4536.2 1.2396e-14
4538.9 1.2197e-14
4541.7 1.2367e-14
4544.5 1.2281e-14
4547.3 1.1973e-14
4550.1 1.2166e-14
4552.8 1.2182e-14
4555.6 1.2136e-14
4558.4 1.1989e-14
4561.2 1.1891e-14
4563.9 1.1744e-14
4566.7 1.1979e-14
4569.5 1.2114e-14
4572.3 1.2181e-14
4575.1 1.1951e-14
4577.8 1.1994e-14
4580.6 1.1836e-14
4583.4 1.1648e-14
4586.2 1.1550e-14
4588.9 1.1781e-14
4591.7 1.1679e-14
4594.5 1.1655e-14
4597.3 1.1539e-14
4600.1 1.1668e-14
4602.8 1.1811e-14
4605.6 1.1697e-14
4608.4 1.1792e-14
4611.2 1.1804e-14
4614.0 1.1858e-14
4616.7 1.1691e-14
4619.5 1.1876e-14
4622.3 1.2084e-14
4625.1 1.1899e-14
4627.8 1.1878e-14
4630.6 1.2018e-14
4633.4 1.2043e-14
4636.2 1.1958e-14
4639.0 1.1943e-14
4641.7 1.1987e-14
4644.5 1.2264e-14
4647.3 1.2552e-14
4650.1 1.2141e-14
4652.9 1.1888e-14
4655.6 1.1795e-14
4658.4 1.2277e-14
4661.2 1.1843e-14
4664.0 1.1467e-14
4666.7 1.1543e-14
4669.5 1.1365e-14
4672.3 1.1534e-14
4675.1 1.1400e-14
4677.9 1.1027e-14
4680.6 1.0817e-14
4683.4 1.0890e-14
4686.2 1.0260e-14
4689.0 1.0508e-14
4691.7 1.0511e-14
4694.5 1.0341e-14
4697.3 1.0225e-14
4700.1 1.0348e-14
4702.9 1.0088e-14
4705.6 1.0023e-14
4708.4 9.7661e-15
4711.2 9.8835e-15
4714.0 9.9059e-15
4716.8 9.7483e-15
4719.5 9.5087e-15
4722.3 9.3623e-15
4725.1 9.3803e-15
4727.9 9.7243e-15
4730.6 9.5324e-15
4733.4 9.2450e-15
4736.2 9.2182e-15
4739.0 9.3300e-15
4741.8 9.4494e-15
4744.5 9.3133e-15
4747.3 9.4557e-15
4750.1 9.4117e-15
4752.9 9.2724e-15
4755.6 9.3121e-15
4758.4 9.2904e-15
4761.2 9.2789e-15
4764.0 9.1205e-15
4766.8 9.2681e-15
4769.5 9.4228e-15
4772.3 9.0113e-15
4775.1 9.0810e-15
4777.9 9.0357e-15
4780.7 9.0047e-15
4783.4 8.8742e-15
4786.2 8.7449e-15
4789.0 8.9208e-15
4791.8 9.0160e-15
4794.5 9.1580e-15
4797.3 9.1231e-15
4800.1 8.7167e-15
4802.9 8.6588e-15
4805.7 8.9122e-15
4808.4 8.9483e-15
4811.2 8.9443e-15
4814.0 8.9397e-15
4816.8 9.0110e-15
4819.6 8.9529e-15
4822.3 9.1680e-15
4825.1 8.9731e-15
4827.9 9.1880e-15
4830.7 9.0477e-15
4833.4 8.9738e-15
4836.2 9.1770e-15
4839.0 9.1485e-15
4841.8 9.0833e-15
4844.6 9.0827e-15
4847.3 8.8273e-15
4850.1 8.8690e-15
4852.9 9.0377e-15
4855.7 8.9064e-15
4858.4 8.9505e-15
4861.2 8.5770e-15
4864.0 8.4087e-15
4866.8 8.3169e-15
4869.6 8.1804e-15
4872.3 8.0921e-15
4875.1 8.0916e-15
4877.9 7.7843e-15
4880.7 7.5671e-15
4883.5 7.5943e-15
4886.2 7.6682e-15
4889.0 7.4458e-15
4891.8 7.2785e-15
4894.6 7.1828e-15
4897.3 7.2283e-15
4900.1 7.1533e-15
4902.9 7.1189e-15
4905.7 6.9899e-15
4908.5 6.9407e-15
4911.2 6.9439e-15
4914.0 7.0406e-15
4916.8 6.8194e-15
4919.6 6.6430e-15
4922.4 6.8290e-15
4925.1 6.8335e-15
4927.9 6.9467e-15
4930.7 6.9996e-15
4933.5 6.9733e-15
4936.2 6.8675e-15
4939.0 6.8728e-15
4941.8 6.8858e-15
4944.6 6.9518e-15
4947.4 7.0389e-15
4950.1 6.8492e-15
4952.9 6.9035e-15
4955.7 7.0926e-15
4958.5 7.0748e-15
4961.2 6.9591e-15
4964.0 6.7845e-15
4966.8 7.0667e-15
4969.6 7.1503e-15
4972.4 7.1336e-15
4975.1 7.1022e-15
4977.9 7.2891e-15
4980.7 7.0783e-15
4983.5 6.9696e-15
4986.3 7.0949e-15
4989.0 6.9751e-15
4991.8 7.0151e-15
4994.6 7.1325e-15
4997.4 7.0671e-15
5000.1 7.0559e-15
5002.9 6.9542e-15
5005.7 6.9606e-15
5008.5 7.0228e-15
5011.3 6.8625e-15
5014.0 6.9685e-15
5016.8 6.9074e-15
5019.6 6.7754e-15
5022.4 6.6903e-15
5025.1 6.6631e-15
5027.9 6.8206e-15
5030.7 6.7948e-15
5033.5 6.7596e-15
5036.3 6.7312e-15
5039.0 6.6798e-15
5041.8 6.8696e-15
5044.6 6.8967e-15
5047.4 6.7469e-15
5050.2 6.7615e-15
5052.9 6.6283e-15
5055.7 6.6749e-15
5058.5 6.7445e-15
5061.3 6.7767e-15
5064.0 6.7058e-15
5066.8 6.8666e-15
5069.6 7.0375e-15
5072.4 6.9368e-15
5075.2 7.0323e-15
5077.9 7.1414e-15
5080.7 7.1967e-15
5083.5 7.1280e-15
5086.3 7.1515e-15
5089.1 7.3354e-15
5091.8 7.4795e-15
5094.6 7.4863e-15
5097.4 7.4425e-15
5100.2 7.4864e-15
5102.9 7.5720e-15
5105.7 7.3483e-15
5108.5 7.3129e-15
5111.3 7.5554e-15
5114.1 7.6648e-15
5116.8 7.6813e-15
5119.6 7.6666e-15
5122.4 7.6973e-15
5125.2 7.6815e-15
5127.9 7.7941e-15
5130.7 7.7552e-15
5133.5 7.5613e-15
5136.3 7.8937e-15
5139.1 8.0228e-15
5141.8 7.8895e-15
5144.6 7.8133e-15
5147.4 8.1382e-15
5150.2 7.9779e-15
5153.0 8.1370e-15
5155.7 8.3178e-15
5158.5 7.9701e-15
5161.3 8.1303e-15
5164.1 8.3830e-15
5166.8 7.9959e-15
5169.6 7.8305e-15
5172.4 8.1547e-15
5175.2 8.2015e-15
5178.0 8.1015e-15
5180.7 8.1301e-15
5183.5 8.1055e-15
5186.3 8.0531e-15
5189.1 7.9218e-15
5191.8 7.9541e-15
5194.6 7.9394e-15
5197.4 7.9144e-15
5200.2 7.5785e-15
5203.0 7.7955e-15
5205.7 7.7936e-15
5208.5 7.7211e-15
5211.3 7.8289e-15
5214.1 7.8613e-15
5216.9 7.8708e-15
5219.6 7.8414e-15
5222.4 7.9222e-15
5225.2 7.8454e-15
5228.0 7.7397e-15
5230.7 7.7752e-15
5233.5 7.9249e-15
5236.3 7.9523e-15
5239.1 7.7352e-15
5241.9 7.8490e-15
5244.6 7.7596e-15
5247.4 7.6292e-15
5250.2 7.6013e-15
5253.0 7.6145e-15
5255.8 7.5521e-15
5258.5 7.4988e-15
5261.3 7.4564e-15
5264.1 7.4511e-15
5266.9 7.1724e-15
5269.6 7.0605e-15
5272.4 7.1162e-15
5275.2 6.9407e-15
5278.0 6.7376e-15
5280.8 6.5675e-15
5283.5 6.5797e-15
5286.3 6.4651e-15
5289.1 6.2655e-15
5291.9 6.1156e-15
5294.6 6.0800e-15
5297.4 6.0060e-15
5300.2 5.8837e-15
5303.0 5.8019e-15
5305.8 5.7838e-15
5308.5 5.6949e-15
5311.3 5.6170e-15
5314.1 5.5124e-15
5316.9 5.5397e-15
5319.7 5.4885e-15
5322.4 5.2672e-15
5325.2 5.4031e-15
5328.0 5.3015e-15
5330.8 5.3525e-15
5333.5 5.4637e-15
5336.3 5.4176e-15
5339.1 5.3009e-15
5341.9 5.3198e-15
5344.7 5.4334e-15
5347.4 5.5510e-15
5350.2 5.4961e-15
5353.0 5.4322e-15
5355.8 5.4724e-15
5358.6 5.4027e-15
5361.3 5.6021e-15
5364.1 5.4036e-15
5366.9 5.3702e-15
5369.7 5.4420e-15
5372.4 5.5278e-15
5375.2 5.6724e-15
5378.0 5.5446e-15
5380.8 5.7983e-15
5383.6 5.8086e-15
5386.3 5.6781e-15
5389.1 5.7895e-15
5391.9 5.7863e-15
5394.7 5.7124e-15
5397.4 5.8299e-15
5400.2 5.8490e-15
5403.0 5.9144e-15
5405.8 5.9269e-15
5408.6 5.8815e-15
5411.3 5.9464e-15
5414.1 5.8869e-15
5416.9 6.0564e-15
5419.7 5.9883e-15
5422.5 5.9011e-15
5425.2 5.9808e-15
5428.0 5.9330e-15
5430.8 5.9238e-15
5433.6 5.8813e-15
5436.3 5.7808e-15
5439.1 5.7450e-15
5441.9 5.7089e-15
5444.7 5.7631e-15
5447.5 5.8722e-15
5450.2 5.6988e-15
5453.0 5.6661e-15
5455.8 5.6815e-15
5458.6 5.6447e-15
5461.3 5.6081e-15
5464.1 5.5036e-15
5466.9 5.4400e-15
5469.7 5.3859e-15
5472.5 5.3800e-15
5475.2 5.3682e-15
5478.0 5.2817e-15
5480.8 5.0660e-15
5483.6 4.7239e-15
5486.4 4.8422e-15
5489.1 5.0195e-15
5491.9 5.0557e-15
5494.7 4.9442e-15
5497.5 4.8590e-15
5500.2 4.9210e-15
5503.0 4.8086e-15
5505.8 4.9905e-15
5508.6 5.0469e-15
5511.4 4.9494e-15
5514.1 4.8438e-15
5516.9 4.7746e-15
5519.7 4.7999e-15
5522.5 4.9683e-15
5525.3 5.0196e-15
5528.0 4.9672e-15
5530.8 5.0026e-15
5533.6 5.1552e-15
5536.4 5.2034e-15
5539.1 5.2673e-15
5541.9 5.2969e-15
5544.7 5.4434e-15
5547.5 5.4146e-15
5550.3 5.4814e-15
5553.0 5.5497e-15
5555.8 5.5107e-15
5558.6 5.2903e-15
5561.4 5.4409e-15
5564.1 5.5977e-15
5566.9 5.5478e-15
5569.7 5.6316e-15
5572.5 5.6448e-15
5575.3 5.7275e-15
5578.0 5.9615e-15
5580.8 5.8214e-15
5583.6 5.6759e-15
5586.4 5.5070e-15
5589.2 5.7190e-15
5591.9 5.6880e-15
5594.7 5.5829e-15
5597.5 5.5315e-15
5600.3 5.5972e-15
5603.0 5.6953e-15
5605.8 5.5171e-15
5608.6 5.5447e-15
5611.4 5.5709e-15
5614.2 5.2830e-15
5616.9 5.3089e-15
5619.7 5.3986e-15
5622.5 5.3178e-15
5625.3 5.3562e-15
5628.0 5.4063e-15
5630.8 5.5024e-15
5633.6 5.3617e-15
5636.4 5.3572e-15
5639.2 5.3920e-15
5641.9 5.4488e-15
5644.7 5.5106e-15
5647.5 5.4324e-15
5650.3 5.5210e-15
5653.1 5.5729e-15
5655.8 5.6331e-15
5658.6 5.6599e-15
5661.4 5.6373e-15
5664.2 5.5459e-15
5666.9 5.5555e-15
5669.7 5.6491e-15
5672.5 5.7151e-15
5675.3 5.5885e-15
5678.1 5.7156e-15
5680.8 5.7794e-15
5683.6 5.6092e-15
5686.4 5.4940e-15
5689.2 5.7613e-15
5692.0 5.7834e-15
5694.7 5.6146e-15
5697.5 5.5364e-15
5700.3 5.5689e-15
5703.1 5.6316e-15
5705.8 5.6153e-15
5708.6 5.6017e-15
5711.4 5.5573e-15
5714.2 5.5217e-15
5717.0 5.6584e-15
5719.7 5.7735e-15
5722.5 5.6590e-15
5725.3 5.5179e-15
5728.1 5.4795e-15
5730.8 5.4616e-15
5733.6 5.5188e-15
5736.4 5.5233e-15
5739.2 5.5109e-15
5742.0 5.6308e-15
5744.7 5.6257e-15
5747.5 5.4880e-15
5750.3 5.4013e-15
5753.1 5.4197e-15
5755.9 5.4320e-15
5758.6 5.3630e-15
5761.4 5.3924e-15
5764.2 5.4149e-15
5767.0 5.4042e-15
5769.7 5.3496e-15
5772.5 5.3765e-15
5775.3 5.3182e-15
5778.1 5.2765e-15
5780.9 5.3149e-15
5783.6 5.2709e-15
5786.4 5.2493e-15
5789.2 5.3574e-15
5792.0 5.3019e-15
5794.8 5.1196e-15
5797.5 5.0713e-15
5800.3 5.0546e-15
5803.1 5.1446e-15
5805.9 5.1356e-15
5808.6 5.1745e-15
5811.4 5.0748e-15
5814.2 4.9955e-15
5817.0 5.0990e-15
5819.8 5.1278e-15
5822.5 5.1417e-15
5825.3 5.1258e-15
5828.1 5.1286e-15
5830.9 5.0698e-15
5833.6 5.0700e-15
5836.4 5.1349e-15
5839.2 5.1707e-15
5842.0 5.0508e-15
5844.8 4.9520e-15
5847.5 4.9990e-15
5850.3 5.1015e-15
5853.1 4.9536e-15
5855.9 4.9394e-15
5858.7 4.9552e-15
5861.4 4.8604e-15
5864.2 4.9941e-15
5867.0 4.8972e-15
5869.8 4.9765e-15
5872.5 5.0428e-15
5875.3 5.0037e-15
5878.1 4.9026e-15
5880.9 4.8006e-15
5883.7 4.7583e-15
5886.4 4.7763e-15
5889.2 4.7515e-15
5892.0 4.8244e-15
5894.8 4.7924e-15
5897.5 4.7100e-15
5900.3 4.7063e-15
5903.1 4.7397e-15
5905.9 4.7769e-15
5908.7 4.8318e-15
5911.4 4.8554e-15
5914.2 4.7859e-15
5917.0 4.8382e-15
5919.8 4.7338e-15
5922.6 4.8578e-15
5925.3 4.8316e-15
5928.1 4.7303e-15
5930.9 4.7575e-15
5933.7 4.8443e-15
5936.4 4.8096e-15
5939.2 4.8795e-15
5942.0 4.7934e-15
5944.8 4.7935e-15
5947.6 4.7556e-15
5950.3 4.7465e-15
5953.1 4.7487e-15
5955.9 4.6721e-15
5958.7 4.7436e-15
5961.5 4.7810e-15
5964.2 4.7303e-15
5967.0 4.7092e-15
5969.8 4.6997e-15
5972.6 4.7078e-15
5975.3 4.7894e-15
5978.1 4.7320e-15
5980.9 4.7099e-15
5983.7 4.6162e-15
5986.5 4.6762e-15
5989.2 4.7227e-15
5992.0 4.6901e-15
5994.8 4.6318e-15
5997.6 4.5222e-15
6000.3 4.5656e-15
6003.1 4.6573e-15
6005.9 4.5579e-15
6008.7 4.5703e-15
6011.5 4.5902e-15
6014.2 4.5726e-15
6017.0 4.4160e-15
6019.8 4.4490e-15
6022.6 4.5035e-15
6025.4 4.5815e-15
6028.1 4.4988e-15
6030.9 4.4045e-15
6033.7 4.5204e-15
6036.5 4.4458e-15
6039.2 4.4533e-15
6042.0 4.4017e-15
6044.8 4.3574e-15
6047.6 4.3383e-15
6050.4 4.3217e-15
6053.1 4.2878e-15
6055.9 4.2716e-15
6058.7 4.2478e-15
6061.5 4.2473e-15
6064.2 4.2858e-15
6067.0 4.1971e-15
6069.8 4.1419e-15
6072.6 4.0468e-15
6075.4 4.1183e-15
6078.1 4.1096e-15
6080.9 4.1846e-15
6083.7 4.1236e-15
6086.5 4.0737e-15
6089.3 4.0033e-15
6092.0 4.0397e-15
6094.8 4.0508e-15
6097.6 3.9224e-15
6100.4 3.8675e-15
6103.1 3.9001e-15
6105.9 3.8262e-15
6108.7 3.7476e-15
6111.5 3.6957e-15
6114.3 3.6562e-15
6117.0 3.5954e-15
6119.8 3.4960e-15
6122.6 3.4305e-15
6125.4 3.3619e-15
6128.2 3.2509e-15
6130.9 3.1967e-15
6133.7 3.1834e-15
6136.5 3.1474e-15
6139.3 3.0579e-15
6142.0 2.9713e-15
6144.8 2.9559e-15
6147.6 2.8966e-15
6150.4 2.8369e-15
6153.2 2.7841e-15
6155.9 2.7623e-15
6158.7 2.6967e-15
6161.5 2.5450e-15
6164.3 2.5027e-15
6167.0 2.4439e-15
6169.8 2.4361e-15
6172.6 2.4361e-15
6175.4 2.4364e-15
6178.2 2.4071e-15
6180.9 2.3332e-15
6183.7 2.2454e-15
6186.5 2.2361e-15
6189.3 2.2087e-15
6192.1 2.2746e-15
6194.8 2.1544e-15
6197.6 2.1761e-15
6200.4 2.1813e-15
6203.2 2.2035e-15
6205.9 2.2568e-15
6208.7 2.2197e-15
6211.5 2.1458e-15
6214.3 2.2587e-15
6217.1 2.2929e-15
6219.8 2.3185e-15
6222.6 2.2943e-15
6225.4 2.4120e-15
6228.2 2.4647e-15
6230.9 2.5015e-15
6233.7 2.5327e-15
6236.5 2.5532e-15
6239.3 2.6957e-15
6242.1 2.7740e-15
6244.8 2.6756e-15
6247.6 2.6907e-15
6250.4 2.6757e-15
6253.2 2.7915e-15
6256.0 2.9211e-15
6258.7 2.9287e-15
6261.5 2.9508e-15
6264.3 3.0079e-15
6267.1 2.9044e-15
6269.8 2.9782e-15
6272.6 3.0582e-15
6275.4 2.9675e-15
6278.2 3.0819e-15
6281.0 3.1106e-15
6283.7 3.1836e-15
6286.5 3.2355e-15
6289.3 3.2442e-15
6292.1 3.2622e-15
6294.9 3.2664e-15
6297.6 3.2868e-15
6300.4 3.2477e-15
6303.2 3.2815e-15
6306.0 3.3026e-15
6308.7 3.3326e-15
6311.5 3.3868e-15
6314.3 3.4110e-15
6317.1 3.5679e-15
6319.9 3.6116e-15
6322.6 3.5125e-15
6325.4 3.4996e-15
6328.2 3.6114e-15
6331.0 3.5860e-15
6333.7 3.5539e-15
6336.5 3.6620e-15
6339.3 3.6092e-15
6342.1 3.6224e-15
6344.9 3.6750e-15
6347.6 3.6368e-15
6350.4 3.6364e-15
6353.2 3.6009e-15
6356.0 3.6766e-15
6358.8 3.6849e-15
6361.5 3.6644e-15
6364.3 3.6507e-15
6367.1 3.7133e-15
6369.9 3.6528e-15
6372.6 3.4709e-15
6375.4 3.6192e-15
6378.2 3.6118e-15
6381.0 3.5712e-15
6383.8 3.6407e-15
6386.5 3.5458e-15
6389.3 3.6708e-15
6392.1 3.5300e-15
6394.9 3.4209e-15
6397.7 3.4109e-15
6400.4 3.3977e-15
6403.2 3.4390e-15
6406.0 3.4723e-15
6408.8 3.4202e-15
6411.5 3.3954e-15
6414.3 3.4626e-15
6417.1 3.5104e-15
6419.9 3.4614e-15
6422.7 3.3522e-15
6425.4 3.3600e-15
6428.2 3.4224e-15
6431.0 3.3454e-15
6433.8 3.3546e-15
6436.5 3.3844e-15
6439.3 3.3738e-15
6442.1 3.3723e-15
6444.9 3.3662e-15
6447.7 3.3587e-15
6450.4 3.3526e-15
6453.2 3.4147e-15
6456.0 3.3785e-15
6458.8 3.4057e-15
6461.6 3.4582e-15
6464.3 3.3643e-15
6467.1 3.3440e-15
6469.9 3.3480e-15
6472.7 3.3864e-15
6475.4 3.4724e-15
6478.2 3.3659e-15
6481.0 3.3290e-15
6483.8 3.3442e-15
6486.6 3.3508e-15
6489.3 3.3542e-15
6492.1 3.3355e-15
6494.9 3.1884e-15
6497.7 3.2275e-15
6500.4 3.3264e-15
6503.2 3.2237e-15
6506.0 3.2895e-15
6508.8 3.3209e-15
6511.6 3.2434e-15
6514.3 3.2137e-15
6517.1 3.2561e-15
6519.9 3.1381e-15
6522.7 3.1781e-15
6525.5 3.1501e-15
6528.2 3.2212e-15
6531.0 3.2620e-15
6533.8 3.2029e-15
6536.6 3.2070e-15
6539.3 3.1595e-15
6542.1 3.0945e-15
6544.9 3.1609e-15
6547.7 3.1309e-15
6550.5 3.1117e-15
6553.2 3.0947e-15
6556.0 3.0221e-15
6558.8 3.0751e-15
6561.6 3.0557e-15
6564.4 3.0447e-15
6567.1 3.1003e-15
6569.9 3.0227e-15
6572.7 3.0358e-15
6575.5 3.0743e-15
6578.2 3.0593e-15
6581.0 3.0117e-15
6583.8 2.9196e-15
6586.6 2.9377e-15
6589.4 2.9049e-15
6592.1 2.9163e-15
6594.9 2.8863e-15
6597.7 2.8786e-15
6600.5 2.8742e-15
6603.2 2.8917e-15
6606.0 2.8233e-15
6608.8 2.8332e-15
6611.6 2.8743e-15
6614.4 2.8315e-15
6617.1 2.7979e-15
6619.9 2.7944e-15
6622.7 2.7179e-15
6625.5 2.7153e-15
6628.3 2.7350e-15
6631.0 2.7440e-15
6633.8 2.7543e-15
6636.6 2.7253e-15
6639.4 2.7422e-15
6642.1 2.6821e-15
6644.9 2.7265e-15
6647.7 2.7264e-15
6650.5 2.7011e-15
6653.3 2.6767e-15
6656.0 2.6318e-15
6658.8 2.6791e-15
6661.6 2.7310e-15
6664.4 2.7062e-15
6667.1 2.7207e-15
6669.9 2.7490e-15
6672.7 2.6795e-15
6675.5 2.5915e-15
6678.3 2.5537e-15
6681.0 2.5742e-15
6683.8 2.6211e-15
6686.6 2.6692e-15
6689.4 2.6196e-15
6692.2 2.5992e-15
6694.9 2.6546e-15
6697.7 2.5878e-15
6700.5 2.5512e-15
6703.3 2.5320e-15
6706.0 2.5371e-15
6708.8 2.5483e-15
6711.6 2.4848e-15
6714.4 2.5528e-15
6717.2 2.5101e-15
6719.9 2.5268e-15
6722.7 2.5730e-15
6725.5 2.6109e-15
6728.3 2.5002e-15
6731.1 2.5367e-15
6733.8 2.4464e-15
6736.6 2.4431e-15
6739.4 2.5109e-15
6742.2 2.4668e-15
6744.9 2.4881e-15
6747.7 2.4439e-15
6750.5 2.4314e-15
6753.3 2.4717e-15
6756.1 2.4367e-15
6758.8 2.4234e-15
6761.6 2.4395e-15
6764.4 2.3993e-15
6767.2 2.3531e-15
6769.9 2.4096e-15
6772.7 2.4218e-15
6775.5 2.3876e-15
6778.3 2.3923e-15
6781.1 2.3372e-15
6783.8 2.3893e-15
6786.6 2.3719e-15
6789.4 2.3400e-15
6792.2 2.3778e-15
6795.0 2.3773e-15
6797.7 2.2957e-15
6800.5 2.2974e-15
6803.3 2.2743e-15
6806.1 2.2890e-15
6808.8 2.3419e-15
6811.6 2.3298e-15
6814.4 2.3214e-15
6817.2 2.2564e-15
6820.0 2.2998e-15
6822.7 2.3857e-15
6825.5 2.3396e-15
6828.3 2.3502e-15
6831.1 2.3165e-15
6833.9 2.3091e-15
6836.6 2.3638e-15
6839.4 2.3482e-15
6842.2 2.2316e-15
6845.0 2.2184e-15
6847.7 2.2764e-15
6850.5 2.2658e-15
6853.3 2.2876e-15
6856.1 2.3170e-15
6858.9 2.2576e-15
6861.6 2.2130e-15
6864.4 2.2455e-15
6867.2 2.2520e-15
6870.0 2.2474e-15
6872.7 2.0826e-15
6875.5 2.1288e-15
6878.3 2.1524e-15
6881.1 2.2122e-15
6883.9 2.1904e-15
6886.6 2.1699e-15
6889.4 2.1411e-15
6892.2 2.2275e-15
6895.0 2.0311e-15
6897.8 2.0972e-15
6900.5 2.1969e-15
6903.3 2.1808e-15
6906.1 2.0765e-15
6908.9 2.1093e-15
6911.6 2.1680e-15
6914.4 2.1707e-15
6917.2 2.1247e-15
6920.0 2.1060e-15
6922.8 2.0538e-15
6925.5 2.0833e-15
6928.3 2.1260e-15
6931.1 2.1320e-15
6933.9 2.1144e-15
6936.6 2.1074e-15
6939.4 2.0836e-15
6942.2 2.0144e-15
6945.0 2.0837e-15
6947.8 2.0937e-15
6950.5 2.0514e-15
6953.3 2.0236e-15
6956.1 1.9919e-15
6958.9 1.9534e-15
6961.7 1.9852e-15
6964.4 1.9931e-15
6967.2 1.9841e-15
6970.0 2.0584e-15
6972.8 2.0176e-15
6975.5 2.0006e-15
6978.3 1.9457e-15
6981.1 1.9083e-15
6983.9 1.9342e-15
6986.7 2.0367e-15
6989.4 1.9761e-15
6992.2 1.9582e-15
6995.0 1.9587e-15
6997.8 1.9314e-15
7000.6 1.9160e-15
7003.3 1.8997e-15
7006.1 1.8959e-15
7008.9 1.9058e-15
7011.7 1.9046e-15
7014.4 1.8972e-15
7017.2 1.8957e-15
7020.0 1.8910e-15
7022.8 1.8936e-15
7025.6 1.8992e-15
7028.3 1.8814e-15
7031.1 1.8579e-15
7033.9 1.8540e-15
7036.7 1.8544e-15
7039.4 1.8405e-15
7042.2 1.8083e-15
7045.0 1.7713e-15
7047.8 1.7607e-15
7050.6 1.7786e-15
7053.3 1.7901e-15
7056.1 1.7793e-15
7058.9 1.7682e-15
7061.7 1.7712e-15
7064.5 1.7773e-15
7067.2 1.7851e-15
7070.0 1.7899e-15
7072.8 1.7765e-15
7075.6 1.7492e-15
7078.3 1.7246e-15
7081.1 1.7141e-15
7083.9 1.7237e-15
7086.7 1.7441e-15
7089.5 1.7571e-15
7092.2 1.7533e-15
7095.0 1.7498e-15
7097.8 1.7652e-15
7100.6 1.7811e-15
7103.3 1.7782e-15
7106.1 1.7710e-15
7108.9 1.7724e-15
7111.7 1.7752e-15
7114.5 1.7804e-15
7117.2 1.7883e-15
7120.0 1.7969e-15
7122.8 1.8121e-15
7125.6 1.8257e-15
7128.4 1.8213e-15
7131.1 1.7996e-15
7133.9 1.7873e-15
7136.7 1.7933e-15
7139.5 1.8005e-15
7142.2 1.7957e-15
7145.0 1.7723e-15
7147.8 1.7524e-15
7150.6 1.7472e-15
7153.4 1.7417e-15
7156.1 1.7399e-15
7158.9 1.7491e-15
7161.7 1.7603e-15
7164.5 1.7694e-15
7167.3 1.7834e-15
7170.0 1.8016e-15
7172.8 1.8090e-15
7175.6 1.8009e-15
7178.4 1.7840e-15
7181.1 1.7646e-15
7183.9 1.7516e-15
7186.7 1.7415e-15
7189.5 1.7277e-15
7192.3 1.7150e-15
7195.0 1.7116e-15
7197.8 1.7189e-15
7200.6 1.7256e-15
7203.4 1.7279e-15
7206.1 1.7338e-15
7208.9 1.7355e-15
7211.7 1.7190e-15
7214.5 1.6964e-15
7217.3 1.6862e-15
7220.0 1.6819e-15
7222.8 1.6762e-15
7225.6 1.6765e-15
7228.4 1.6868e-15
7231.2 1.6993e-15
7233.9 1.7049e-15
7236.7 1.7079e-15
7239.5 1.7144e-15
7242.3 1.7126e-15
7245.0 1.7042e-15
7247.8 1.7059e-15
7250.6 1.7114e-15
7253.4 1.7085e-15
7256.2 1.6956e-15
7258.9 1.6864e-15
7261.7 1.6886e-15
7264.5 1.6919e-15
7267.3 1.6877e-15
7270.0 1.6742e-15
7272.8 1.6615e-15
7275.6 1.6554e-15
7278.4 1.6523e-15
7281.2 1.6540e-15
7283.9 1.6478e-15
7286.7 1.6266e-15
7289.5 1.6036e-15
7292.3 1.5890e-15
7295.1 1.5723e-15
7297.8 1.5536e-15
7300.6 1.5538e-15
7303.4 1.5688e-15
7306.2 1.5690e-15
7308.9 1.5450e-15
7311.7 1.5185e-15
7314.5 1.5084e-15
7317.3 1.5105e-15
7320.1 1.5140e-15
7322.8 1.5169e-15
7325.6 1.5212e-15
7328.4 1.5297e-15
7331.2 1.5364e-15
7334.0 1.5278e-15
7336.7 1.5202e-15
7339.5 1.5317e-15
7342.3 1.5453e-15
7345.1 1.5468e-15
7347.8 1.5384e-15
7350.6 1.5286e-15
7353.4 1.5298e-15
7356.2 1.5433e-15
7359.0 1.5598e-15
7361.7 1.5736e-15
7364.5 1.5865e-15
7367.3 1.6028e-15
7370.1 1.6280e-15
7372.8 1.6541e-15
7375.6 1.6597e-15
7378.4 1.6495e-15
7381.2 1.6439e-15
7384.0 1.6371e-15
7386.7 1.6243e-15
7389.5 1.6164e-15
7392.3 1.6092e-15
7395.1 1.5840e-15
7397.9 1.5453e-15
7400.6 1.5208e-15
7403.4 1.5135e-15
7406.2 1.5142e-15
7409.0 1.5190e-15
7411.7 1.5276e-15
7414.5 1.5379e-15
7417.3 1.5320e-15
7420.1 1.5143e-15
7422.9 1.5055e-15
7425.6 1.4975e-15
7428.4 1.4807e-15
7431.2 1.4725e-15
7434.0 1.4830e-15
7436.8 1.4902e-15
7439.5 1.4834e-15
7442.3 1.4763e-15
7445.1 1.4758e-15
7447.9 1.4770e-15
7450.6 1.4671e-15
7453.4 1.4517e-15
7456.2 1.4540e-15
7459.0 1.4726e-15
7461.8 1.4859e-15
7464.5 1.4898e-15
7467.3 1.4906e-15
7470.1 1.4868e-15
7472.9 1.4866e-15
7475.6 1.5051e-15
7478.4 1.5289e-15
7481.2 1.5334e-15
7484.0 1.5216e-15
7486.8 1.5052e-15
7489.5 1.4838e-15
7492.3 1.4601e-15
7495.1 1.4443e-15
7497.9 1.4458e-15
7500.7 1.4539e-15
7503.4 1.4466e-15
7506.2 1.4287e-15
7509.0 1.4188e-15
7511.8 1.4292e-15
7514.5 1.4614e-15
7517.3 1.4910e-15
7520.1 1.4909e-15
7522.9 1.4758e-15
7525.7 1.4651e-15
7528.4 1.4502e-15
7531.2 1.4268e-15
7534.0 1.4129e-15
7536.8 1.4351e-15
7539.5 1.4733e-15
7542.3 1.4906e-15
7545.1 1.4913e-15
7547.9 1.4917e-15
7550.7 1.4964e-15
7553.4 1.5008e-15
7556.2 1.4938e-15
7559.0 1.4671e-15
7561.8 1.4421e-15
7564.6 1.4489e-15
7567.3 1.4594e-15
7570.1 1.4404e-15
7572.9 1.4095e-15
7575.7 1.3863e-15
7578.4 1.3731e-15
7581.2 1.3647e-15
7584.0 1.3576e-15
7586.8 1.3479e-15
7589.6 1.3336e-15
7592.3 1.3181e-15
7595.1 1.3102e-15
7597.9 1.3067e-15
7600.7 1.2998e-15
7603.5 1.3064e-15
7606.2 1.3312e-15
7609.0 1.3552e-15
7611.8 1.3633e-15
7614.6 1.3531e-15
7617.3 1.3350e-15
7620.1 1.3182e-15
7622.9 1.3005e-15
7625.7 1.2889e-15
7628.5 1.2890e-15
7631.2 1.2821e-15
7634.0 1.2622e-15
7636.8 1.2462e-15
7639.6 1.2406e-15
7642.3 1.2410e-15
7645.1 1.2466e-15
7647.9 1.2603e-15
7650.7 1.2748e-15
7653.5 1.2733e-15
7656.2 1.2612e-15
7659.0 1.2535e-15
7661.8 1.2438e-15
7664.6 1.2294e-15
7667.4 1.2266e-15
7670.1 1.2413e-15
7672.9 1.2565e-15
7675.7 1.2621e-15
7678.5 1.2672e-15
7681.2 1.2749e-15
7684.0 1.2766e-15
7686.8 1.2709e-15
7689.6 1.2609e-15
7692.4 1.2445e-15
7695.1 1.2331e-15
7697.9 1.2451e-15
7700.7 1.2708e-15
7703.5 1.2892e-15
7706.2 1.2953e-15
7709.0 1.2880e-15
7711.8 1.2826e-15
7714.6 1.2892e-15
7717.4 1.2885e-15
7720.1 1.2799e-15
7722.9 1.2773e-15
7725.7 1.2734e-15
7728.5 1.2574e-15
7731.3 1.2386e-15
7734.0 1.2390e-15
7736.8 1.2551e-15
7739.6 1.2637e-15
7742.4 1.2576e-15
7745.1 1.2425e-15
7747.9 1.2329e-15
7750.7 1.2404e-15
7753.5 1.2529e-15
7756.3 1.2577e-15
7759.0 1.2615e-15
7761.8 1.2715e-15
7764.6 1.2701e-15
7767.4 1.2580e-15
7770.2 1.2617e-15
7772.9 1.2721e-15
7775.7 1.2668e-15
7778.5 1.2658e-15
7781.3 1.2869e-15
7784.0 1.3050e-15
7786.8 1.2984e-15
7789.6 1.2831e-15
7792.4 1.2808e-15
7795.2 1.2815e-15
7797.9 1.2715e-15
7800.7 1.2663e-15
7803.5 1.2793e-15
7806.3 1.2980e-15
7809.0 1.3075e-15
7811.8 1.3150e-15
7814.6 1.3306e-15
7817.4 1.3382e-15
7820.2 1.3289e-15
7822.9 1.3173e-15
7825.7 1.3205e-15
7828.5 1.3443e-15
7831.3 1.3815e-15
7834.1 1.4093e-15
7836.8 1.4152e-15
7839.6 1.3992e-15
7842.4 1.3722e-15
7845.2 1.3518e-15
7847.9 1.3468e-15
7850.7 1.3629e-15
7853.5 1.3864e-15
7856.3 1.3894e-15
7859.1 1.3740e-15
7861.8 1.3545e-15
7864.6 1.3290e-15
7867.4 1.3087e-15
7870.2 1.3073e-15
7872.9 1.3059e-15
7875.7 1.2903e-15
7878.5 1.2714e-15
7881.3 1.2704e-15
7884.1 1.2861e-15
7886.8 1.2932e-15
7889.6 1.2860e-15
7892.4 1.2765e-15
7895.2 1.2705e-15
7898.0 1.2722e-15
7900.7 1.2780e-15
7903.5 1.2783e-15
7906.3 1.2762e-15
7909.1 1.2755e-15
7911.8 1.2681e-15
7914.6 1.2527e-15
7917.4 1.2357e-15
7920.2 1.2206e-15
7923.0 1.2134e-15
7925.7 1.2141e-15
7928.5 1.2133e-15
7931.3 1.2110e-15
7934.1 1.2075e-15
7936.9 1.1956e-15
7939.6 1.1810e-15
7942.4 1.1646e-15
7945.2 1.1388e-15
7948.0 1.1221e-15
7950.7 1.1299e-15
7953.5 1.1493e-15
7956.3 1.1643e-15
7959.1 1.1658e-15
7961.9 1.1589e-15
7964.6 1.1586e-15
7967.4 1.1572e-15
7970.2 1.1410e-15
7973.0 1.1245e-15
7975.7 1.1229e-15
7978.5 1.1310e-15
7981.3 1.1342e-15
7984.1 1.1350e-15
7986.9 1.1364e-15
7989.6 1.1243e-15
7992.4 1.0989e-15
7995.2 1.0733e-15
7998.0 1.0565e-15
8000.8 1.0428e-15
8003.5 1.0212e-15
8006.3 1.0051e-15
8009.1 1.0101e-15
8011.9 1.0158e-15
8014.6 1.0055e-15
8017.4 9.9391e-16
8020.2 9.9023e-16
8023.0 9.8340e-16
8025.8 9.6486e-16
8028.5 9.4808e-16
8031.3 9.4583e-16
8034.1 9.4629e-16
8036.9 9.3951e-16
8039.7 9.3506e-16
8042.4 9.3293e-16
8045.2 9.1840e-16
8048.0 9.0695e-16
8050.8 9.1347e-16
8053.5 9.2264e-16
8056.3 9.3034e-16
8059.1 9.3848e-16
8061.9 9.3415e-16
8064.7 9.1721e-16
8067.4 8.9895e-16
8070.2 8.8467e-16
8073.0 8.8414e-16
8075.8 8.9544e-16
8078.5 8.9732e-16
8081.3 8.8841e-16
8084.1 8.8824e-16
8086.9 9.0502e-16
8089.7 9.2962e-16
8092.4 9.3953e-16
8095.2 9.2420e-16
8098.0 9.0159e-16
8100.8 8.8590e-16
8103.6 8.8237e-16
8106.3 8.9625e-16
8109.1 9.1264e-16
8111.9 9.1831e-16
8114.7 9.2004e-16
8117.4 9.1438e-16
8120.2 8.9503e-16
8123.0 8.8082e-16
8125.8 8.8607e-16
8128.6 8.9563e-16
8131.3 8.9567e-16
8134.1 8.8811e-16
8136.9 8.8311e-16
8139.7 8.8837e-16
8142.4 8.9279e-16
8145.2 8.8243e-16
8148.0 8.6218e-16
8150.8 8.6289e-16
8153.6 8.9005e-16
8156.3 9.0574e-16
8159.1 9.0412e-16
8161.9 9.0649e-16
8164.7 9.0919e-16
8167.5 9.0428e-16
8170.2 8.9746e-16
8173.0 8.9191e-16
8175.8 8.8386e-16
8178.6 8.7697e-16
8181.3 8.7821e-16
8184.1 8.8472e-16
8186.9 8.9015e-16
8189.7 8.9472e-16
8192.5 9.0566e-16
8195.2 9.1330e-16
8198.0 9.0552e-16
8200.8 8.9400e-16
8203.6 8.9216e-16
8206.4 9.0208e-16
8209.1 9.0802e-16
8211.9 8.9693e-16
8214.7 8.8659e-16
8217.5 8.8979e-16
8220.2 8.9243e-16
8223.0 8.9164e-16
8225.8 8.9974e-16
8228.6 9.0812e-16
8231.4 8.9965e-16
8234.1 8.8193e-16
8236.9 8.7451e-16
8239.7 8.7745e-16
8242.5 8.7538e-16
8245.2 8.6963e-16
8248.0 8.6897e-16
8250.8 8.6961e-16
8253.6 8.6519e-16
8256.4 8.5946e-16
8259.1 8.5140e-16
8261.9 8.3769e-16
8264.7 8.2134e-16
8267.5 8.0654e-16
8270.3 8.0651e-16
8273.0 8.2209e-16
8275.8 8.3735e-16
8278.6 8.4758e-16
8281.4 8.5608e-16
8284.1 8.6463e-16
8286.9 8.7447e-16
8289.7 8.7269e-16
8292.5 8.5659e-16
8295.3 8.4980e-16
8298.0 8.4372e-16
8300.8 8.1567e-16
8303.6 7.7614e-16
8306.4 7.5283e-16
8309.1 7.5301e-16
8311.9 7.6369e-16
8314.7 7.7403e-16
8317.5 7.7239e-16
8320.3 7.5462e-16
8323.0 7.3833e-16
8325.8 7.4308e-16
8328.6 7.6572e-16
8331.4 7.9933e-16
8334.2 8.4710e-16
8336.9 8.8715e-16
8339.7 8.9043e-16
8342.5 8.7454e-16
8345.3 8.6941e-16
8348.0 8.6854e-16
8350.8 8.5209e-16
8353.6 8.3151e-16
8356.4 8.1994e-16
8359.2 8.0429e-16
8361.9 7.8483e-16
8364.7 7.8238e-16
8367.5 8.0431e-16
8370.3 8.2028e-16
8373.1 8.0276e-16
8375.8 7.6817e-16
8378.6 7.4497e-16
8381.4 7.4440e-16
8384.2 7.5888e-16
8386.9 7.7284e-16
8389.7 7.7914e-16
8392.5 7.7597e-16
8395.3 7.6708e-16
8398.1 7.6423e-16
8400.8 7.7226e-16
8403.6 7.7876e-16
8406.4 7.7641e-16
8409.2 7.7004e-16
8411.9 7.7125e-16
8414.7 7.8688e-16
8417.5 7.9825e-16
8420.3 7.9013e-16
8423.1 7.8004e-16
8425.8 7.8106e-16
8428.6 7.8391e-16
8431.4 7.8364e-16
8434.2 7.8101e-16
8437.0 7.6997e-16
8439.7 7.5482e-16
8442.5 7.4895e-16
8445.3 7.4471e-16
8448.1 7.4000e-16
8450.8 7.5017e-16
8453.6 7.7142e-16
8456.4 7.8656e-16
8459.2 7.8058e-16
8462.0 7.6293e-16
8464.7 7.6099e-16
8467.5 7.7435e-16
8470.3 7.8481e-16
8473.1 7.8505e-16
8475.8 7.8459e-16
8478.6 7.9225e-16
8481.4 7.9812e-16
8484.2 7.9292e-16
8487.0 7.8110e-16
8489.7 7.7527e-16
8492.5 7.7765e-16
8495.3 7.7927e-16
8498.1 7.8811e-16
8500.9 7.9946e-16
8503.6 8.0198e-16
8506.4 8.0031e-16
8509.2 7.9349e-16
8512.0 7.8378e-16
8514.7 7.8055e-16
8517.5 7.7668e-16
8520.3 7.6974e-16
8523.1 7.7448e-16
8525.9 7.9118e-16
8528.6 8.0112e-16
8531.4 8.0253e-16
8534.2 8.0758e-16
8537.0 8.1104e-16
8539.8 8.0509e-16
8542.5 7.9184e-16
8545.3 7.7970e-16
8548.1 7.7853e-16
8550.9 7.7998e-16
8553.6 7.7638e-16
8556.4 7.8546e-16
8559.2 8.1479e-16
8562.0 8.3163e-16
8564.8 8.1619e-16
8567.5 7.9692e-16
8570.3 7.9390e-16
8573.1 7.9040e-16
8575.9 7.7613e-16
8578.6 7.5581e-16
8581.4 7.4051e-16
8584.2 7.4060e-16
8587.0 7.4618e-16
8589.8 7.4785e-16
8592.5 7.4611e-16
8595.3 7.4520e-16
8598.1 7.4947e-16
8600.9 7.5425e-16
8603.7 7.5539e-16
8606.4 7.5510e-16
8609.2 7.5909e-16
8612.0 7.6428e-16
8614.8 7.6352e-16
8617.5 7.6012e-16
8620.3 7.6363e-16
8623.1 7.7273e-16
8625.9 7.7295e-16
8628.7 7.6208e-16
8631.4 7.5530e-16
8634.2 7.5801e-16
8637.0 7.6006e-16
8639.8 7.5012e-16
8642.6 7.3186e-16
8645.3 7.2418e-16
8648.1 7.2415e-16
8650.9 7.1189e-16
8653.7 7.0278e-16
8656.4 7.1438e-16
8659.2 7.2275e-16
8662.0 7.2431e-16
8664.8 7.3769e-16
8667.6 7.4556e-16
8670.3 7.3256e-16
8673.1 7.2101e-16
8675.9 7.2129e-16
8678.7 7.1999e-16
8681.4 7.1369e-16
8684.2 7.0539e-16
8687.0 6.9481e-16
8689.8 6.8840e-16
8692.6 6.9455e-16
8695.3 7.0776e-16
8698.1 7.2150e-16
8700.9 7.3253e-16
8703.7 7.3519e-16
8706.5 7.1937e-16
8709.2 6.9550e-16
8712.0 6.9081e-16
8714.8 7.0348e-16
8717.6 7.1483e-16
8720.3 7.2041e-16
8723.1 7.2041e-16
8725.9 7.1712e-16
8728.7 7.1663e-16
8731.5 7.1966e-16
8734.2 7.2427e-16
8737.0 7.2491e-16
8739.8 7.1782e-16
8742.6 7.1450e-16
8745.3 7.1502e-16
8748.1 7.1319e-16
8750.9 7.2143e-16
8753.7 7.4370e-16
8756.5 7.6343e-16
8759.2 7.7266e-16
8762.0 7.8072e-16
8764.8 7.8653e-16
8767.6 7.8694e-16
8770.4 7.8450e-16
8773.1 7.7389e-16
8775.9 7.5527e-16
8778.7 7.4472e-16
8781.5 7.5407e-16
8784.2 7.6272e-16
8787.0 7.5173e-16
8789.8 7.3789e-16
8792.6 7.3453e-16
8795.4 7.3266e-16
8798.1 7.2992e-16
8800.9 7.2853e-16
8803.7 7.2620e-16
8806.5 7.2055e-16
8809.3 7.1935e-16
8812.0 7.3462e-16
8814.8 7.5386e-16
8817.6 7.5956e-16
8820.4 7.5959e-16
8823.1 7.6773e-16
8825.9 7.7469e-16
8828.7 7.7151e-16
8831.5 7.7169e-16
8834.3 7.7193e-16
