3600.5 6.3417e-16
3611.0 -2.9932e-15
3621.5 5.8735e-16
3631.9 2.8657e-15
3642.4 1.5723e-15
3652.8 -2.7348e-15
3663.3 -8.5276e-16
3673.7 3.3036e-15
3684.2 2.7032e-15
3694.6 5.4324e-15
3705.1 2.7745e-15
3715.6 2.4630e-15
3726.0 1.4274e-15
3736.5 4.0020e-15
3746.9 1.2080e-15
3757.4 2.9153e-15
3767.8 4.0821e-15
3778.3 5.9720e-15
3788.7 4.6932e-15
3799.2 2.2728e-15
3809.7 -2.3121e-16
3820.1 1.8023e-15
3830.6 6.9868e-16
3841.0 3.9988e-15
3851.5 -1.2144e-15
3861.9 -1.7633e-16
3872.4 1.3408e-15
3882.8 -9.3031e-16
3893.3 7.8732e-16
3903.8 2.2167e-15
3914.2 3.3047e-15
3924.7 3.0579e-15
3935.1 3.4584e-15
3945.6 2.3545e-15
3956.0 1.6201e-15
3966.5 1.8167e-15
3977.0 2.7523e-15
3987.4 3.2299e-15
3997.9 2.5395e-15
4008.3 3.5804e-15
4018.8 2.2263e-15
4029.2 3.6667e-15
4039.7 1.6418e-15
4050.1 1.5595e-15
4060.6 2.6217e-15
4071.1 1.3525e-15
4081.5 2.2139e-15
4092.0 8.0710e-16
4102.4 2.4416e-15
4112.9 2.5630e-15
4123.3 1.0710e-15
4133.8 2.6632e-15
4144.2 1.2481e-15
4154.7 1.5949e-15
4165.2 9.1738e-16
4175.6 2.0228e-15
4186.1 1.1742e-15
4196.5 1.0416e-15
4207.0 7.4766e-16
4217.4 1.0696e-15
4227.9 1.8411e-15
4238.4 9.6590e-16
4248.8 2.2266e-15
4259.3 2.1519e-15
4269.7 8.7329e-16
4280.2 2.0895e-15
4290.6 2.4988e-15
4301.1 2.5958e-15
4311.5 2.0135e-15
4322.0 2.0097e-15
4332.5 1.4874e-15
4342.9 9.1508e-16
4353.4 1.8260e-15
4363.8 1.4742e-15
4374.3 1.9695e-15
4384.7 2.4080e-15
4395.2 2.0145e-15
4405.6 2.0741e-15
4416.1 1.5633e-15
4426.6 2.9969e-15
4437.0 1.4764e-15
4447.5 1.9730e-15
4457.9 1.1150e-15
4468.4 5.2829e-16
4478.8 2.4556e-16
4489.3 1.4402e-15
4499.7 1.2589e-15
4510.2 7.8361e-16
4520.7 1.1453e-15
4531.1 1.5393e-15
4541.6 1.1637e-15
4552.0 9.7560e-16
4562.5 1.7114e-15
4572.9 1.7738e-15
4583.4 2.3978e-15
4593.9 1.9189e-15
4604.3 2.4466e-15
4614.8 2.3647e-15
4625.2 2.8473e-15
4635.7 2.6709e-15
4646.1 3.1381e-15
4656.6 3.3078e-15
4667.0 1.6244e-15
4677.5 2.8833e-15
4688.0 2.4330e-15
4698.4 2.4464e-15
4708.9 2.4294e-15
4719.3 2.7726e-15
4729.8 1.4219e-15
4740.2 2.6475e-15
4750.7 2.1208e-15
4761.1 1.2792e-15
4771.6 2.2983e-15
4782.1 1.8173e-15
4792.5 1.6600e-15
4803.0 1.5894e-15
4813.4 1.1071e-15
4823.9 1.4923e-15
4834.3 1.2774e-15
4844.8 1.2971e-15
4855.2 1.3195e-15
4865.7 1.8640e-15
4876.2 2.3002e-15
4886.6 2.1487e-15
4897.1 1.5279e-15
4907.5 1.4613e-15
4918.0 1.5808e-15
4928.4 1.6602e-15
4938.9 1.9706e-15
4949.4 1.8209e-15
4959.8 2.0821e-15
4970.3 2.5456e-15
4980.7 2.5115e-15
4991.2 2.7481e-15
5001.6 2.8646e-15
5012.1 2.8274e-15
5022.5 2.7907e-15
5033.0 2.0630e-15
5043.5 2.1097e-15
5053.9 1.6833e-15
5064.4 1.5409e-15
5074.8 1.5268e-15
5085.3 1.5670e-15
5095.7 1.3564e-15
5106.2 1.9332e-15
5116.6 1.4203e-15
5127.1 9.6205e-16
5137.6 1.4388e-15
5148.0 1.6204e-15
5158.5 1.4931e-15
5168.9 1.2326e-15
5179.4 1.1179e-15
5189.8 1.3660e-15
5200.3 1.1286e-15
5210.7 1.2507e-15
5221.2 1.0976e-15
5231.7 1.4242e-15
5242.1 1.4191e-15
5252.6 1.3062e-15
5263.0 1.5987e-15
5273.5 1.8231e-15
5283.9 2.0570e-15
5294.4 1.9011e-15
5304.9 2.0495e-15
5315.3 2.0238e-15
5325.8 1.9982e-15
5336.2 2.0789e-15
5346.7 2.1152e-15
5357.1 2.4068e-15
5367.6 2.3649e-15
5378.0 2.4179e-15
5388.5 2.2182e-15
5399.0 2.4080e-15
5409.4 2.0773e-15
5419.9 2.1456e-15
5430.3 1.9819e-15
5440.8 1.9828e-15
5451.2 2.2493e-15
5461.7 2.5061e-15
5472.1 2.4569e-15
5482.6 2.7343e-15
5493.1 2.5963e-15
5503.5 2.9022e-15
5514.0 3.0467e-15
5524.4 3.1384e-15
5534.9 3.5638e-15
5545.3 3.2666e-15
5555.8 3.1185e-15
5566.2 3.0331e-15
5576.7 3.1492e-15
5587.2 2.7536e-15
5597.6 2.8116e-15
5608.1 2.7373e-15
5618.5 2.6267e-15
5629.0 2.7380e-15
5639.4 2.6309e-15
5649.9 2.4963e-15
5660.4 2.3907e-15
5670.8 2.1716e-15
5681.3 2.0973e-15
5691.7 1.9619e-15
5702.2 1.7103e-15
5712.6 1.9020e-15
5723.1 1.5338e-15
5733.5 1.6542e-15
5744.0 1.6222e-15
5754.5 1.3477e-15
5764.9 1.2704e-15
5775.4 1.1981e-15
5785.8 1.3104e-15
5796.3 1.2800e-15
5806.7 1.4317e-15
5817.2 1.6217e-15
5827.6 1.6261e-15
5838.1 1.6666e-15
5848.6 1.8229e-15
5859.0 1.9808e-15
5869.5 2.0105e-15
5879.9 1.9708e-15
5890.4 2.0984e-15
5900.8 2.3295e-15
5911.3 2.0405e-15
5921.7 2.0643e-15
5932.2 2.0986e-15
5942.7 2.0866e-15
5953.1 2.1433e-15
5963.6 2.1857e-15
5974.0 1.8816e-15
5984.5 2.1220e-15
5994.9 1.9362e-15
6005.4 1.7070e-15
6015.9 1.8125e-15
6026.3 1.5776e-15
6036.8 1.4373e-15
6047.2 1.4546e-15
6057.7 1.2257e-15
6068.1 1.2756e-15
6078.6 1.4066e-15
6089.0 1.2535e-15
6099.5 1.3360e-15
6110.0 1.3527e-15
6120.4 1.3913e-15
6130.9 1.2647e-15
6141.3 1.2480e-15
6151.8 1.2271e-15
6162.2 1.2610e-15
6172.7 1.2784e-15
6183.1 1.2663e-15
6193.6 1.1149e-15
6204.1 1.2303e-15
6214.5 1.1610e-15
6225.0 9.7091e-16
6235.4 8.6871e-16
6245.9 8.6901e-16
6256.3 1.0292e-15
6266.8 1.0589e-15
6277.2 1.1974e-15
6287.7 1.2399e-15
6298.2 1.3132e-15
6308.6 1.2370e-15
6319.1 1.2646e-15
6329.5 1.2256e-15
6340.0 1.1923e-15
6350.4 1.1320e-15
6360.9 1.2409e-15
6371.4 1.2150e-15
6381.8 1.2843e-15
6392.3 1.2493e-15
6402.7 1.4331e-15
6413.2 1.4383e-15
6423.6 1.5263e-15
6434.1 1.5827e-15
6444.5 1.6664e-15
6455.0 1.5633e-15
6465.5 1.6736e-15
6475.9 1.8254e-15
6486.4 1.8597e-15
6496.8 1.9092e-15
6507.3 1.9649e-15
6517.7 1.9165e-15
6528.2 1.9240e-15
6538.6 1.9779e-15
6549.1 2.0602e-15
6559.6 1.9516e-15
6570.0 1.9196e-15
6580.5 1.9998e-15
6590.9 1.9996e-15
6601.4 2.0945e-15
6611.8 2.0211e-15
6622.3 1.9274e-15
6632.7 1.9367e-15
6643.2 1.7686e-15
6653.7 1.7904e-15
6664.1 1.5520e-15
6674.6 1.6471e-15
6685.0 1.4892e-15
6695.5 1.3748e-15
6705.9 1.2231e-15
6716.4 1.2015e-15
6726.9 1.1625e-15
6737.3 1.0886e-15
6747.8 1.0214e-15
6758.2 9.3321e-16
6768.7 9.8054e-16
6779.1 1.0217e-15
6789.6 1.0757e-15
6800.0 8.9456e-16
6810.5 8.8453e-16
6821.0 7.9299e-16
6831.4 9.4438e-16
6841.9 9.7155e-16
6852.3 8.7974e-16
6862.8 7.3538e-16
6873.2 8.4816e-16
6883.7 7.4607e-16
6894.1 8.1955e-16
6904.6 7.2302e-16
6915.1 7.3182e-16
6925.5 7.0718e-16
6936.0 6.4131e-16
6946.4 6.6496e-16
6956.9 6.4612e-16
6967.3 7.6382e-16
6977.8 8.0895e-16
6988.2 7.3189e-16
6998.7 7.7573e-16
7009.2 8.1004e-16
7019.6 6.5044e-16
7030.1 7.0866e-16
7040.5 7.0748e-16
7051.0 7.4791e-16
7061.4 7.4387e-16
7071.9 6.6479e-16
7082.4 7.0375e-16
7092.8 6.9390e-16
7103.3 7.3032e-16
7113.7 6.3371e-16
7124.2 7.0049e-16
7134.6 7.3667e-16
7145.1 7.2566e-16
7155.5 7.0048e-16
7166.0 5.8024e-16
7176.5 5.9233e-16
7186.9 5.9146e-16
7197.4 5.7725e-16
7207.8 6.2635e-16
7218.3 6.4366e-16
7228.7 7.6111e-16
7239.2 7.0350e-16
7249.6 6.1875e-16
7260.1 7.4951e-16
7270.6 8.4368e-16
7281.0 7.8018e-16
7291.5 7.8294e-16
7301.9 7.3847e-16
7312.4 8.5017e-16
7322.8 9.2382e-16
7333.3 8.7478e-16
7343.7 8.8799e-16
7354.2 8.2122e-16
7364.7 8.9981e-16
7375.1 7.1194e-16
7385.6 7.2966e-16
7396.0 7.6843e-16
7406.5 9.0401e-16
7416.9 8.8970e-16
7427.4 9.2341e-16
7437.9 9.7091e-16
7448.3 9.1868e-16
7458.8 1.1069e-15
7469.2 1.2640e-15
7479.7 1.1218e-15
7490.1 1.1186e-15
7500.6 1.1130e-15
7511.0 1.0828e-15
7521.5 1.1068e-15
7532.0 1.0677e-15
7542.4 9.4955e-16
7552.9 9.4128e-16
7563.3 9.1251e-16
7573.8 1.0371e-15
7584.2 8.5782e-16
7594.7 5.6935e-16
7605.1 3.4772e-16
7615.6 7.9803e-16
7626.1 6.1812e-16
7636.5 5.7249e-16
7647.0 6.3300e-16
7657.4 7.6961e-16
7667.9 8.4538e-16
7678.3 1.0000e-15
7688.8 9.4853e-16
7699.2 1.0079e-15
7709.7 9.9110e-16
7720.2 1.0363e-15
7730.6 1.1861e-15
7741.1 1.1264e-15
7751.5 1.1530e-15
7762.0 1.0009e-15
7772.4 1.1350e-15
7782.9 9.4686e-16
7793.4 1.0100e-15
7803.8 1.1145e-15
7814.3 1.0485e-15
7824.7 1.0718e-15
7835.2 8.9716e-16
7845.6 8.0928e-16
7856.1 8.3059e-16
7866.5 9.6690e-16
7877.0 9.0068e-16
7887.5 8.6217e-16
7897.9 7.3987e-16
7908.4 6.7587e-16
7918.8 6.8277e-16
7929.3 7.0339e-16
7939.7 7.6765e-16
7950.2 7.8234e-16
7960.6 5.8986e-16
7971.1 4.8086e-16
7981.6 6.0898e-16
7992.0 5.2496e-16
8002.5 6.0386e-16
8012.9 6.5997e-16
8023.4 5.6345e-16
8033.8 6.2369e-16
8044.3 5.3351e-16
8054.8 5.4520e-16
8065.2 5.1248e-16
8075.7 5.8765e-16
8086.1 5.9741e-16
8096.6 4.9230e-16
8107.0 6.4097e-16
8117.5 4.0912e-16
8127.9 3.9662e-16
8138.4 4.4366e-16
8148.9 3.4569e-16
8159.3 3.9382e-16
8169.8 4.9849e-16
8180.2 4.4545e-16
8190.7 4.7737e-16
8201.1 4.3494e-16
8211.6 4.2698e-16
8222.0 3.4172e-16
8232.5 4.1892e-16
8243.0 4.7244e-16
8253.4 3.2514e-16
8263.9 3.3515e-16
8274.3 2.2757e-16
8284.8 1.4420e-16
8295.2 1.7765e-16
8305.7 2.1091e-16
8316.1 1.4467e-16
8326.6 1.6196e-16
8337.1 1.0980e-16
8347.5 1.4464e-16
8358.0 1.2526e-16
8368.4 1.5620e-16
8378.9 7.9047e-17
8389.3 2.1832e-16
8399.8 2.6623e-16
8410.3 2.2073e-16
8420.7 2.4217e-16
8431.2 1.5319e-16
8441.6 1.4188e-16
8452.1 4.0159e-16
8462.5 3.8769e-16
8473.0 3.1834e-16
8483.4 3.6021e-16
8493.9 3.1127e-16
8504.4 4.5112e-16
8514.8 5.1077e-16
8525.3 5.2710e-16
8535.7 4.6728e-16
8546.2 6.6113e-16
8556.6 7.7092e-16
8567.1 8.4011e-16
8577.5 1.0023e-15
8588.0 8.1927e-16
8598.5 8.3298e-16
8608.9 8.9318e-16
8619.4 1.0298e-15
8629.8 1.1593e-15
8640.3 1.1468e-15
8650.7 9.3182e-16
8661.2 9.6204e-16
8671.6 1.0244e-15
8682.1 9.6792e-16
8692.6 8.3463e-16
8703.0 1.0821e-15
8713.5 1.2126e-15
8723.9 1.3472e-15
8734.4 1.2399e-15
8744.8 1.0617e-15
8755.3 1.3653e-15
8765.8 1.0395e-15
8776.2 1.2263e-15
8786.7 1.2134e-15
8797.1 1.4203e-15
8807.6 1.4313e-15
8818.0 1.4128e-15
8828.5 1.4394e-15
8838.9 1.2336e-15
8849.4 9.9985e-16
8859.9 1.1570e-15
8870.3 1.2993e-15
8880.8 1.4336e-15
8891.2 1.5349e-15
8901.7 1.5218e-15
8912.1 1.2922e-15
8922.6 1.0590e-15
8933.0 1.0014e-15
8943.5 9.4783e-16
8954.0 1.1582e-15
8964.4 1.1471e-15
8974.9 1.1156e-15
8985.3 9.2531e-16
8995.8 1.0115e-15
9006.2 9.3840e-16
9016.7 9.2943e-16
9027.1 7.6304e-16
9037.6 1.0524e-15
9048.1 9.7518e-16
9058.5 1.1864e-15
9069.0 9.9630e-16
9079.4 8.1641e-16
9089.9 7.8628e-16
9100.3 9.1627e-16
9110.8 7.3513e-16
9121.3 8.9094e-16
9131.7 7.6154e-16
9142.2 1.0128e-15
9152.6 8.5086e-16
9163.1 1.1078e-15
9173.5 5.1035e-16
9184.0 7.1531e-16
9194.4 9.7346e-16
9204.9 7.8083e-16
9215.4 9.8531e-16
9225.8 9.4173e-16
9236.3 1.0576e-15
9246.7 1.0755e-15
9257.2 6.8515e-16
9267.6 7.7144e-16
9278.1 7.6304e-16
9288.5 5.3823e-16
9299.0 4.6095e-16
9309.5 9.2819e-16
9319.9 5.5746e-16
9330.4 8.1612e-16
9340.8 7.2327e-18
9351.3 5.6219e-16
9361.7 2.6138e-16
9372.2 3.8711e-16
9382.6 2.4774e-16
9393.1 6.6012e-16
9403.6 4.4293e-16
9414.0 3.6096e-16
9424.5 4.9627e-16
9434.9 1.1956e-16
9445.4 6.8039e-16
9455.8 6.9590e-16
9466.3 4.8521e-16
9476.8 3.7092e-16
9487.2 7.4487e-16
9497.7 3.3264e-16
9508.1 7.8349e-16
9518.6 1.9560e-16
9529.0 2.8752e-16
9539.5 3.4914e-16
9549.9 3.2670e-16
9560.4 4.9627e-16
9570.9 7.3445e-16
9581.3 6.8106e-16
9591.8 6.5668e-16
9602.2 5.2981e-16
9612.7 5.7741e-16
9623.1 5.8619e-16
9633.6 9.0411e-16
9644.0 4.1899e-16
9654.5 6.8574e-16
9665.0 4.6103e-16
9675.4 8.0318e-16
9685.9 7.0327e-16
9696.3 1.1153e-15
9706.8 6.0931e-16
9717.2 6.2895e-16
9727.7 1.1211e-15
9738.1 6.7125e-16
9748.6 3.6429e-16
9759.1 6.0768e-16
9769.5 6.7114e-16
9780.0 5.8187e-16
9790.4 1.1347e-15
9800.9 3.5766e-16
9811.3 6.5745e-16
9821.8 7.5922e-16
9832.3 7.2254e-16
9842.7 9.0659e-16
9853.2 9.4362e-16
9863.6 7.8741e-16
9874.1 1.0186e-15
9884.5 1.9566e-15
9895.0 1.3188e-15
9905.4 1.0034e-15
9915.9 9.2831e-16
9926.4 1.3687e-15
9936.8 1.4618e-15
9947.3 1.6558e-15
9957.7 1.8908e-15
9968.2 1.8311e-15
9978.6 2.0811e-15
9989.1 1.8463e-15
9999.5 1.1484e-15
