3577.1 1.0410e-15
3579.9 6.1414e-16
3582.8 5.4630e-16
3585.6 1.5613e-15
3588.4 1.8005e-15
3591.3 1.0802e-15
3594.1 1.1556e-15
3597.0 6.9214e-16
3599.8 1.6430e-15
3602.7 6.6974e-16
3605.5 1.0681e-15
3608.4 1.2661e-15
3611.2 6.6294e-16
3614.1 8.6723e-16
3616.9 7.0657e-16
3619.8 1.4729e-15
3622.6 9.4124e-16
3625.5 1.1829e-15
3628.3 1.2775e-15
3631.1 1.6110e-15
3634.0 1.2729e-15
3636.8 1.0754e-15
3639.7 4.8581e-16
3642.5 4.9540e-16
3645.4 1.6149e-16
3648.2 1.1444e-15
3651.1 1.5952e-15
3653.9 1.4478e-15
3656.8 1.2617e-15
3659.6 8.4626e-16
3662.5 9.0591e-16
3665.3 2.5221e-16
3668.1 4.7916e-16
3671.0 3.0144e-17
3673.8 1.8354e-16
3676.7 2.6163e-16
3679.5 1.0327e-15
3682.4 7.3426e-17
3685.2 -1.1492e-16
3688.1 -4.9636e-16
3690.9 9.6374e-16
3693.8 1.7475e-17
3696.6 7.2719e-16
3699.5 7.3683e-16
3702.3 9.5174e-16
3705.2 7.7924e-16
3708.0 5.7751e-16
3710.8 5.7568e-16
3713.7 1.5425e-15
3716.5 1.4562e-15
3719.4 1.3032e-15
3722.2 1.9703e-15
3725.1 1.9024e-15
3727.9 1.4948e-15
3730.8 2.2621e-15
3733.6 1.9178e-15
3736.5 1.7873e-15
3739.3 1.9987e-15
3742.2 1.8430e-15
3745.0 1.8288e-15
3747.9 1.9549e-15
3750.7 1.6160e-15
3753.5 1.1801e-15
3756.4 2.2671e-15
3759.2 9.0647e-16
3762.1 1.0169e-15
3764.9 1.0593e-15
3767.8 1.4937e-15
3770.6 1.1806e-15
3773.5 1.2745e-15
3776.3 8.4654e-16
3779.2 1.4018e-15
3782.0 1.0048e-15
3784.9 1.3373e-15
3787.7 7.6971e-16
3790.6 1.0850e-15
3793.4 1.0285e-15
3796.2 7.5317e-16
3799.1 4.6945e-16
3801.9 6.7729e-16
3804.8 7.7093e-16
3807.6 4.8771e-16
3810.5 5.7673e-16
3813.3 5.5588e-16
3816.2 5.1887e-16
3819.0 5.6565e-16
3821.9 3.6143e-16
3824.7 5.5096e-16
3827.6 7.1966e-16
3830.4 4.7519e-16
3833.2 4.7509e-16
3836.1 5.5153e-16
3838.9 5.1430e-16
3841.8 5.5708e-16
3844.6 6.0865e-16
3847.5 4.3397e-16
3850.3 4.1633e-16
3853.2 6.6416e-16
3856.0 9.7835e-16
3858.9 3.8732e-16
3861.7 4.0815e-16
3864.6 2.9417e-16
3867.4 -7.4959e-17
3870.3 3.3742e-16
3873.1 2.0415e-16
3875.9 -1.3303e-16
3878.8 2.6086e-16
3881.6 1.7400e-16
3884.5 4.9791e-16
3887.3 8.1238e-16
3890.2 7.6501e-16
3893.0 3.7410e-16
3895.9 8.7216e-16
3898.7 2.8205e-16
3901.6 9.4987e-16
3904.4 1.2223e-15
3907.3 1.2811e-15
3910.1 8.0849e-16
3913.0 9.6869e-16
3915.8 1.1492e-15
3918.6 9.7449e-16
3921.5 6.9133e-16
3924.3 7.4447e-16
3927.2 8.6644e-16
3930.0 1.0511e-15
3932.9 1.0644e-15
3935.7 1.0574e-15
3938.6 1.1172e-15
3941.4 1.0832e-15
3944.3 1.4886e-15
3947.1 1.4110e-15
3950.0 8.7163e-16
3952.8 1.2255e-15
3955.6 1.4093e-15
3958.5 1.4274e-15
3961.3 1.2725e-15
3964.2 1.0904e-15
3967.0 1.3209e-15
3969.9 1.2609e-15
3972.7 1.1357e-15
3975.6 1.2627e-15
3978.4 1.5325e-15
3981.3 1.1392e-15
3984.1 1.7187e-15
3987.0 1.7350e-15
3989.8 1.5569e-15
3992.7 1.6480e-15
3995.5 1.7876e-15
3998.3 1.7991e-15
4001.2 1.3940e-15
4004.0 1.8086e-15
4006.9 1.5268e-15
4009.7 1.7050e-15
4012.6 1.6049e-15
4015.4 1.6492e-15
4018.3 1.8620e-15
4021.1 1.6568e-15
4024.0 1.4937e-15
4026.8 1.5126e-15
4029.7 1.7874e-15
4032.5 1.6566e-15
4035.4 1.3575e-15
4038.2 1.3973e-15
4041.0 1.3814e-15
4043.9 1.8010e-15
4046.7 1.7971e-15
4049.6 1.4700e-15
4052.4 1.5968e-15
4055.3 1.3069e-15
4058.1 1.0489e-15
4061.0 1.5606e-15
4063.8 1.5688e-15
4066.7 1.4359e-15
4069.5 1.2391e-15
4072.4 9.9571e-16
4075.2 1.0027e-15
4078.0 1.5642e-15
4080.9 1.2869e-15
4083.7 7.9403e-16
4086.6 1.1023e-15
4089.4 1.1044e-15
4092.3 1.0104e-15
4095.1 1.1407e-15
4098.0 1.0447e-15
4100.8 1.4397e-15
4103.7 9.1344e-16
4106.5 8.8731e-16
4109.4 1.0975e-15
4112.2 1.1925e-15
4115.1 9.7104e-16
4117.9 8.4607e-16
4120.7 8.7146e-16
4123.6 1.2129e-15
4126.4 1.0019e-15
4129.3 1.1711e-15
4132.1 1.1219e-15
4135.0 1.1589e-15
4137.8 1.2210e-15
4140.7 8.1742e-16
4143.5 1.0219e-15
4146.4 8.5116e-16
4149.2 8.9454e-16
4152.1 7.1649e-16
4154.9 9.9475e-16
4157.8 1.0372e-15
4160.6 8.2069e-16
4163.4 1.0504e-15
4166.3 9.4185e-16
4169.1 8.4007e-16
4172.0 8.8702e-16
4174.8 9.0926e-16
4177.7 9.6405e-16
4180.5 8.5233e-16
4183.4 9.2718e-16
4186.2 9.8902e-16
4189.1 9.5624e-16
4191.9 9.2357e-16
4194.8 7.8442e-16
4197.6 8.1820e-16
4200.5 9.4081e-16
4203.3 9.2140e-16
4206.1 8.1994e-16
4209.0 8.2800e-16
4211.8 6.6558e-16
4214.7 9.1500e-16
4217.5 8.8995e-16
4220.4 9.5271e-16
4223.2 7.9392e-16
4226.1 6.8814e-16
4228.9 1.0449e-15
4231.8 7.7174e-16
4234.6 7.3852e-16
4237.5 6.6765e-16
4240.3 7.0888e-16
4243.1 9.5730e-16
4246.0 1.0592e-15
4248.8 7.3248e-16
4251.7 6.1079e-16
4254.5 9.5863e-16
4257.4 9.2027e-16
4260.2 1.1101e-15
4263.1 8.8529e-16
4265.9 7.3214e-16
4268.8 8.8725e-16
4271.6 1.0083e-15
4274.5 9.2084e-16
4277.3 7.4319e-16
4280.2 9.5915e-16
4283.0 1.1019e-15
4285.8 9.4138e-16
4288.7 9.8142e-16
4291.5 9.0376e-16
4294.4 8.3259e-16
4297.2 1.2116e-15
4300.1 1.0283e-15
4302.9 1.1605e-15
4305.8 9.2624e-16
4308.6 9.8124e-16
4311.5 9.2986e-16
4314.3 1.0123e-15
4317.2 1.0330e-15
4320.0 8.7293e-16
4322.9 1.0472e-15
4325.7 9.0433e-16
4328.5 8.1076e-16
4331.4 1.1447e-15
4334.2 1.0427e-15
4337.1 9.8964e-16
4339.9 8.2876e-16
4342.8 1.1411e-15
4345.6 1.0418e-15
4348.5 1.1017e-15
4351.3 1.0849e-15
4354.2 9.9426e-16
4357.0 9.8272e-16
4359.9 8.2006e-16
4362.7 8.8592e-16
4365.5 1.1278e-15
4368.4 1.0613e-15
4371.2 1.1269e-15
4374.1 1.1077e-15
4376.9 1.0237e-15
4379.8 1.1010e-15
4382.6 9.2986e-16
4385.5 9.4638e-16
4388.3 9.7258e-16
4391.2 1.0389e-15
4394.0 1.0734e-15
4396.9 9.2680e-16
4399.7 9.4546e-16
4402.6 9.6393e-16
4405.4 9.1778e-16
4408.2 8.7162e-16
4411.1 9.7514e-16
4413.9 8.0014e-16
4416.8 7.4358e-16
4419.6 7.4451e-16
4422.5 9.2679e-16
4425.3 7.8731e-16
4428.2 7.7517e-16
4431.0 8.2199e-16
4433.9 6.7290e-16
4436.7 7.1600e-16
4439.6 7.2385e-16
4442.4 6.4411e-16
4445.3 7.5205e-16
4448.1 5.2136e-16
4450.9 5.1278e-16
4453.8 5.7179e-16
4456.6 6.3889e-16
4459.5 4.9709e-16
4462.3 5.3023e-16
4465.2 5.6514e-16
4468.0 4.7439e-16
4470.9 5.8911e-16
4473.7 4.0979e-16
4476.6 7.1689e-16
4479.4 6.5297e-16
4482.3 4.2033e-16
4485.1 5.2770e-16
4488.0 6.4850e-16
4490.8 4.5122e-16
4493.6 5.2249e-16
4496.5 5.1698e-16
4499.3 5.4625e-16
4502.2 5.0687e-16
4505.0 6.2718e-16
4507.9 6.3482e-16
4510.7 6.4860e-16
4513.6 7.6923e-16
4516.4 6.5634e-16
4519.3 6.6251e-16
4522.1 5.2308e-16
4525.0 5.8236e-16
4527.8 6.1914e-16
4530.6 6.5931e-16
4533.5 6.2613e-16
4536.3 6.3118e-16
4539.2 6.1801e-16
4542.0 6.9013e-16
4544.9 6.0487e-16
4547.7 6.9353e-16
4550.6 8.3811e-16
4553.4 6.1781e-16
4556.3 6.7733e-16
4559.1 8.5636e-16
4562.0 7.5961e-16
4564.8 8.9656e-16
4567.7 9.1798e-16
4570.5 7.3255e-16
4573.3 6.8335e-16
4576.2 8.0108e-16
4579.0 9.5975e-16
4581.9 8.3602e-16
4584.7 9.3108e-16
4587.6 9.5588e-16
4590.4 7.5463e-16
4593.3 8.4845e-16
4596.1 1.0884e-15
4599.0 1.1191e-15
4601.8 1.1276e-15
4604.7 9.6623e-16
4607.5 8.9604e-16
4610.4 1.1199e-15
4613.2 1.1716e-15
4616.0 1.2658e-15
4618.9 1.2747e-15
4621.7 1.2873e-15
4624.6 1.3234e-15
4627.4 1.3153e-15
4630.3 1.4585e-15
4633.1 1.4513e-15
4636.0 1.3366e-15
4638.8 1.3427e-15
4641.7 1.4590e-15
4644.5 1.4798e-15
4647.4 1.5744e-15
4650.2 1.5352e-15
4653.0 1.4898e-15
4655.9 1.5319e-15
4658.7 1.3970e-15
4661.6 1.4900e-15
4664.4 1.4786e-15
4667.3 1.4929e-15
4670.1 1.4580e-15
4673.0 1.5102e-15
4675.8 1.5195e-15
4678.7 1.4582e-15
4681.5 1.7257e-15
4684.4 1.6259e-15
4687.2 1.3793e-15
4690.1 1.5107e-15
4692.9 1.4686e-15
4695.7 1.4915e-15
4698.6 1.4938e-15
4701.4 1.6202e-15
4704.3 1.3686e-15
4707.1 1.5937e-15
4710.0 1.5207e-15
4712.8 1.4144e-15
4715.7 1.4973e-15
4718.5 1.5424e-15
4721.4 1.3000e-15
4724.2 1.3232e-15
4727.1 1.4520e-15
4729.9 1.3987e-15
4732.8 1.2142e-15
4735.6 1.2216e-15
4738.4 1.2673e-15
4741.3 1.1194e-15
4744.1 1.1306e-15
4747.0 9.3647e-16
4749.8 1.0665e-15
4752.7 9.6844e-16
4755.5 9.2991e-16
4758.4 8.6481e-16
4761.2 9.0742e-16
4764.1 7.3719e-16
4766.9 7.4108e-16
4769.8 7.6366e-16
4772.6 7.4741e-16
4775.4 6.9770e-16
4778.3 6.9577e-16
4781.1 6.7522e-16
4784.0 7.2106e-16
4786.8 7.3975e-16
4789.7 6.7514e-16
4792.5 6.6574e-16
4795.4 7.2157e-16
4798.2 6.3095e-16
4801.1 6.8945e-16
4803.9 7.0842e-16
4806.8 6.7521e-16
4809.6 6.0354e-16
4812.5 5.1663e-16
4815.3 5.4042e-16
4818.1 5.8008e-16
4821.0 6.4994e-16
4823.8 6.3908e-16
4826.7 5.2015e-16
4829.5 6.4430e-16
4832.4 6.5174e-16
4835.2 6.1051e-16
4838.1 6.5463e-16
4840.9 7.7347e-16
4843.8 5.9382e-16
4846.6 6.0617e-16
4849.5 5.7345e-16
4852.3 5.9031e-16
4855.2 6.5896e-16
4858.0 7.5920e-16
4860.8 6.7920e-16
4863.7 7.1097e-16
4866.5 8.0212e-16
4869.4 7.4465e-16
4872.2 7.7345e-16
4875.1 7.8441e-16
4877.9 8.1559e-16
4880.8 7.8174e-16
4883.6 7.8629e-16
4886.5 8.2715e-16
4889.3 8.4742e-16
4892.2 8.2957e-16
4895.0 8.8909e-16
4897.9 8.9895e-16
4900.7 8.2110e-16
4903.5 8.5942e-16
4906.4 7.2330e-16
4909.2 7.8108e-16
4912.1 6.6136e-16
4914.9 7.3213e-16
4917.8 6.3702e-16
4920.6 6.9636e-16
4923.5 7.8377e-16
4926.3 7.5020e-16
4929.2 7.7828e-16
4932.0 7.5355e-16
4934.9 7.3134e-16
4937.7 6.7808e-16
4940.5 8.6294e-16
4943.4 7.6103e-16
4946.2 6.6541e-16
4949.1 7.3809e-16
4951.9 7.7811e-16
4954.8 8.5787e-16
4957.6 6.9257e-16
4960.5 8.3974e-16
4963.3 9.5007e-16
4966.2 9.0093e-16
4969.0 9.3900e-16
4971.9 9.3202e-16
4974.7 1.0633e-15
4977.6 1.1024e-15
4980.4 1.0220e-15
4983.2 1.1336e-15
4986.1 1.1562e-15
4988.9 1.1484e-15
4991.8 1.1409e-15
4994.6 1.2188e-15
4997.5 1.2277e-15
5000.3 1.2143e-15
5003.2 1.2185e-15
5006.0 1.3013e-15
5008.9 1.2114e-15
5011.7 1.1121e-15
5014.6 1.2627e-15
5017.4 1.3256e-15
5020.3 1.1626e-15
5023.1 1.2281e-15
5025.9 1.2957e-15
5028.8 1.1457e-15
5031.6 1.0806e-15
5034.5 9.9749e-16
5037.3 1.0192e-15
5040.2 1.0091e-15
5043.0 1.0024e-15
5045.9 8.4042e-16
5048.7 9.6296e-16
5051.6 8.2631e-16
5054.4 6.6203e-16
5057.3 7.9831e-16
5060.1 7.2226e-16
5062.9 7.6040e-16
5065.8 7.3523e-16
5068.6 6.8645e-16
5071.5 7.6061e-16
5074.3 6.1991e-16
5077.2 6.4788e-16
5080.0 5.6515e-16
5082.9 6.4619e-16
5085.7 6.0779e-16
5088.6 6.4132e-16
5091.4 6.7174e-16
5094.3 5.6846e-16
5097.1 6.1046e-16
5100.0 5.8373e-16
5102.8 5.8047e-16
5105.6 6.3986e-16
5108.5 5.7471e-16
5111.3 6.0836e-16
5114.2 6.0332e-16
5117.0 6.6335e-16
5119.9 6.1781e-16
5122.7 6.2969e-16
5125.6 6.6248e-16
5128.4 6.2031e-16
5131.3 6.2914e-16
5134.1 5.9624e-16
5137.0 6.1617e-16
5139.8 6.4350e-16
5142.7 6.0578e-16
5145.5 6.2684e-16
5148.3 6.3643e-16
5151.2 6.1571e-16
5154.0 7.2296e-16
5156.9 6.0328e-16
5159.7 5.7221e-16
5162.6 6.7014e-16
5165.4 6.7521e-16
5168.3 6.2246e-16
5171.1 6.5642e-16
5174.0 5.8963e-16
5176.8 5.4493e-16
5179.7 6.1063e-16
5182.5 6.2569e-16
5185.4 5.6131e-16
5188.2 5.4607e-16
5191.0 4.8474e-16
5193.9 6.3649e-16
5196.7 6.2114e-16
5199.6 6.2975e-16
5202.4 6.0318e-16
5205.3 5.8344e-16
5208.1 5.4285e-16
5211.0 5.5360e-16
5213.8 5.8445e-16
5216.7 6.5386e-16
5219.5 5.9004e-16
5222.4 6.2004e-16
5225.2 4.9678e-16
5228.0 5.3823e-16
5230.9 6.1627e-16
5233.7 6.7366e-16
5236.6 6.6140e-16
5239.4 6.5789e-16
5242.3 6.9975e-16
5245.1 6.4698e-16
5248.0 6.4518e-16
5250.8 7.3572e-16
5253.7 7.5340e-16
5256.5 6.4045e-16
5259.4 6.9916e-16
5262.2 6.9658e-16
5265.1 6.8384e-16
5267.9 7.1917e-16
5270.7 7.6957e-16
5273.6 8.1034e-16
5276.4 8.2869e-16
5279.3 7.3937e-16
5282.1 7.8151e-16
5285.0 8.0339e-16
5287.8 8.6551e-16
5290.7 9.4017e-16
5293.5 8.8210e-16
5296.4 8.0545e-16
5299.2 8.5541e-16
5302.1 9.3385e-16
5304.9 9.4134e-16
5307.8 9.9566e-16
5310.6 9.9937e-16
5313.4 8.8608e-16
5316.3 9.9107e-16
5319.1 1.0361e-15
5322.0 9.3772e-16
5324.8 9.7944e-16
5327.7 1.0144e-15
5330.5 1.0549e-15
5333.4 9.8092e-16
5336.2 8.8894e-16
5339.1 9.0167e-16
5341.9 1.0250e-15
5344.8 9.9882e-16
5347.6 1.0009e-15
5350.4 9.7733e-16
5353.3 1.0638e-15
5356.1 1.1222e-15
5359.0 1.1320e-15
5361.8 1.0811e-15
5364.7 1.0744e-15
5367.5 1.1543e-15
5370.4 1.0857e-15
5373.2 1.0899e-15
5376.1 1.1627e-15
5378.9 1.1054e-15
5381.8 1.0555e-15
5384.6 1.1146e-15
5387.5 1.1039e-15
5390.3 1.0990e-15
5393.1 1.1208e-15
5396.0 1.0149e-15
5398.8 1.0725e-15
5401.7 1.1844e-15
5404.5 1.0503e-15
5407.4 1.1326e-15
5410.2 1.1064e-15
5413.1 1.0556e-15
5415.9 1.0488e-15
5418.8 1.1188e-15
5421.6 1.1141e-15
5424.5 1.0303e-15
5427.3 1.1156e-15
5430.2 1.0858e-15
5433.0 1.0999e-15
5435.8 1.1103e-15
5438.7 1.1413e-15
5441.5 1.1672e-15
5444.4 1.1187e-15
5447.2 1.1469e-15
5450.1 1.1399e-15
5452.9 1.1263e-15
5455.8 1.1193e-15
5458.6 1.1359e-15
5461.5 1.0634e-15
5464.3 1.1024e-15
5467.2 1.1412e-15
5470.0 1.0819e-15
5472.8 1.1029e-15
5475.7 1.0243e-15
5478.5 1.1137e-15
5481.4 1.0614e-15
5484.2 1.1610e-15
5487.1 1.1806e-15
5489.9 1.0741e-15
5492.8 1.1394e-15
5495.6 1.1928e-15
5498.5 1.2864e-15
5501.3 1.2348e-15
5504.2 1.1972e-15
5507.0 1.2530e-15
5509.9 1.3202e-15
5512.7 1.3681e-15
5515.5 1.2602e-15
5518.4 1.3948e-15
5521.2 1.3964e-15
5524.1 1.4151e-15
5526.9 1.4095e-15
5529.8 1.3948e-15
5532.6 1.4122e-15
5535.5 1.4686e-15
5538.3 1.4713e-15
5541.2 1.4088e-15
5544.0 1.4933e-15
5546.9 1.5537e-15
5549.7 1.4823e-15
5552.6 1.4478e-15
5555.4 1.5606e-15
5558.2 1.5515e-15
5561.1 1.5430e-15
5563.9 1.4365e-15
5566.8 1.5088e-15
5569.6 1.5004e-15
5572.5 1.5553e-15
5575.3 1.5002e-15
5578.2 1.5438e-15
5581.0 1.4419e-15
5583.9 1.4215e-15
5586.7 1.4324e-15
5589.6 1.4293e-15
5592.4 1.3980e-15
5595.3 1.3822e-15
5598.1 1.3441e-15
5600.9 1.4033e-15
5603.8 1.4433e-15
5606.6 1.3306e-15
5609.5 1.3158e-15
5612.3 1.3160e-15
5615.2 1.2809e-15
5618.0 1.2714e-15
5620.9 1.2652e-15
5623.7 1.3204e-15
5626.6 1.2948e-15
5629.4 1.1854e-15
5632.3 1.2172e-15
5635.1 1.2235e-15
5637.9 1.1489e-15
5640.8 1.1854e-15
5643.6 1.1465e-15
5646.5 1.1456e-15
5649.3 1.1140e-15
5652.2 1.1014e-15
5655.0 1.1471e-15
5657.9 1.0701e-15
5660.7 9.8157e-16
5663.6 1.0430e-15
5666.4 1.0212e-15
5669.3 1.0600e-15
5672.1 9.9278e-16
5675.0 1.0069e-15
5677.8 1.0339e-15
5680.6 9.7755e-16
5683.5 8.9413e-16
5686.3 9.7236e-16
5689.2 8.4014e-16
5692.0 8.8145e-16
5694.9 8.5559e-16
5697.7 8.0376e-16
5700.6 7.7829e-16
5703.4 8.0045e-16
5706.3 7.7965e-16
5709.1 7.7886e-16
5712.0 7.1626e-16
5714.8 7.4652e-16
5717.7 7.5590e-16
5720.5 7.2732e-16
5723.3 6.3564e-16
5726.2 6.0256e-16
5729.0 6.7129e-16
5731.9 5.8233e-16
5734.7 5.8379e-16
5737.6 6.4765e-16
5740.4 5.3507e-16
5743.3 5.7319e-16
5746.1 5.7808e-16
5749.0 5.9680e-16
5751.8 5.7541e-16
5754.7 4.9152e-16
5757.5 4.8809e-16
5760.3 4.4881e-16
5763.2 5.4223e-16
5766.0 4.6162e-16
5768.9 4.8219e-16
5771.7 5.2458e-16
5774.6 5.5828e-16
5777.4 5.1010e-16
5780.3 5.4766e-16
5783.1 5.8171e-16
5786.0 5.4397e-16
5788.8 5.8481e-16
5791.7 5.0245e-16
5794.5 5.5923e-16
5797.4 6.1370e-16
5800.2 6.4421e-16
5803.0 6.2318e-16
5805.9 6.7335e-16
5808.7 7.2272e-16
5811.6 7.2048e-16
5814.4 7.5704e-16
5817.3 8.5952e-16
5820.1 8.8332e-16
5823.0 8.4028e-16
5825.8 8.4685e-16
5828.7 8.5364e-16
5831.5 9.4743e-16
5834.4 9.5714e-16
5837.2 9.5454e-16
5840.1 1.0697e-15
5842.9 1.0656e-15
5845.7 1.0759e-15
5848.6 1.1756e-15
5851.4 1.1248e-15
5854.3 1.1245e-15
5857.1 1.1711e-15
5860.0 1.1900e-15
5862.8 1.2517e-15
5865.7 1.2186e-15
5868.5 1.2462e-15
5871.4 1.2866e-15
5874.2 1.1979e-15
5877.1 1.2681e-15
5879.9 1.2460e-15
5882.8 1.2671e-15
5885.6 1.2780e-15
5888.4 1.2545e-15
5891.3 1.1902e-15
5894.1 1.2394e-15
5897.0 1.2729e-15
5899.8 1.2050e-15
5902.7 1.1733e-15
5905.5 1.1861e-15
5908.4 1.2339e-15
5911.2 1.2559e-15
5914.1 1.2099e-15
5916.9 1.2330e-15
5919.8 1.2117e-15
5922.6 1.1310e-15
5925.4 1.1948e-15
5928.3 1.1754e-15
5931.1 1.0861e-15
5934.0 1.1304e-15
5936.8 1.0732e-15
5939.7 1.0212e-15
5942.5 1.0254e-15
5945.4 1.0413e-15
5948.2 1.0761e-15
5951.1 1.0448e-15
5953.9 1.0534e-15
5956.8 1.0556e-15
5959.6 1.0322e-15
5962.5 1.0085e-15
5965.3 9.5349e-16
5968.1 9.6642e-16
5971.0 9.9665e-16
5973.8 9.7591e-16
5976.7 9.2664e-16
5979.5 9.7084e-16
5982.4 9.5195e-16
5985.2 9.9430e-16
5988.1 9.9343e-16
5990.9 9.1937e-16
5993.8 9.5351e-16
5996.6 8.9692e-16
5999.5 8.8898e-16
6002.3 8.9829e-16
6005.2 8.9242e-16
6008.0 9.8127e-16
6010.8 8.5641e-16
6013.7 8.5922e-16
6016.5 8.6845e-16
6019.4 7.7497e-16
6022.2 9.1947e-16
6025.1 8.4428e-16
6027.9 8.3160e-16
6030.8 8.1378e-16
6033.6 7.8908e-16
6036.5 7.3698e-16
6039.3 8.0051e-16
6042.2 7.4402e-16
6045.0 7.2109e-16
6047.8 6.2506e-16
6050.7 6.1948e-16
6053.5 7.1342e-16
6056.4 7.0668e-16
6059.2 6.2126e-16
6062.1 6.0683e-16
6064.9 6.6219e-16
6067.8 5.4829e-16
6070.6 6.0029e-16
6073.5 5.7366e-16
6076.3 6.2052e-16
6079.2 5.9077e-16
6082.0 5.8828e-16
6084.9 6.3752e-16
6087.7 5.2911e-16
6090.5 6.0022e-16
6093.4 5.5766e-16
6096.2 6.2682e-16
6099.1 6.0770e-16
6101.9 6.2299e-16
6104.8 6.7135e-16
6107.6 6.6413e-16
6110.5 6.5021e-16
6113.3 6.3103e-16
6116.2 6.1919e-16
6119.0 6.3444e-16
6121.9 6.6100e-16
6124.7 6.5071e-16
6127.6 6.5211e-16
6130.4 6.8544e-16
6133.2 6.2554e-16
6136.1 6.8144e-16
6138.9 5.8699e-16
6141.8 6.1706e-16
6144.6 6.7200e-16
6147.5 6.6078e-16
6150.3 6.2433e-16
6153.2 6.5504e-16
6156.0 6.2752e-16
6158.9 6.1758e-16
6161.7 5.8484e-16
6164.6 5.9167e-16
6167.4 6.5193e-16
6170.2 6.4004e-16
6173.1 5.8474e-16
6175.9 6.5143e-16
6178.8 6.7225e-16
6181.6 5.9564e-16
6184.5 6.3821e-16
6187.3 6.3086e-16
6190.2 6.5685e-16
6193.0 6.6122e-16
6195.9 6.8832e-16
6198.7 6.3904e-16
6201.6 5.7325e-16
6204.4 6.3464e-16
6207.3 6.8682e-16
6210.1 6.8277e-16
6212.9 7.0627e-16
6215.8 6.2731e-16
6218.6 6.1958e-16
6221.5 7.0864e-16
6224.3 6.3670e-16
6227.2 6.1552e-16
6230.0 6.4350e-16
6232.9 6.4179e-16
6235.7 5.9284e-16
6238.6 6.0834e-16
6241.4 6.1089e-16
6244.3 5.9448e-16
6247.1 5.7406e-16
6250.0 6.1933e-16
6252.8 6.0073e-16
6255.6 5.8704e-16
6258.5 5.7156e-16
6261.3 6.4230e-16
6264.2 6.3503e-16
6267.0 6.0620e-16
6269.9 6.6125e-16
6272.7 6.7378e-16
6275.6 6.6299e-16
6278.4 6.5326e-16
6281.3 6.9527e-16
6284.1 7.3960e-16
6287.0 7.8457e-16
6289.8 7.3227e-16
6292.7 6.5550e-16
6295.5 7.1343e-16
6298.3 7.3095e-16
6301.2 6.9096e-16
6304.0 6.9427e-16
6306.9 7.1084e-16
6309.7 6.9372e-16
6312.6 6.7832e-16
6315.4 6.5473e-16
6318.3 6.7481e-16
6321.1 6.3194e-16
6324.0 6.3065e-16
6326.8 6.5418e-16
6329.7 6.8920e-16
6332.5 5.9238e-16
6335.3 6.0681e-16
6338.2 5.7346e-16
6341.0 6.1804e-16
6343.9 6.2042e-16
6346.7 5.1053e-16
6349.6 5.8736e-16
6352.4 5.7986e-16
6355.3 5.1589e-16
6358.1 4.9220e-16
6361.0 5.8368e-16
6363.8 5.3916e-16
6366.7 5.0114e-16
6369.5 5.0960e-16
6372.4 5.2562e-16
6375.2 5.8781e-16
6378.0 5.0425e-16
6380.9 5.0594e-16
6383.7 5.5232e-16
6386.6 4.8077e-16
6389.4 4.9214e-16
6392.3 5.2052e-16
6395.1 5.8482e-16
6398.0 5.4268e-16
6400.8 5.6211e-16
6403.7 5.8723e-16
6406.5 5.9955e-16
6409.4 6.1909e-16
6412.2 5.7362e-16
6415.1 6.1265e-16
6417.9 6.0465e-16
6420.7 5.8385e-16
6423.6 5.9789e-16
6426.4 6.2596e-16
6429.3 6.4150e-16
6432.1 6.0391e-16
6435.0 6.0653e-16
6437.8 6.1342e-16
6440.7 6.5559e-16
6443.5 6.4447e-16
6446.4 6.3085e-16
6449.2 7.0616e-16
6452.1 6.5592e-16
6454.9 6.7130e-16
6457.7 6.7378e-16
6460.6 6.5980e-16
6463.4 7.4095e-16
6466.3 7.2893e-16
6469.1 7.5531e-16
6472.0 7.7447e-16
6474.8 7.5938e-16
6477.7 7.6266e-16
6480.5 7.3257e-16
6483.4 7.6294e-16
6486.2 8.2112e-16
6489.1 8.1112e-16
6491.9 8.2582e-16
6494.8 7.8893e-16
6497.6 8.3216e-16
6500.4 8.3793e-16
6503.3 8.8350e-16
6506.1 8.9442e-16
6509.0 9.1228e-16
6511.8 8.7898e-16
6514.7 9.3091e-16
6517.5 8.8625e-16
6520.4 9.6202e-16
6523.2 9.1311e-16
6526.1 8.9270e-16
6528.9 9.4607e-16
6531.8 9.9952e-16
6534.6 9.3371e-16
6537.5 1.0045e-15
6540.3 9.8083e-16
6543.1 9.9070e-16
6546.0 9.4239e-16
6548.8 9.2807e-16
6551.7 9.4753e-16
6554.5 9.6344e-16
6557.4 9.9857e-16
6560.2 9.3509e-16
6563.1 9.4008e-16
6565.9 9.5409e-16
6568.8 1.0202e-15
6571.6 9.4928e-16
6574.5 9.6089e-16
6577.3 9.7698e-16
6580.2 9.4460e-16
6583.0 9.2538e-16
6585.8 9.3166e-16
6588.7 9.2989e-16
6591.5 9.1780e-16
6594.4 9.1932e-16
6597.2 8.8740e-16
6600.1 8.8212e-16
6602.9 8.9471e-16
6605.8 8.9127e-16
6608.6 8.6921e-16
6611.5 8.2292e-16
6614.3 8.1546e-16
6617.2 8.2346e-16
6620.0 8.0263e-16
6622.8 8.2646e-16
6625.7 7.6677e-16
6628.5 8.1352e-16
6631.4 7.7638e-16
6634.2 7.6665e-16
6637.1 7.5660e-16
6639.9 7.4731e-16
6642.8 7.0827e-16
6645.6 7.1965e-16
6648.5 7.6160e-16
6651.3 7.3782e-16
6654.2 6.4989e-16
6657.0 6.5494e-16
6659.9 6.7352e-16
6662.7 6.8109e-16
6665.5 6.4336e-16
6668.4 6.7187e-16
6671.2 6.5736e-16
6674.1 6.1807e-16
6676.9 5.8539e-16
6679.8 5.9032e-16
6682.6 6.1908e-16
6685.5 5.6465e-16
6688.3 5.5659e-16
6691.2 5.6204e-16
6694.0 5.9743e-16
6696.9 5.7205e-16
6699.7 4.5163e-16
6702.6 4.9516e-16
6705.4 4.7764e-16
6708.2 4.4297e-16
6711.1 5.1666e-16
6713.9 4.8328e-16
6716.8 4.3530e-16
6719.6 4.1162e-16
6722.5 4.1309e-16
6725.3 4.0335e-16
6728.2 3.8633e-16
6731.0 3.9515e-16
6733.9 3.9405e-16
6736.7 4.0296e-16
6739.6 4.2004e-16
6742.4 3.9106e-16
6745.2 3.4271e-16
6748.1 3.9237e-16
6750.9 3.4886e-16
6753.8 3.3861e-16
6756.6 3.5665e-16
6759.5 3.6437e-16
6762.3 3.2880e-16
6765.2 2.9962e-16
6768.0 3.2497e-16
6770.9 3.3714e-16
6773.7 3.5648e-16
6776.6 3.3738e-16
6779.4 2.8050e-16
6782.3 3.1498e-16
6785.1 3.3377e-16
6787.9 3.4292e-16
6790.8 3.0433e-16
6793.6 2.5771e-16
6796.5 2.5436e-16
6799.3 2.6828e-16
6802.2 3.2142e-16
6805.0 2.8464e-16
6807.9 3.1556e-16
6810.7 3.2932e-16
6813.6 2.9895e-16
6816.4 3.2725e-16
6819.3 2.7702e-16
6822.1 3.0210e-16
6825.0 3.1914e-16
6827.8 3.0561e-16
6830.6 3.3751e-16
6833.5 2.9722e-16
6836.3 3.0769e-16
6839.2 2.3010e-16
6842.0 2.9133e-16
6844.9 2.8909e-16
6847.7 3.1770e-16
6850.6 3.0134e-16
6853.4 2.8690e-16
6856.3 2.5921e-16
6859.1 2.8797e-16
6862.0 2.8900e-16
6864.8 2.9755e-16
6867.6 2.7104e-16
6870.5 2.5993e-16
6873.3 2.7752e-16
6876.2 2.7344e-16
6879.0 2.9925e-16
6881.9 2.9372e-16
6884.7 2.8835e-16
6887.6 2.8327e-16
6890.4 2.5166e-16
6893.3 2.6826e-16
6896.1 2.4279e-16
6899.0 2.5897e-16
6901.8 2.5931e-16
6904.7 2.8758e-16
6907.5 2.6710e-16
6910.3 2.5829e-16
6913.2 2.7899e-16
6916.0 2.6235e-16
6918.9 2.8823e-16
6921.7 2.8476e-16
6924.6 2.8238e-16
6927.4 2.9260e-16
6930.3 2.6803e-16
6933.1 2.5354e-16
6936.0 2.9146e-16
6938.8 2.6850e-16
6941.7 2.7818e-16
6944.5 2.9615e-16
6947.4 2.8220e-16
6950.2 3.1892e-16
6953.0 2.8034e-16
6955.9 2.4044e-16
6958.7 3.2354e-16
6961.6 3.1056e-16
6964.4 3.0683e-16
6967.3 2.9766e-16
6970.1 2.6208e-16
6973.0 2.7264e-16
6975.8 2.9443e-16
6978.7 3.3349e-16
6981.5 2.9863e-16
6984.4 2.3956e-16
6987.2 2.9689e-16
6990.1 3.3278e-16
6992.9 2.5396e-16
6995.7 2.9488e-16
6998.6 3.5125e-16
7001.4 3.2262e-16
7004.3 2.8252e-16
7007.1 3.0713e-16
7010.0 3.2366e-16
7012.8 3.2735e-16
7015.7 3.5141e-16
7018.5 2.8383e-16
7021.4 2.6721e-16
7024.2 3.3581e-16
7027.1 3.5172e-16
7029.9 3.6391e-16
7032.7 3.4295e-16
7035.6 3.2337e-16
7038.4 3.2020e-16
7041.3 2.8820e-16
7044.1 2.9455e-16
7047.0 3.1559e-16
7049.8 3.1568e-16
7052.7 3.6131e-16
7055.5 3.0707e-16
7058.4 3.6229e-16
7061.2 2.9642e-16
7064.1 3.2067e-16
7066.9 2.9256e-16
7069.8 3.4894e-16
7072.6 3.1451e-16
7075.4 2.8252e-16
7078.3 3.2294e-16
7081.1 2.9624e-16
7084.0 3.2345e-16
7086.8 3.1914e-16
7089.7 3.2020e-16
7092.5 3.1599e-16
7095.4 3.1024e-16
7098.2 3.1912e-16
7101.1 2.6866e-16
7103.9 3.0143e-16
7106.8 3.2398e-16
7109.6 2.8189e-16
7112.5 3.2469e-16
7115.3 2.9046e-16
7118.1 2.8166e-16
7121.0 3.1572e-16
7123.8 2.8761e-16
7126.7 2.9788e-16
7129.5 3.7141e-16
7132.4 3.0431e-16
7135.2 2.9341e-16
7138.1 3.4044e-16
7140.9 3.1376e-16
7143.8 3.1614e-16
7146.6 3.3523e-16
7149.5 3.3871e-16
7152.3 3.4462e-16
7155.1 3.4358e-16
7158.0 3.5696e-16
7160.8 3.5444e-16
7163.7 3.3471e-16
7166.5 3.7149e-16
7169.4 3.6988e-16
7172.2 3.5386e-16
7175.1 3.9749e-16
7177.9 3.7253e-16
7180.8 3.6221e-16
7183.6 4.0359e-16
7186.5 3.9301e-16
7189.3 3.7392e-16
7192.2 3.6410e-16
7195.0 3.8313e-16
7197.8 4.1616e-16
7200.7 3.7648e-16
7203.5 3.5425e-16
7206.4 4.0249e-16
7209.2 3.7549e-16
7212.1 3.6724e-16
7214.9 3.7934e-16
7217.8 3.7600e-16
7220.6 3.6876e-16
7223.5 3.9729e-16
7226.3 4.1883e-16
7229.2 3.9588e-16
7232.0 3.9692e-16
7234.9 3.8721e-16
7237.7 3.6469e-16
7240.5 4.2170e-16
7243.4 4.2602e-16
7246.2 4.5286e-16
7249.1 4.4595e-16
7251.9 3.7975e-16
7254.8 4.1278e-16
7257.6 3.8779e-16
7260.5 3.8399e-16
7263.3 4.1220e-16
7266.2 4.1117e-16
7269.0 4.3302e-16
7271.9 4.7551e-16
7274.7 4.8011e-16
7277.6 4.7828e-16
7280.4 4.6709e-16
7283.2 4.5315e-16
7286.1 5.3205e-16
7288.9 5.4453e-16
7291.8 4.7801e-16
7294.6 4.5888e-16
7297.5 4.5698e-16
7300.3 4.7775e-16
7303.2 4.8562e-16
7306.0 4.6465e-16
7308.9 5.0981e-16
7311.7 4.7541e-16
7314.6 4.6299e-16
7317.4 5.1218e-16
7320.2 5.1079e-16
7323.1 5.2040e-16
7325.9 5.5543e-16
7328.8 5.3891e-16
7331.6 5.4090e-16
7334.5 5.3582e-16
7337.3 4.6393e-16
7340.2 4.9511e-16
7343.0 5.0579e-16
7345.9 4.5342e-16
7348.7 4.9767e-16
7351.6 4.9832e-16
7354.4 4.5266e-16
7357.3 4.7924e-16
7360.1 4.7612e-16
7362.9 4.6391e-16
7365.8 4.6116e-16
7368.6 4.7046e-16
7371.5 4.4233e-16
7374.3 4.0438e-16
7377.2 4.1888e-16
7380.0 3.9281e-16
7382.9 3.5261e-16
7385.7 4.0524e-16
7388.6 4.3749e-16
7391.4 4.0288e-16
7394.3 4.1288e-16
7397.1 4.0655e-16
7400.0 4.0285e-16
7402.8 3.9571e-16
7405.6 3.8959e-16
7408.5 4.1750e-16
7411.3 4.4597e-16
7414.2 3.7156e-16
7417.0 4.2166e-16
7419.9 4.6028e-16
7422.7 4.3664e-16
7425.6 4.3401e-16
7428.4 4.3019e-16
7431.3 4.0321e-16
7434.1 3.9800e-16
7437.0 4.3432e-16
7439.8 4.4159e-16
7442.6 4.5124e-16
7445.5 4.6742e-16
7448.3 4.6923e-16
7451.2 4.5676e-16
7454.0 4.6880e-16
7456.9 4.4673e-16
7459.7 4.4607e-16
7462.6 4.7681e-16
7465.4 4.2634e-16
7468.3 4.8621e-16
7471.1 5.1529e-16
7474.0 4.8461e-16
7476.8 4.6565e-16
7479.7 4.5990e-16
7482.5 5.1166e-16
7485.3 5.1438e-16
7488.2 5.0606e-16
7491.0 5.3784e-16
7493.9 5.0476e-16
7496.7 5.1819e-16
7499.6 5.3917e-16
7502.4 5.2741e-16
7505.3 5.5024e-16
7508.1 5.6024e-16
7511.0 5.7275e-16
7513.8 5.5573e-16
7516.7 5.3433e-16
7519.5 5.3300e-16
7522.4 5.0224e-16
7525.2 5.5010e-16
7528.0 5.6281e-16
7530.9 5.3138e-16
7533.7 5.1698e-16
7536.6 4.8237e-16
7539.4 5.0446e-16
7542.3 5.2106e-16
7545.1 5.0148e-16
7548.0 5.0091e-16
7550.8 4.6255e-16
7553.7 5.0338e-16
7556.5 5.4965e-16
7559.4 4.3548e-16
7562.2 4.7770e-16
7565.0 4.8319e-16
7567.9 4.4325e-16
7570.7 4.3852e-16
7573.6 4.1759e-16
7576.4 4.3592e-16
7579.3 4.4115e-16
7582.1 3.9996e-16
7585.0 4.1654e-16
7587.8 3.8294e-16
7590.7 3.5418e-16
7593.5 4.0157e-16
7596.4 3.6494e-16
7599.2 3.2098e-16
7602.1 3.4867e-16
7604.9 2.5095e-16
7607.7 3.4169e-16
7610.6 3.5133e-16
7613.4 3.1210e-16
7616.3 3.0680e-16
7619.1 2.8952e-16
7622.0 2.9025e-16
7624.8 3.1941e-16
7627.7 3.2743e-16
7630.5 3.4694e-16
7633.4 3.1319e-16
7636.2 3.1806e-16
7639.1 3.0543e-16
7641.9 3.0715e-16
7644.8 3.5511e-16
7647.6 3.1695e-16
7650.4 3.4434e-16
7653.3 3.3623e-16
7656.1 3.4628e-16
7659.0 3.1518e-16
7661.8 3.3287e-16
7664.7 3.5406e-16
7667.5 3.7297e-16
7670.4 3.8542e-16
7673.2 3.7698e-16
7676.1 3.8313e-16
7678.9 3.8597e-16
7681.8 3.7013e-16
7684.6 3.5527e-16
7687.5 4.0694e-16
7690.3 4.6229e-16
7693.1 4.0128e-16
7696.0 4.3263e-16
7698.8 4.7003e-16
7701.7 4.3772e-16
7704.5 4.3207e-16
7707.4 4.2016e-16
7710.2 4.2628e-16
7713.1 4.8863e-16
7715.9 4.9486e-16
7718.8 4.8084e-16
7721.6 4.5977e-16
7724.5 4.7195e-16
7727.3 4.5545e-16
7730.1 4.7521e-16
7733.0 4.7415e-16
7735.8 4.8032e-16
7738.7 4.9276e-16
7741.5 4.7369e-16
7744.4 4.6882e-16
7747.2 4.6634e-16
7750.1 4.8867e-16
7752.9 4.8395e-16
7755.8 4.6107e-16
7758.6 4.6887e-16
7761.5 4.6902e-16
7764.3 4.9591e-16
7767.2 4.7240e-16
7770.0 4.9740e-16
7772.8 4.8839e-16
7775.7 5.0142e-16
7778.5 4.6180e-16
7781.4 4.5944e-16
7784.2 4.9411e-16
7787.1 4.8708e-16
7789.9 4.7831e-16
7792.8 4.9445e-16
7795.6 5.0014e-16
7798.5 4.3493e-16
7801.3 4.8858e-16
7804.2 4.7666e-16
7807.0 4.6223e-16
7809.9 4.6968e-16
7812.7 4.7150e-16
7815.5 4.2145e-16
7818.4 4.6460e-16
7821.2 4.7045e-16
7824.1 4.3224e-16
7826.9 4.4499e-16
7829.8 4.4926e-16
7832.6 4.4502e-16
7835.5 4.3959e-16
7838.3 4.2963e-16
7841.2 4.4035e-16
7844.0 3.8596e-16
7846.9 4.2707e-16
7849.7 4.2901e-16
7852.5 4.3113e-16
7855.4 4.4452e-16
7858.2 4.1787e-16
7861.1 4.1731e-16
7863.9 4.0725e-16
7866.8 3.9554e-16
7869.6 4.1900e-16
7872.5 4.3271e-16
7875.3 4.2304e-16
7878.2 3.8862e-16
7881.0 3.5316e-16
7883.9 3.6051e-16
7886.7 3.5762e-16
7889.6 3.5592e-16
7892.4 3.4376e-16
7895.2 3.5228e-16
7898.1 3.0271e-16
7900.9 3.1073e-16
7903.8 3.4463e-16
7906.6 3.4747e-16
7909.5 3.2931e-16
7912.3 2.9737e-16
7915.2 3.1767e-16
7918.0 3.0786e-16
7920.9 2.9951e-16
7923.7 3.1381e-16
7926.6 3.2853e-16
7929.4 3.1386e-16
7932.3 2.7617e-16
7935.1 2.9977e-16
7937.9 2.9609e-16
7940.8 2.8669e-16
7943.6 2.5677e-16
7946.5 2.3349e-16
7949.3 2.2856e-16
7952.2 2.4009e-16
7955.0 2.7985e-16
7957.9 2.6177e-16
7960.7 2.5206e-16
7963.6 2.1624e-16
7966.4 2.1089e-16
7969.3 1.9934e-16
7972.1 2.3800e-16
7975.0 2.4573e-16
7977.8 2.1778e-16
7980.6 2.3850e-16
7983.5 2.0334e-16
7986.3 1.7611e-16
7989.2 2.0065e-16
7992.0 2.3584e-16
7994.9 2.4728e-16
7997.7 2.0630e-16
8000.6 2.0648e-16
8003.4 1.9749e-16
8006.3 2.0992e-16
8009.1 2.0861e-16
8012.0 1.6652e-16
8014.8 1.7402e-16
8017.6 2.0557e-16
8020.5 2.1870e-16
8023.3 2.1873e-16
8026.2 2.4414e-16
8029.0 2.3875e-16
8031.9 1.9547e-16
8034.7 1.8523e-16
8037.6 1.9009e-16
8040.4 1.7751e-16
8043.3 2.0547e-16
8046.1 2.1865e-16
8049.0 1.9320e-16
8051.8 1.9841e-16
8054.7 1.9481e-16
8057.5 2.4333e-16
8060.3 2.0510e-16
8063.2 1.8221e-16
8066.0 2.2236e-16
8068.9 2.0724e-16
8071.7 2.0753e-16
8074.6 2.0863e-16
8077.4 1.8064e-16
8080.3 1.8734e-16
8083.1 2.0706e-16
8086.0 2.1824e-16
8088.8 1.8403e-16
8091.7 1.8425e-16
8094.5 1.9518e-16
8097.4 1.9299e-16
8100.2 1.6588e-16
8103.0 1.8807e-16
8105.9 1.9861e-16
8108.7 1.8807e-16
8111.6 1.8615e-16
8114.4 2.1230e-16
8117.3 2.3661e-16
8120.1 1.8590e-16
8123.0 1.8153e-16
8125.8 1.8555e-16
8128.7 2.2954e-16
8131.5 2.0070e-16
8134.4 1.7778e-16
8137.2 1.8244e-16
8140.0 1.8195e-16
8142.9 2.1629e-16
8145.7 2.2957e-16
8148.6 1.8290e-16
8151.4 1.9770e-16
8154.3 1.8756e-16
8157.1 1.9322e-16
8160.0 1.9177e-16
8162.8 2.1383e-16
8165.7 1.7155e-16
8168.5 1.6976e-16
8171.4 1.9086e-16
8174.2 1.8049e-16
8177.1 1.8555e-16
8179.9 2.0302e-16
8182.7 2.0668e-16
8185.6 1.3700e-16
8188.4 1.9991e-16
8191.3 1.7940e-16
8194.1 1.6841e-16
8197.0 1.7597e-16
8199.8 1.7771e-16
8202.7 1.6992e-16
8205.5 1.5155e-16
8208.4 1.6495e-16
8211.2 1.7296e-16
8214.1 1.7788e-16
8216.9 1.5311e-16
8219.8 1.6333e-16
8222.6 1.8368e-16
8225.4 1.6986e-16
8228.3 1.7252e-16
8231.1 1.5150e-16
8234.0 1.3440e-16
8236.8 1.3973e-16
8239.7 1.5241e-16
8242.5 1.4335e-16
8245.4 1.4831e-16
8248.2 1.4262e-16
8251.1 1.3867e-16
8253.9 1.4328e-16
8256.8 1.2983e-16
8259.6 1.2396e-16
8262.4 1.0822e-16
8265.3 1.0463e-16
8268.1 1.1571e-16
8271.0 1.2683e-16
8273.8 1.0592e-16
8276.7 6.0117e-17
8279.5 9.1582e-17
8282.4 8.1068e-17
8285.2 1.0296e-16
8288.1 1.0084e-16
8290.9 9.8186e-17
8293.8 6.6804e-17
8296.6 4.3308e-17
8299.5 5.2490e-17
8302.3 6.1178e-17
8305.1 7.8981e-17
8308.0 7.1702e-17
8310.8 5.5730e-17
8313.7 4.8346e-17
8316.5 5.8199e-17
8319.4 2.8019e-17
8322.2 1.9528e-17
8325.1 4.5001e-17
8327.9 7.3748e-17
8330.8 5.3776e-17
8333.6 4.6424e-17
8336.5 2.9970e-17
8339.3 5.4515e-17
8342.2 2.7689e-17
8345.0 5.8309e-17
8347.8 4.4265e-17
8350.7 4.8595e-17
8353.5 5.4254e-17
8356.4 2.7387e-17
8359.2 2.7197e-17
8362.1 5.8867e-17
8364.9 4.8771e-17
8367.8 7.6765e-17
8370.6 3.9403e-17
8373.5 4.9040e-17
8376.3 5.2428e-17
8379.2 2.7115e-17
8382.0 3.3809e-17
8384.9 6.6764e-17
8387.7 7.1911e-17
8390.5 4.9241e-17
8393.4 6.8853e-17
8396.2 7.4390e-17
8399.1 6.7483e-17
8401.9 6.0347e-17
8404.8 9.2332e-17
8407.6 7.9914e-17
8410.5 6.9272e-17
8413.3 9.6114e-17
8416.2 9.1532e-17
8419.0 7.9563e-17
8421.9 1.0070e-16
8424.7 1.0591e-16
8427.5 8.3210e-17
8430.4 9.1303e-17
8433.2 9.2332e-17
8436.1 8.6085e-17
8438.9 8.7807e-17
8441.8 7.9187e-17
8444.6 9.3697e-17
8447.5 1.0964e-16
8450.3 9.8174e-17
8453.2 9.0697e-17
8456.0 5.8125e-17
8458.9 6.9198e-17
8461.7 1.0789e-16
8464.6 1.0685e-16
8467.4 9.7738e-17
8470.2 9.0785e-17
8473.1 8.4036e-17
8475.9 9.4997e-17
8478.8 9.4326e-17
8481.6 9.3954e-17
8484.5 1.1617e-16
8487.3 1.0778e-16
8490.2 8.4359e-17
8493.0 9.5150e-17
8495.9 1.1190e-16
8498.7 9.9189e-17
8501.6 1.0789e-16
8504.4 1.1839e-16
8507.3 8.5852e-17
8510.1 1.0336e-16
8512.9 1.1496e-16
8515.8 1.0638e-16
8518.6 1.1753e-16
8521.5 1.1795e-16
8524.3 1.2444e-16
8527.2 1.1728e-16
8530.0 7.5524e-17
8532.9 1.1752e-16
8535.7 1.2820e-16
8538.6 1.3179e-16
8541.4 1.3047e-16
8544.3 1.3652e-16
8547.1 1.6413e-16
8549.9 1.8375e-16
8552.8 1.7871e-16
8555.6 1.8620e-16
8558.5 2.0423e-16
8561.3 2.1622e-16
8564.2 2.1267e-16
8567.0 2.0447e-16
8569.9 2.2238e-16
8572.7 2.1907e-16
8575.6 2.4366e-16
8578.4 2.1733e-16
8581.3 2.1750e-16
8584.1 2.3255e-16
8587.0 2.3835e-16
8589.8 2.3188e-16
8592.6 2.4074e-16
8595.5 2.4178e-16
8598.3 2.4256e-16
8601.2 2.0676e-16
8604.0 2.7581e-16
8606.9 2.7234e-16
8609.7 2.5347e-16
8612.6 2.4544e-16
8615.4 2.3165e-16
8618.3 2.4679e-16
8621.1 2.5577e-16
8624.0 2.1600e-16
8626.8 2.6272e-16
8629.7 2.4696e-16
8632.5 2.1323e-16
8635.3 2.0894e-16
8638.2 2.4542e-16
8641.0 2.3936e-16
8643.9 2.1677e-16
8646.7 2.0705e-16
8649.6 2.3511e-16
8652.4 2.3611e-16
8655.3 2.1102e-16
8658.1 2.2698e-16
8661.0 2.7889e-16
8663.8 2.4954e-16
8666.7 2.1574e-16
8669.5 2.5168e-16
8672.4 2.1134e-16
8675.2 1.9827e-16
8678.0 2.1426e-16
8680.9 2.2403e-16
8683.7 2.1770e-16
8686.6 2.3509e-16
8689.4 2.5310e-16
8692.3 2.1697e-16
8695.1 1.8828e-16
8698.0 1.8469e-16
8700.8 2.0946e-16
8703.7 2.1560e-16
8706.5 2.1886e-16
8709.4 2.2678e-16
8712.2 2.2935e-16
8715.0 2.0389e-16
8717.9 2.0993e-16
8720.7 2.4140e-16
8723.6 2.2525e-16
8726.4 2.2636e-16
8729.3 2.2791e-16
8732.1 2.1274e-16
8735.0 2.3776e-16
8737.8 2.4744e-16
8740.7 2.1535e-16
8743.5 2.2441e-16
8746.4 2.3328e-16
8749.2 2.3308e-16
8752.1 2.6047e-16
8754.9 2.4371e-16
8757.7 2.0092e-16
8760.6 2.3039e-16
8763.4 2.4418e-16
8766.3 1.9614e-16
8769.1 2.1115e-16
8772.0 2.4323e-16
8774.8 2.7226e-16
8777.7 2.5896e-16
8780.5 2.4536e-16
8783.4 2.5054e-16
8786.2 2.5682e-16
8789.1 2.4116e-16
8791.9 2.5438e-16
8794.8 2.4688e-16
8797.6 2.5321e-16
8800.4 2.6683e-16
8803.3 2.4924e-16
8806.1 2.4639e-16
8809.0 2.3511e-16
8811.8 2.0418e-16
8814.7 2.5158e-16
8817.5 2.7765e-16
8820.4 2.8250e-16
8823.2 2.6326e-16
8826.1 2.2897e-16
8828.9 2.1344e-16
8831.8 2.0856e-16
8834.6 2.2582e-16
8837.4 2.6340e-16
8840.3 2.5908e-16
8843.1 2.2503e-16
8846.0 2.4293e-16
8848.8 2.5256e-16
8851.7 2.2549e-16
8854.5 2.3199e-16
8857.4 2.1469e-16
8860.2 2.5818e-16
8863.1 2.5823e-16
8865.9 2.4544e-16
8868.8 2.5759e-16
8871.6 2.5369e-16
8874.5 2.4894e-16
8877.3 2.5573e-16
8880.1 2.3833e-16
8883.0 2.2986e-16
8885.8 2.2916e-16
8888.7 2.3062e-16
8891.5 2.3894e-16
8894.4 2.2981e-16
8897.2 2.1545e-16
8900.1 2.1506e-16
8902.9 2.2267e-16
8905.8 2.0600e-16
8908.6 2.0458e-16
8911.5 2.2660e-16
8914.3 2.1788e-16
8917.2 2.0032e-16
8920.0 2.0274e-16
8922.8 1.8512e-16
8925.7 2.0630e-16
8928.5 2.0387e-16
8931.4 1.9425e-16
8934.2 2.0201e-16
8937.1 2.0317e-16
8939.9 2.0420e-16
8942.8 2.0524e-16
8945.6 2.0631e-16
8948.5 2.0736e-16
8951.3 2.0844e-16
8954.2 2.0952e-16
8957.0 2.1062e-16
8959.8 2.1177e-16
