3300.2 4.2093e-15
3310.6 3.1869e-15
3321.1 3.1115e-15
3331.5 1.7436e-15
3341.9 5.0405e-15
3352.4 4.0558e-15
3362.8 4.7919e-15
3373.2 5.2717e-15
3383.7 5.5624e-15
3394.1 6.0133e-15
3404.6 6.1970e-15
3415.0 6.5038e-15
3425.4 6.0184e-15
3435.9 6.1938e-15
3446.3 6.1642e-15
3456.7 7.3942e-15
3467.2 8.7798e-15
3477.6 6.0341e-15
3488.0 9.4745e-15
3498.5 7.9230e-15
3508.9 8.7420e-15
3519.3 9.4707e-15
3529.8 8.0264e-15
3540.2 1.1062e-14
3550.7 1.0135e-14
3561.1 8.4702e-15
3571.5 9.7723e-15
3582.0 1.0357e-14
3592.4 8.5166e-15
3602.8 1.0412e-14
3613.3 1.2090e-14
3623.7 1.1176e-14
3634.1 1.0033e-14
3644.6 9.7412e-15
3655.0 9.4906e-15
3665.5 9.8952e-15
3675.9 7.3973e-15
3686.3 7.6056e-15
3696.8 6.9748e-15
3707.2 5.6318e-15
3717.6 5.7339e-15
3728.1 4.5140e-15
3738.5 4.6202e-15
3748.9 4.3171e-15
3759.4 2.4625e-15
3769.8 4.1040e-15
3780.3 5.0164e-15
3790.7 4.8976e-15
3801.1 5.6789e-15
3811.6 5.9815e-15
3822.0 6.3620e-15
3832.4 6.2064e-15
3842.9 7.0737e-15
3853.3 6.7791e-15
3863.7 5.9486e-15
3874.2 6.1900e-15
3884.6 6.9633e-15
3895.0 8.4280e-15
3905.5 7.8186e-15
3915.9 9.8850e-15
3926.4 9.4515e-15
3936.8 1.0581e-14
3947.2 1.1125e-14
3957.7 1.0824e-14
3968.1 1.1323e-14
3978.5 1.1356e-14
3989.0 1.0788e-14
3999.4 1.0997e-14
4009.8 1.0310e-14
4020.3 8.8495e-15
4030.7 1.0618e-14
4041.2 1.0132e-14
4051.6 9.6987e-15
4062.0 9.8387e-15
4072.5 9.4177e-15
4082.9 1.0708e-14
4093.3 1.0210e-14
4103.8 1.0264e-14
4114.2 1.0773e-14
4124.6 1.1450e-14
4135.1 1.0738e-14
4145.5 9.5142e-15
4156.0 9.1505e-15
4166.4 9.2090e-15
4176.8 9.1117e-15
4187.3 9.3711e-15
4197.7 9.0730e-15
4208.1 7.5324e-15
4218.6 8.3865e-15
4229.0 7.1818e-15
4239.4 7.5315e-15
4249.9 7.4383e-15
4260.3 7.7185e-15
4270.7 6.2955e-15
4281.2 6.9533e-15
4291.6 7.0201e-15
4302.1 6.3150e-15
4312.5 6.3983e-15
4322.9 6.1325e-15
4333.4 5.7309e-15
4343.8 5.3581e-15
4354.2 5.9961e-15
4364.7 6.5152e-15
4375.1 5.9079e-15
4385.5 7.8213e-15
4396.0 7.7119e-15
4406.4 9.2849e-15
4416.9 9.7848e-15
4427.3 9.3095e-15
4437.7 9.0564e-15
4448.2 7.1520e-15
4458.6 6.8159e-15
4469.0 6.7434e-15
4479.5 5.5254e-15
4489.9 6.6105e-15
4500.3 6.6823e-15
4510.8 6.7993e-15
4521.2 6.9207e-15
4531.7 6.7863e-15
4542.1 7.0275e-15
4552.5 6.0964e-15
4563.0 7.0642e-15
4573.4 5.9469e-15
4583.8 6.9524e-15
4594.3 6.9378e-15
4604.7 7.0845e-15
4615.1 6.3671e-15
4625.6 7.0803e-15
4636.0 6.6274e-15
4646.4 6.3025e-15
4656.9 5.8946e-15
4667.3 5.6065e-15
4677.8 6.0763e-15
4688.2 5.5438e-15
4698.6 5.9186e-15
4709.1 5.2778e-15
4719.5 5.3583e-15
4729.9 5.3187e-15
4740.4 5.4533e-15
4750.8 5.6918e-15
4761.2 5.7933e-15
4771.7 5.6957e-15
4782.1 4.6463e-15
4792.6 5.5792e-15
4803.0 5.9389e-15
4813.4 5.4833e-15
4823.9 5.5395e-15
4834.3 5.2501e-15
4844.7 5.0480e-15
4855.2 5.5666e-15
4865.6 5.0811e-15
4876.0 3.8050e-15
4886.5 4.3133e-15
4896.9 4.2816e-15
4907.4 4.1627e-15
4917.8 4.1372e-15
4928.2 4.2116e-15
4938.7 4.1737e-15
4949.1 4.4535e-15
4959.5 4.6268e-15
4970.0 4.2605e-15
4980.4 4.2079e-15
4990.8 4.6915e-15
5001.3 4.6180e-15
5011.7 4.2595e-15
5022.1 4.1809e-15
5032.6 4.2088e-15
5043.0 4.0029e-15
5053.5 4.4143e-15
5063.9 4.3238e-15
5074.3 4.4309e-15
5084.8 4.8578e-15
5095.2 4.6876e-15
5105.6 4.2435e-15
5116.1 4.6331e-15
5126.5 4.4120e-15
5136.9 5.1140e-15
5147.4 4.7875e-15
5157.8 4.9756e-15
5168.3 4.9612e-15
5178.7 5.0060e-15
5189.1 4.8225e-15
5199.6 4.6770e-15
5210.0 4.8571e-15
5220.4 5.1728e-15
5230.9 5.1756e-15
5241.3 4.9749e-15
5251.7 4.9648e-15
5262.2 5.2644e-15
5272.6 4.3633e-15
5283.1 3.9376e-15
5293.5 4.2533e-15
5303.9 3.7808e-15
5314.4 3.5247e-15
5324.8 3.6986e-15
5335.2 3.8148e-15
5345.7 3.7693e-15
5356.1 3.5344e-15
5366.5 3.8439e-15
5377.0 3.9572e-15
5387.4 4.0154e-15
5397.8 4.0422e-15
5408.3 3.9890e-15
5418.7 3.9682e-15
5429.2 3.7347e-15
5439.6 3.9944e-15
5450.0 3.5289e-15
5460.5 3.6986e-15
5470.9 3.7688e-15
5481.3 3.4713e-15
5491.8 3.3438e-15
5502.2 3.4349e-15
5512.6 3.3183e-15
5523.1 3.7157e-15
5533.5 3.9764e-15
5544.0 4.0790e-15
5554.4 3.7297e-15
5564.8 4.1849e-15
5575.3 4.2766e-15
5585.7 4.0353e-15
5596.1 3.8559e-15
5606.6 3.5651e-15
5617.0 3.9256e-15
5627.4 3.8303e-15
5637.9 3.7068e-15
5648.3 3.8386e-15
5658.8 3.9034e-15
5669.2 3.9695e-15
5679.6 3.8109e-15
5690.1 4.0686e-15
5700.5 4.3349e-15
5710.9 4.0403e-15
5721.4 3.9425e-15
5731.8 4.1561e-15
5742.2 4.2398e-15
5752.7 4.3745e-15
5763.1 4.1569e-15
5773.5 4.1953e-15
5784.0 4.1480e-15
5794.4 4.0600e-15
5804.9 4.0187e-15
5815.3 3.6538e-15
5825.7 3.7831e-15
5836.2 4.1139e-15
5846.6 3.8975e-15
5857.0 4.0127e-15
5867.5 3.7669e-15
5877.9 4.0009e-15
5888.3 3.7400e-15
5898.8 3.8128e-15
5909.2 3.5413e-15
5919.7 3.9860e-15
5930.1 3.7917e-15
5940.5 3.7393e-15
5951.0 3.7774e-15
5961.4 3.9122e-15
5971.8 3.5450e-15
5982.3 3.9221e-15
5992.7 3.9916e-15
6003.1 3.7794e-15
6013.6 3.5602e-15
6024.0 3.8543e-15
6034.5 3.7406e-15
6044.9 3.6218e-15
6055.3 3.6289e-15
6065.8 3.3232e-15
6076.2 3.3726e-15
6086.6 3.4252e-15
6097.1 3.1891e-15
6107.5 2.8919e-15
6117.9 2.6486e-15
6128.4 2.8807e-15
6138.8 2.6068e-15
6149.2 2.5312e-15
6159.7 2.2822e-15
6170.1 2.1498e-15
6180.6 2.1856e-15
6191.0 2.0139e-15
6201.4 2.0302e-15
6211.9 2.0605e-15
6222.3 2.0043e-15
6232.7 2.3932e-15
6243.2 2.5421e-15
6253.6 2.6718e-15
6264.0 2.8781e-15
6274.5 2.8480e-15
6284.9 2.9568e-15
6295.4 2.9167e-15
6305.8 3.1560e-15
6316.2 3.2230e-15
6326.7 3.4246e-15
6337.1 3.3862e-15
6347.5 3.3574e-15
6358.0 3.2183e-15
6368.4 3.5324e-15
6378.8 2.9614e-15
6389.3 3.1899e-15
6399.7 3.1685e-15
6410.2 3.1749e-15
6420.6 3.4111e-15
6431.0 3.2232e-15
6441.5 3.4461e-15
6451.9 3.1045e-15
6462.3 3.5229e-15
6472.8 3.4777e-15
6483.2 3.3090e-15
6493.6 3.2626e-15
6504.1 3.3738e-15
6514.5 3.1732e-15
6524.9 3.1933e-15
6535.4 3.2917e-15
6545.8 3.1840e-15
6556.3 3.2579e-15
6566.7 2.9222e-15
6577.1 3.1850e-15
6587.6 3.2502e-15
6598.0 3.0080e-15
6608.4 3.1433e-15
6618.9 3.1282e-15
6629.3 3.2069e-15
6639.7 3.1075e-15
6650.2 3.1958e-15
6660.6 3.0598e-15
6671.1 3.0381e-15
6681.5 3.1768e-15
6691.9 3.0588e-15
6702.4 3.2725e-15
6712.8 3.0751e-15
6723.2 3.0104e-15
6733.7 2.9485e-15
6744.1 2.9236e-15
6754.5 2.8881e-15
6765.0 2.9445e-15
6775.4 2.9573e-15
6785.9 2.8950e-15
6796.3 2.7535e-15
6806.7 2.6534e-15
6817.2 2.5934e-15
6827.6 2.6190e-15
6838.0 2.6890e-15
6848.5 2.7528e-15
6858.9 2.6864e-15
6869.3 2.5285e-15
6879.8 2.3825e-15
6890.2 2.3601e-15
6900.6 2.5675e-15
6911.1 2.5836e-15
6921.5 2.4014e-15
6932.0 2.4306e-15
6942.4 2.4924e-15
6952.8 2.4294e-15
6963.3 2.2512e-15
6973.7 2.3517e-15
6984.1 2.3779e-15
6994.6 2.3367e-15
7005.0 2.2463e-15
7015.4 2.3591e-15
7025.9 2.2444e-15
7036.3 2.2402e-15
7046.8 2.2029e-15
7057.2 2.2086e-15
7067.6 2.3325e-15
7078.1 2.1636e-15
7088.5 2.2867e-15
7098.9 2.3188e-15
7109.4 2.4072e-15
7119.8 2.3439e-15
7130.2 2.3046e-15
7140.7 2.4431e-15
7151.1 2.1496e-15
7161.6 2.1594e-15
7172.0 2.3208e-15
7182.4 1.9438e-15
7192.9 2.0653e-15
7203.3 2.1799e-15
7213.7 2.0982e-15
7224.2 2.2198e-15
7234.6 1.9710e-15
7245.0 2.1785e-15
7255.5 2.1592e-15
7265.9 2.0713e-15
7276.3 1.8625e-15
7286.8 2.0387e-15
7297.2 1.6855e-15
7307.7 1.8771e-15
7318.1 2.0504e-15
7328.5 2.1884e-15
7339.0 2.0835e-15
7349.4 2.1072e-15
7359.8 2.0311e-15
7370.3 1.9543e-15
7380.7 1.9600e-15
7391.1 1.9544e-15
7401.6 1.9875e-15
7412.0 2.1398e-15
7422.5 2.0994e-15
7432.9 1.7970e-15
7443.3 1.9735e-15
7453.8 2.1594e-15
7464.2 1.8875e-15
7474.6 2.0046e-15
7485.1 2.0215e-15
7495.5 2.0519e-15
7505.9 1.9905e-15
7516.4 2.1853e-15
7526.8 1.9453e-15
7537.3 1.9543e-15
7547.7 1.6040e-15
7558.1 1.7484e-15
7568.6 1.7972e-15
7579.0 1.8394e-15
7589.4 1.9334e-15
7599.9 1.5663e-15
7610.3 1.3635e-15
7620.7 1.6700e-15
7631.2 1.2218e-15
7641.6 1.4216e-15
7652.0 1.6538e-15
7662.5 1.5607e-15
7672.9 1.7603e-15
7683.4 1.6547e-15
7693.8 1.5998e-15
7704.2 1.7831e-15
7714.7 1.6712e-15
7725.1 1.9020e-15
7735.5 1.8136e-15
7746.0 1.5469e-15
7756.4 2.0057e-15
7766.8 1.6170e-15
7777.3 2.0584e-15
7787.7 1.7730e-15
7798.2 2.0222e-15
7808.6 1.6765e-15
7819.0 1.6533e-15
7829.5 1.6574e-15
7839.9 1.9288e-15
7850.3 1.8281e-15
7860.8 1.9513e-15
7871.2 1.7479e-15
7881.6 1.6592e-15
7892.1 1.8632e-15
7902.5 1.4505e-15
7913.0 2.0001e-15
7923.4 1.9938e-15
7933.8 1.7105e-15
7944.3 1.5908e-15
7954.7 1.7871e-15
7965.1 1.6019e-15
7975.6 1.6352e-15
7986.0 1.2561e-15
7996.4 1.4953e-15
8006.9 1.3601e-15
8017.3 1.4212e-15
8027.7 1.3424e-15
8038.2 1.2335e-15
8048.6 1.2773e-15
8059.1 1.0870e-15
8069.5 9.4364e-16
8079.9 1.1938e-15
8090.4 1.3390e-15
8100.8 1.1425e-15
8111.2 1.2435e-15
8121.7 1.0308e-15
8132.1 1.3203e-15
8142.5 1.1144e-15
8153.0 1.2489e-15
8163.4 1.3280e-15
8173.9 1.3948e-15
8184.3 1.2349e-15
8194.7 1.0092e-15
8205.2 1.0537e-15
8215.6 1.3257e-15
8226.0 1.2164e-15
8236.5 1.3209e-15
8246.9 1.3651e-15
8257.3 1.3925e-15
8267.8 1.4095e-15
8278.2 1.3058e-15
8288.7 1.3726e-15
8299.1 1.1357e-15
8309.5 1.3484e-15
8320.0 1.2681e-15
8330.4 1.2633e-15
8340.8 1.2394e-15
8351.3 1.1816e-15
8361.7 1.2715e-15
8372.1 1.3428e-15
8382.6 1.2545e-15
8393.0 1.5206e-15
8403.4 1.5531e-15
8413.9 1.1461e-15
8424.3 1.4469e-15
8434.8 1.1897e-15
8445.2 1.3520e-15
8455.6 1.1602e-15
8466.1 1.3580e-15
8476.5 1.5300e-15
8486.9 1.5411e-15
8497.4 1.2632e-15
8507.8 1.1248e-15
8518.2 1.4042e-15
8528.7 1.3115e-15
8539.1 1.6254e-15
8549.6 1.8159e-15
8560.0 1.5907e-15
8570.4 1.4852e-15
8580.9 1.5527e-15
8591.3 1.5691e-15
8601.7 1.6078e-15
8612.2 1.8022e-15
8622.6 1.6690e-15
8633.0 1.9344e-15
8643.5 1.7043e-15
8653.9 1.8686e-15
8664.4 1.8389e-15
8674.8 1.4826e-15
8685.2 1.6115e-15
8695.7 1.5497e-15
8706.1 1.6628e-15
8716.5 2.0112e-15
8727.0 1.7291e-15
8737.4 1.7552e-15
8747.8 1.3109e-15
8758.3 1.5525e-15
8768.7 1.7217e-15
8779.1 1.6675e-15
8789.6 2.0053e-15
8800.0 1.8117e-15
8810.5 1.7843e-15
8820.9 1.7112e-15
8831.3 1.8155e-15
8841.8 1.9527e-15
8852.2 1.7009e-15
8862.6 1.6977e-15
8873.1 1.8738e-15
8883.5 2.1578e-15
8893.9 1.7916e-15
8904.4 1.6409e-15
8914.8 1.6939e-15
8925.3 1.6853e-15
8935.7 1.6735e-15
8946.1 1.4398e-15
8956.6 1.8555e-15
8967.0 1.6119e-15
8977.4 1.5053e-15
8987.9 1.1937e-15
8998.3 1.3084e-15
9008.7 1.2863e-15
9019.2 1.4036e-15
9029.6 1.3235e-15
9040.1 1.8555e-15
9050.5 1.7008e-15
9060.9 1.7748e-15
9071.4 1.0914e-15
9081.8 1.1828e-15
9092.2 1.7374e-15
9102.7 1.4900e-15
9113.1 1.3843e-15
9123.5 1.4150e-15
9134.0 1.3865e-15
9144.4 1.6689e-15
9154.8 1.2167e-15
9165.3 1.3668e-15
9175.7 1.2293e-15
9186.2 1.4310e-15
9196.6 1.8988e-15
9207.0 1.4887e-15
9217.5 1.8372e-15
9227.9 1.8813e-15
9238.3 1.7319e-15
9248.8 1.5248e-15
9259.2 1.7139e-15
9269.6 2.1716e-15
9280.1 1.6565e-15
9290.5 1.3581e-15
9301.0 1.7015e-15
9311.4 1.4612e-15
9321.8 1.6080e-15
9332.3 2.1465e-15
9342.7 9.2510e-16
9353.1 1.7358e-15
9363.6 1.5895e-15
9374.0 8.7516e-16
9384.4 9.8170e-16
9394.9 1.5623e-15
9405.3 1.2199e-15
9415.8 1.6614e-15
9426.2 1.0921e-15
9436.6 1.8771e-15
9447.1 1.6342e-15
9457.5 1.3335e-15
9467.9 7.8125e-16
9478.4 8.5238e-16
9488.8 9.4140e-16
9499.2 1.2496e-15
9509.7 2.0573e-15
9520.1 1.0707e-15
9530.5 1.2888e-15
9541.0 7.8652e-16
9551.4 1.5549e-15
9561.9 8.8369e-16
9572.3 1.2852e-15
9582.7 1.1408e-15
9593.2 9.0974e-16
9603.6 1.2119e-15
9614.0 1.3605e-15
9624.5 7.2253e-16
9634.9 2.1106e-15
9645.3 8.1535e-16
9655.8 1.1245e-15
9666.2 1.4753e-15
9676.7 1.1912e-15
9687.1 1.4964e-15
9697.5 1.5518e-15
9708.0 1.3436e-15
9718.4 1.6957e-15
9728.8 1.2686e-15
9739.3 1.1672e-15
9749.7 1.4679e-15
9760.1 1.3610e-15
9770.6 1.2218e-15
9781.0 1.2136e-15
9791.5 1.2508e-15
9801.9 7.7304e-16
9812.3 1.8765e-15
9822.8 1.7628e-15
9833.2 6.2831e-16
9843.6 1.2644e-15
9854.1 1.1826e-15
9864.5 1.5838e-15
9874.9 1.2946e-15
9885.4 1.5728e-15
9895.8 1.5261e-15
9906.2 1.3005e-15
9916.7 1.2505e-17
9927.1 1.8644e-15
9937.6 2.4667e-15
9948.0 1.7218e-15
9958.4 1.8848e-15
9968.9 9.5965e-16
9979.3 2.0484e-15
9989.7 1.9977e-15
10000.2 1.4517e-15
