3497.1 -1.4966e-15
3500.0 -7.5161e-16
3502.8 5.8815e-16
3505.7 1.6638e-15
3508.6 1.4317e-15
3511.4 4.6592e-16
3514.3 2.9691e-15
3517.1 9.8847e-16
3520.0 3.5041e-15
3522.9 1.8605e-15
3525.7 1.9641e-15
3528.6 1.0854e-15
3531.5 3.8325e-15
3534.3 3.7442e-15
3537.2 3.0658e-15
3540.1 2.7233e-15
3542.9 1.5264e-15
3545.8 3.4719e-15
3548.6 3.2486e-15
3551.5 5.2612e-15
3554.4 2.7883e-15
3557.2 8.7559e-16
3560.1 2.1355e-15
3563.0 1.7749e-15
3565.8 1.5760e-15
3568.7 2.6146e-15
3571.5 3.5938e-15
3574.4 2.1975e-15
3577.3 2.3612e-15
3580.1 1.7297e-15
3583.0 3.1945e-15
3585.9 1.8378e-15
3588.7 3.1142e-15
3591.6 2.5477e-15
3594.4 1.9512e-15
3597.3 3.1673e-15
3600.2 3.2887e-15
3603.0 3.7420e-15
3605.9 2.0957e-15
3608.8 2.2021e-15
3611.6 2.8565e-15
3614.5 2.3483e-15
3617.4 2.0528e-15
3620.2 2.3016e-15
3623.1 2.4127e-15
3625.9 2.0593e-15
3628.8 1.4080e-15
3631.7 1.9626e-15
3634.5 1.3601e-15
3637.4 1.9889e-15
3640.3 2.2079e-15
3643.1 2.6970e-15
3646.0 2.4918e-15
3648.8 2.2904e-15
3651.7 2.8182e-15
3654.6 1.9451e-15
3657.4 2.1528e-15
3660.3 2.2182e-15
3663.2 2.0335e-15
3666.0 1.1440e-15
3668.9 1.8335e-15
3671.8 1.5415e-15
3674.6 1.7598e-15
3677.5 1.5666e-15
3680.3 2.6161e-15
3683.2 1.1220e-15
3686.1 1.6351e-15
3688.9 2.1360e-15
3691.8 2.1934e-15
3694.7 1.6471e-15
3697.5 1.3771e-15
3700.4 2.1182e-15
3703.2 2.2613e-15
3706.1 2.2988e-15
3709.0 2.6992e-15
3711.8 2.5593e-15
3714.7 2.4816e-15
3717.6 2.8751e-15
3720.4 2.8840e-15
3723.3 3.3522e-15
3726.2 2.6125e-15
3729.0 2.7280e-15
3731.9 2.4943e-15
3734.7 2.8259e-15
3737.6 2.8049e-15
3740.5 2.7758e-15
3743.3 2.5446e-15
3746.2 2.4651e-15
3749.1 2.5536e-15
3751.9 2.3214e-15
3754.8 2.7076e-15
3757.6 2.0856e-15
3760.5 2.1281e-15
3763.4 1.9014e-15
3766.2 1.9820e-15
3769.1 1.9335e-15
3772.0 1.5506e-15
3774.8 1.9997e-15
3777.7 1.6708e-15
3780.5 1.9875e-15
3783.4 2.0046e-15
3786.3 1.6769e-15
3789.1 1.3827e-15
3792.0 1.0450e-15
3794.9 1.5449e-15
3797.7 1.4395e-15
3800.6 1.1215e-15
3803.5 1.4694e-15
3806.3 1.1682e-15
3809.2 9.9044e-16
3812.0 1.1297e-15
3814.9 6.5439e-16
3817.8 1.0673e-15
3820.6 1.1090e-15
3823.5 1.1457e-15
3826.4 1.0926e-15
3829.2 8.9620e-16
3832.1 7.9803e-16
3834.9 6.9241e-16
3837.8 7.2067e-16
3840.7 8.0248e-16
3843.5 7.4046e-16
3846.4 9.8141e-16
3849.3 8.0594e-16
3852.1 6.9722e-16
3855.0 7.3189e-16
3857.9 1.0068e-15
3860.7 6.6849e-16
3863.6 7.8655e-16
3866.4 8.3662e-16
3869.3 7.7927e-16
3872.2 1.0696e-15
3875.0 1.0374e-15
3877.9 9.8240e-16
3880.8 1.1091e-15
3883.6 1.0460e-15
3886.5 1.3103e-15
3889.3 1.2060e-15
3892.2 1.1777e-15
3895.1 1.3790e-15
3897.9 1.3630e-15
3900.8 1.3029e-15
3903.7 1.4581e-15
3906.5 1.5708e-15
3909.4 1.7139e-15
3912.3 1.8065e-15
3915.1 1.6517e-15
3918.0 1.6918e-15
3920.8 1.5248e-15
3923.7 2.0714e-15
3926.6 2.1763e-15
3929.4 1.6824e-15
3932.3 2.1704e-15
3935.2 2.1355e-15
3938.0 2.4723e-15
3940.9 2.1213e-15
3943.7 2.1868e-15
3946.6 2.1400e-15
3949.5 2.1065e-15
3952.3 2.1298e-15
3955.2 2.1889e-15
3958.1 2.2420e-15
3960.9 2.4604e-15
3963.8 2.3393e-15
3966.6 2.2510e-15
3969.5 2.3281e-15
3972.4 2.1963e-15
3975.2 2.5126e-15
3978.1 2.5733e-15
3981.0 2.3667e-15
3983.8 2.4350e-15
3986.7 2.6174e-15
3989.6 2.3977e-15
3992.4 2.2403e-15
3995.3 2.6108e-15
3998.1 2.6151e-15
4001.0 2.5341e-15
4003.9 2.5966e-15
4006.7 2.6709e-15
4009.6 2.7776e-15
4012.5 2.6573e-15
4015.3 2.5214e-15
4018.2 2.7749e-15
4021.0 2.7889e-15
4023.9 2.4559e-15
4026.8 2.7695e-15
4029.6 2.6018e-15
4032.5 2.4195e-15
4035.4 2.7437e-15
4038.2 2.5386e-15
4041.1 2.4912e-15
4044.0 2.2236e-15
4046.8 2.2543e-15
4049.7 2.2680e-15
4052.5 2.2564e-15
4055.4 2.1184e-15
4058.3 2.2384e-15
4061.1 1.9928e-15
4064.0 2.0677e-15
4066.9 2.0962e-15
4069.7 1.9857e-15
4072.6 1.8398e-15
4075.4 1.8122e-15
4078.3 1.6851e-15
4081.2 1.7827e-15
4084.0 1.8942e-15
4086.9 1.7861e-15
4089.8 1.9172e-15
4092.6 1.7777e-15
4095.5 1.7076e-15
4098.4 1.7440e-15
4101.2 1.7463e-15
4104.1 1.7763e-15
4106.9 1.6400e-15
4109.8 1.7465e-15
4112.7 1.7897e-15
4115.5 1.9720e-15
4118.4 1.7199e-15
4121.3 1.7303e-15
4124.1 1.8742e-15
4127.0 1.7501e-15
4129.8 1.7133e-15
4132.7 1.7119e-15
4135.6 1.9477e-15
4138.4 1.7916e-15
4141.3 1.6044e-15
4144.2 1.6786e-15
4147.0 1.5808e-15
4149.9 1.6634e-15
4152.7 1.5172e-15
4155.6 1.6029e-15
4158.5 1.5841e-15
4161.3 1.4830e-15
4164.2 1.5804e-15
4167.1 1.2973e-15
4169.9 1.5305e-15
4172.8 1.3998e-15
4175.7 1.4938e-15
4178.5 1.4428e-15
4181.4 1.4475e-15
4184.2 1.5320e-15
4187.1 1.4404e-15
4190.0 1.4416e-15
4192.8 1.4004e-15
4195.7 1.5527e-15
4198.6 1.2744e-15
4201.4 1.4214e-15
4204.3 1.3626e-15
4207.1 1.3512e-15
4210.0 1.4159e-15
4212.9 1.4439e-15
4215.7 1.4668e-15
4218.6 1.5045e-15
4221.5 1.5177e-15
4224.3 1.5189e-15
4227.2 1.5039e-15
4230.1 1.5858e-15
4232.9 1.8225e-15
4235.8 1.4650e-15
4238.6 1.6367e-15
4241.5 1.4259e-15
4244.4 1.6439e-15
4247.2 1.5873e-15
4250.1 1.5382e-15
4253.0 1.4772e-15
4255.8 1.6505e-15
4258.7 1.5866e-15
4261.5 1.5705e-15
4264.4 1.7352e-15
4267.3 1.7189e-15
4270.1 1.5539e-15
4273.0 1.7321e-15
4275.9 1.6535e-15
4278.7 1.5793e-15
4281.6 1.6004e-15
4284.5 1.6417e-15
4287.3 1.7417e-15
4290.2 1.8319e-15
4293.0 1.7502e-15
4295.9 1.7733e-15
4298.8 1.5255e-15
4301.6 1.6907e-15
4304.5 1.6902e-15
4307.4 1.5137e-15
4310.2 1.7574e-15
4313.1 1.7211e-15
4315.9 1.6320e-15
4318.8 1.6946e-15
4321.7 1.7320e-15
4324.5 1.5660e-15
4327.4 1.6475e-15
4330.3 1.7362e-15
4333.1 1.7043e-15
4336.0 1.7471e-15
4338.9 1.7251e-15
4341.7 1.9136e-15
4344.6 1.8652e-15
4347.4 1.8220e-15
4350.3 1.8692e-15
4353.2 1.9612e-15
4356.0 1.8737e-15
4358.9 1.9729e-15
4361.8 2.0128e-15
4364.6 1.9277e-15
4367.5 2.0015e-15
4370.3 2.0984e-15
4373.2 1.8944e-15
4376.1 1.9023e-15
4378.9 2.0308e-15
4381.8 1.8336e-15
4384.7 1.9151e-15
4387.5 1.8609e-15
4390.4 1.8374e-15
4393.2 1.7172e-15
4396.1 1.7315e-15
4399.0 1.6120e-15
4401.8 1.5842e-15
4404.7 1.5854e-15
4407.6 1.5036e-15
4410.4 1.5777e-15
4413.3 1.5221e-15
4416.2 1.6076e-15
4419.0 1.5686e-15
4421.9 1.4157e-15
4424.7 1.4111e-15
4427.6 1.3690e-15
4430.5 1.3237e-15
4433.3 1.1884e-15
4436.2 1.2086e-15
4439.1 1.2189e-15
4441.9 1.1522e-15
4444.8 1.1691e-15
4447.6 1.1079e-15
4450.5 1.0576e-15
4453.4 1.1339e-15
4456.2 1.1519e-15
4459.1 1.0921e-15
4462.0 1.0687e-15
4464.8 1.2089e-15
4467.7 1.1546e-15
4470.6 1.1364e-15
4473.4 1.0883e-15
4476.3 1.2428e-15
4479.1 1.0374e-15
4482.0 1.1341e-15
4484.9 1.0369e-15
4487.7 1.0640e-15
4490.6 1.1629e-15
4493.5 1.0842e-15
4496.3 1.0374e-15
4499.2 1.1325e-15
4502.0 1.0490e-15
4504.9 1.1347e-15
4507.8 1.0726e-15
4510.6 1.0621e-15
4513.5 1.0750e-15
4516.4 1.1008e-15
4519.2 1.2496e-15
4522.1 1.1567e-15
4525.0 1.1296e-15
4527.8 1.2210e-15
4530.7 1.2819e-15
4533.5 1.2539e-15
4536.4 1.3027e-15
4539.3 1.2518e-15
4542.1 1.2292e-15
4545.0 1.3139e-15
4547.9 1.4604e-15
4550.7 1.4465e-15
4553.6 1.3819e-15
4556.4 1.5087e-15
4559.3 1.4346e-15
4562.2 1.4307e-15
4565.0 1.5768e-15
4567.9 1.6710e-15
4570.8 1.5732e-15
4573.6 1.5306e-15
4576.5 1.6604e-15
4579.3 1.7732e-15
4582.2 1.7696e-15
4585.1 1.8548e-15
4587.9 1.9644e-15
4590.8 2.0232e-15
4593.7 2.0919e-15
4596.5 2.2107e-15
4599.4 2.2785e-15
4602.3 2.4328e-15
4605.1 2.5443e-15
4608.0 2.6289e-15
4610.8 2.6303e-15
4613.7 2.7192e-15
4616.6 2.8806e-15
4619.4 3.0560e-15
4622.3 3.1042e-15
4625.2 3.0800e-15
4628.0 3.1181e-15
4630.9 3.2705e-15
4633.7 3.4045e-15
4636.6 3.5058e-15
4639.5 3.6600e-15
4642.3 3.5059e-15
4645.2 3.3441e-15
4648.1 3.3864e-15
4650.9 3.3106e-15
4653.8 3.3815e-15
4656.7 3.4848e-15
4659.5 3.4485e-15
4662.4 3.4550e-15
4665.2 3.3621e-15
4668.1 3.3674e-15
4671.0 3.4196e-15
4673.8 3.4229e-15
4676.7 3.3749e-15
4679.6 3.3490e-15
4682.4 3.4127e-15
4685.3 3.3679e-15
4688.1 3.4909e-15
4691.0 3.3368e-15
4693.9 3.3148e-15
4696.7 3.4663e-15
4699.6 3.3768e-15
4702.5 3.3776e-15
4705.3 3.3451e-15
4708.2 3.0818e-15
4711.1 3.2631e-15
4713.9 3.0839e-15
4716.8 3.0705e-15
4719.6 2.9204e-15
4722.5 2.8167e-15
4725.4 2.6962e-15
4728.2 2.5404e-15
4731.1 2.5850e-15
4734.0 2.4130e-15
4736.8 2.2362e-15
4739.7 2.2970e-15
4742.5 2.0513e-15
4745.4 1.9173e-15
4748.3 1.9159e-15
4751.1 1.8184e-15
4754.0 1.7954e-15
4756.9 1.8141e-15
4759.7 1.6613e-15
4762.6 1.6729e-15
4765.4 1.7302e-15
4768.3 1.6832e-15
4771.2 1.5840e-15
4774.0 1.5948e-15
4776.9 1.6423e-15
4779.8 1.5103e-15
4782.6 1.5509e-15
4785.5 1.5343e-15
4788.4 1.5247e-15
4791.2 1.4357e-15
4794.1 1.4815e-15
4796.9 1.4035e-15
4799.8 1.2743e-15
4802.7 1.3347e-15
4805.5 1.3814e-15
4808.4 1.3579e-15
4811.3 1.3594e-15
4814.1 1.3505e-15
4817.0 1.4064e-15
4819.8 1.3110e-15
4822.7 1.2994e-15
4825.6 1.4042e-15
4828.4 1.3535e-15
4831.3 1.4623e-15
4834.2 1.3762e-15
4837.0 1.4543e-15
4839.9 1.5018e-15
4842.8 1.4196e-15
4845.6 1.5185e-15
4848.5 1.5746e-15
4851.3 1.5067e-15
4854.2 1.6084e-15
4857.1 1.7134e-15
4859.9 1.6998e-15
4862.8 1.7370e-15
4865.7 1.9851e-15
4868.5 1.8072e-15
4871.4 1.8795e-15
4874.2 1.9622e-15
4877.1 1.9066e-15
4880.0 1.9010e-15
4882.8 1.9537e-15
4885.7 1.8899e-15
4888.6 1.8732e-15
4891.4 1.8415e-15
4894.3 1.8923e-15
4897.2 1.7928e-15
4900.0 1.7287e-15
4902.9 1.8097e-15
4905.7 1.7260e-15
4908.6 1.7194e-15
4911.5 1.6643e-15
4914.3 1.6505e-15
4917.2 1.6600e-15
4920.1 1.5964e-15
4922.9 1.6125e-15
4925.8 1.7469e-15
4928.6 1.6835e-15
4931.5 1.6217e-15
4934.4 1.6674e-15
4937.2 1.7835e-15
4940.1 1.8416e-15
4943.0 1.8747e-15
4945.8 1.7884e-15
4948.7 1.8756e-15
4951.5 2.2185e-15
4954.4 2.0898e-15
4957.3 2.3025e-15
4960.1 2.2719e-15
4963.0 2.3358e-15
4965.9 2.3708e-15
4968.7 2.5291e-15
4971.6 2.5958e-15
4974.5 2.7662e-15
4977.3 2.8193e-15
4980.2 2.7798e-15
4983.0 2.9121e-15
4985.9 3.1316e-15
4988.8 3.0991e-15
4991.6 3.1525e-15
4994.5 3.1090e-15
4997.4 3.3030e-15
5000.2 3.1889e-15
5003.1 3.1216e-15
5005.9 3.0550e-15
5008.8 3.0787e-15
5011.7 3.0371e-15
5014.5 2.9136e-15
5017.4 2.8157e-15
5020.3 2.6758e-15
5023.1 2.5999e-15
5026.0 2.7392e-15
5028.9 2.4809e-15
5031.7 2.3796e-15
5034.6 2.3374e-15
5037.4 2.1922e-15
5040.3 2.1392e-15
5043.2 2.1425e-15
5046.0 2.0841e-15
5048.9 1.8887e-15
5051.8 1.9559e-15
5054.6 1.8348e-15
5057.5 1.8149e-15
5060.3 1.7161e-15
5063.2 1.6716e-15
5066.1 1.7428e-15
5068.9 1.7160e-15
5071.8 1.6639e-15
5074.7 1.5448e-15
5077.5 1.5714e-15
5080.4 1.5203e-15
5083.3 1.4707e-15
5086.1 1.5907e-15
5089.0 1.5856e-15
5091.8 1.4354e-15
5094.7 1.4241e-15
5097.6 1.4351e-15
5100.4 1.5111e-15
5103.3 1.4886e-15
5106.2 1.4786e-15
5109.0 1.5271e-15
5111.9 1.4741e-15
5114.7 1.3489e-15
5117.6 1.4680e-15
5120.5 1.4499e-15
5123.3 1.4268e-15
5126.2 1.3815e-15
5129.1 1.3699e-15
5131.9 1.4778e-15
5134.8 1.3882e-15
5137.6 1.4253e-15
5140.5 1.4436e-15
5143.4 1.4499e-15
5146.2 1.4284e-15
5149.1 1.4485e-15
5152.0 1.4149e-15
5154.8 1.3664e-15
5157.7 1.2964e-15
5160.6 1.2921e-15
5163.4 1.2937e-15
5166.3 1.2862e-15
5169.1 1.3284e-15
5172.0 1.2519e-15
5174.9 1.2910e-15
5177.7 1.2839e-15
5180.6 1.3801e-15
5183.5 1.2898e-15
5186.3 1.3149e-15
5189.2 1.2787e-15
5192.0 1.2566e-15
5194.9 1.2864e-15
5197.8 1.3313e-15
5200.6 1.2919e-15
5203.5 1.2906e-15
5206.4 1.3055e-15
5209.2 1.3131e-15
5212.1 1.3310e-15
5215.0 1.3793e-15
5217.8 1.3061e-15
5220.7 1.3856e-15
5223.5 1.3742e-15
5226.4 1.3503e-15
5229.3 1.3407e-15
5232.1 1.4518e-15
5235.0 1.4421e-15
5237.9 1.4873e-15
5240.7 1.5163e-15
5243.6 1.5673e-15
5246.4 1.5520e-15
5249.3 1.5940e-15
5252.2 1.5964e-15
5255.0 1.5249e-15
5257.9 1.6961e-15
5260.8 1.6192e-15
5263.6 1.7869e-15
5266.5 1.7795e-15
5269.4 1.9022e-15
5272.2 1.8659e-15
5275.1 1.8582e-15
5277.9 1.9159e-15
5280.8 1.8413e-15
5283.7 1.8716e-15
5286.5 1.9909e-15
5289.4 2.1427e-15
5292.3 2.0953e-15
5295.1 2.1185e-15
5298.0 2.1864e-15
5300.8 2.2481e-15
5303.7 2.1871e-15
5306.6 2.1943e-15
5309.4 2.2788e-15
5312.3 2.2374e-15
5315.2 2.4188e-15
5318.0 2.3677e-15
5320.9 2.3026e-15
5323.8 2.3170e-15
5326.6 2.3825e-15
5329.5 2.3116e-15
5332.3 2.3797e-15
5335.2 2.4228e-15
5338.1 2.3258e-15
5340.9 2.4021e-15
5343.8 2.4734e-15
5346.7 2.5044e-15
5349.5 2.5646e-15
5352.4 2.7040e-15
5355.2 2.6279e-15
5358.1 2.6778e-15
5361.0 2.6531e-15
5363.8 2.6565e-15
5366.7 2.6935e-15
5369.6 2.8116e-15
5372.4 2.7602e-15
5375.3 2.7842e-15
5378.1 2.8072e-15
5381.0 2.7636e-15
5383.9 2.8188e-15
5386.7 2.7111e-15
5389.6 2.6299e-15
5392.5 2.6979e-15
5395.3 2.7282e-15
5398.2 2.5896e-15
5401.1 2.6408e-15
5403.9 2.7164e-15
5406.8 2.5726e-15
5409.6 2.5477e-15
5412.5 2.5401e-15
5415.4 2.4862e-15
5418.2 2.5351e-15
5421.1 2.5169e-15
5424.0 2.4924e-15
5426.8 2.4864e-15
5429.7 2.4237e-15
5432.5 2.4509e-15
5435.4 2.4975e-15
5438.3 2.4603e-15
5441.1 2.5015e-15
5444.0 2.5329e-15
5446.9 2.4845e-15
5449.7 2.7005e-15
5452.6 2.5978e-15
5455.5 2.5561e-15
5458.3 2.6263e-15
5461.2 2.6893e-15
5464.0 2.7069e-15
5466.9 2.7872e-15
5469.8 2.7841e-15
5472.6 2.8866e-15
5475.5 2.9832e-15
5478.4 2.9752e-15
5481.2 3.0020e-15
5484.1 3.0230e-15
5486.9 3.0515e-15
5489.8 3.0700e-15
5492.7 3.1590e-15
5495.5 3.2712e-15
5498.4 3.3387e-15
5501.3 3.3174e-15
5504.1 3.3085e-15
5507.0 3.3404e-15
5509.9 3.4190e-15
5512.7 3.5136e-15
5515.6 3.4385e-15
5518.4 3.3931e-15
5521.3 3.5627e-15
5524.2 3.4373e-15
5527.0 3.5152e-15
5529.9 3.4420e-15
5532.8 3.4082e-15
5535.6 3.4615e-15
5538.5 3.4939e-15
5541.3 3.4276e-15
5544.2 3.5378e-15
5547.1 3.5051e-15
5549.9 3.3247e-15
5552.8 3.3832e-15
5555.7 3.3074e-15
5558.5 3.2808e-15
5561.4 3.3988e-15
5564.2 3.1807e-15
5567.1 3.2792e-15
5570.0 3.0281e-15
5572.8 3.2380e-15
5575.7 3.2192e-15
5578.6 3.1185e-15
5581.4 3.0398e-15
5584.3 3.1678e-15
5587.2 3.0958e-15
5590.0 3.0916e-15
5592.9 2.9488e-15
5595.7 3.0548e-15
5598.6 3.0114e-15
5601.5 2.9349e-15
5604.3 2.8257e-15
5607.2 2.8484e-15
5610.1 2.9768e-15
5612.9 2.8435e-15
5615.8 2.7745e-15
5618.6 2.8186e-15
5621.5 2.8014e-15
5624.4 2.6254e-15
5627.2 2.6424e-15
5630.1 2.5427e-15
5633.0 2.6204e-15
5635.8 2.6201e-15
5638.7 2.5444e-15
5641.6 2.5631e-15
5644.4 2.5308e-15
5647.3 2.4739e-15
5650.1 2.3064e-15
5653.0 2.5489e-15
5655.9 2.4367e-15
5658.7 2.2675e-15
5661.6 2.3370e-15
5664.5 2.3158e-15
5667.3 2.2766e-15
5670.2 2.1832e-15
5673.0 2.1860e-15
5675.9 2.1556e-15
5678.8 1.9791e-15
5681.6 2.0343e-15
5684.5 2.1048e-15
5687.4 2.0897e-15
5690.2 1.9575e-15
5693.1 2.0396e-15
5696.0 1.9644e-15
5698.8 1.9799e-15
5701.7 1.9452e-15
5704.5 1.8286e-15
5707.4 1.6965e-15
5710.3 1.7614e-15
5713.1 1.7053e-15
5716.0 1.6508e-15
5718.9 1.7003e-15
5721.7 1.6140e-15
5724.6 1.7342e-15
5727.4 1.5905e-15
5730.3 1.5355e-15
5733.2 1.5629e-15
5736.0 1.5815e-15
5738.9 1.5993e-15
5741.8 1.5742e-15
5744.6 1.5460e-15
5747.5 1.4668e-15
5750.3 1.4612e-15
5753.2 1.5826e-15
5756.1 1.4555e-15
5758.9 1.3695e-15
5761.8 1.5312e-15
5764.7 1.4801e-15
5767.5 1.4094e-15
5770.4 1.3886e-15
5773.3 1.3326e-15
5776.1 1.4327e-15
5779.0 1.3894e-15
5781.8 1.3943e-15
5784.7 1.3777e-15
5787.6 1.3637e-15
5790.4 1.3875e-15
5793.3 1.3504e-15
5796.2 1.4592e-15
5799.0 1.4603e-15
5801.9 1.4093e-15
5804.7 1.4900e-15
5807.6 1.5469e-15
5810.5 1.5661e-15
5813.3 1.6797e-15
5816.2 1.6268e-15
5819.1 1.6648e-15
5821.9 1.7027e-15
5824.8 1.7506e-15
5827.7 1.7361e-15
5830.5 1.8453e-15
5833.4 1.9123e-15
5836.2 1.9037e-15
5839.1 2.0340e-15
5842.0 2.1575e-15
5844.8 2.0519e-15
5847.7 2.2382e-15
5850.6 2.2914e-15
5853.4 2.3699e-15
5856.3 2.4342e-15
5859.1 2.3780e-15
5862.0 2.4369e-15
5864.9 2.5669e-15
5867.7 2.7441e-15
5870.6 2.5965e-15
5873.5 2.6565e-15
5876.3 2.7856e-15
5879.2 2.7979e-15
5882.1 2.7788e-15
5884.9 2.6626e-15
5887.8 2.6643e-15
5890.6 2.6339e-15
5893.5 2.5899e-15
5896.4 2.8255e-15
5899.2 2.6767e-15
5902.1 2.7866e-15
5905.0 2.8932e-15
5907.8 2.9537e-15
5910.7 2.9098e-15
5913.5 2.8304e-15
5916.4 2.9142e-15
5919.3 2.9785e-15
5922.1 3.0123e-15
5925.0 2.8048e-15
5927.9 3.0082e-15
5930.7 3.0190e-15
5933.6 3.0001e-15
5936.4 3.0192e-15
5939.3 2.9926e-15
5942.2 2.8547e-15
5945.0 2.8338e-15
5947.9 2.8237e-15
5950.8 2.9949e-15
5953.6 2.9411e-15
5956.5 2.7943e-15
5959.4 2.7810e-15
5962.2 2.7924e-15
5965.1 2.7901e-15
5967.9 2.7505e-15
5970.8 2.7979e-15
5973.7 2.6017e-15
5976.5 2.6718e-15
5979.4 2.5498e-15
5982.3 2.4794e-15
5985.1 2.5026e-15
5988.0 2.4159e-15
5990.8 2.3645e-15
5993.7 2.4571e-15
5996.6 2.4073e-15
5999.4 2.2250e-15
6002.3 2.2470e-15
6005.2 2.2944e-15
6008.0 2.1347e-15
6010.9 2.1554e-15
6013.8 2.1941e-15
6016.6 2.1669e-15
6019.5 2.0446e-15
6022.3 2.0205e-15
6025.2 1.8230e-15
6028.1 1.9281e-15
6030.9 1.8340e-15
6033.8 1.8422e-15
6036.7 1.8229e-15
6039.5 1.7921e-15
6042.4 1.7768e-15
6045.2 1.7681e-15
6048.1 1.6943e-15
6051.0 1.7450e-15
6053.8 1.6386e-15
6056.7 1.6930e-15
6059.6 1.6247e-15
6062.4 1.6298e-15
6065.3 1.6790e-15
6068.2 1.7201e-15
6071.0 1.6752e-15
6073.9 1.5943e-15
6076.7 1.6976e-15
6079.6 1.7184e-15
6082.5 1.6560e-15
6085.3 1.7160e-15
6088.2 1.7247e-15
6091.1 1.6696e-15
6093.9 1.7468e-15
6096.8 1.8069e-15
6099.6 1.7011e-15
6102.5 1.7752e-15
6105.4 1.7903e-15
6108.2 1.6459e-15
6111.1 1.7901e-15
6114.0 1.7317e-15
6116.8 1.8180e-15
6119.7 1.8633e-15
6122.5 1.8230e-15
6125.4 1.8117e-15
6128.3 1.7170e-15
6131.1 1.6481e-15
6134.0 1.7820e-15
6136.9 1.7391e-15
6139.7 2.1056e-15
6142.6 1.7006e-15
6145.5 1.8489e-15
6148.3 1.7640e-15
6151.2 1.7692e-15
6154.0 1.6430e-15
6156.9 1.7319e-15
6159.8 1.7137e-15
6162.6 1.6622e-15
6165.5 1.6731e-15
6168.4 1.6873e-15
6171.2 1.7049e-15
6174.1 1.6612e-15
6176.9 1.6812e-15
6179.8 1.6718e-15
6182.7 1.6650e-15
6185.5 1.5749e-15
6188.4 1.6170e-15
6191.3 1.5802e-15
6194.1 1.6092e-15
6197.0 1.6684e-15
6199.9 1.6249e-15
6202.7 1.5350e-15
6205.6 1.4733e-15
6208.4 1.4484e-15
6211.3 1.3391e-15
6214.2 1.3027e-15
6217.0 1.4008e-15
6219.9 1.2951e-15
6222.8 1.3418e-15
6225.6 1.2892e-15
6228.5 1.3573e-15
6231.3 1.3029e-15
6234.2 1.2015e-15
6237.1 1.2721e-15
6239.9 1.2057e-15
6242.8 1.2253e-15
6245.7 1.2631e-15
6248.5 1.2584e-15
6251.4 1.1451e-15
6254.3 1.1088e-15
6257.1 1.2557e-15
6260.0 1.2638e-15
6262.8 1.1922e-15
6265.7 1.3394e-15
6268.6 1.3149e-15
6271.4 1.3491e-15
6274.3 1.5418e-15
6277.2 1.4835e-15
6280.0 1.4887e-15
6282.9 1.4394e-15
6285.7 1.4960e-15
6288.6 1.5281e-15
6291.5 1.5144e-15
6294.3 1.6880e-15
6297.2 1.6555e-15
6300.1 1.6417e-15
6302.9 1.6354e-15
6305.8 1.5268e-15
6308.7 1.6634e-15
6311.5 1.4892e-15
6314.4 1.6122e-15
6317.2 1.6460e-15
6320.1 1.5974e-15
6323.0 1.6591e-15
6325.8 1.5278e-15
6328.7 1.5413e-15
6331.6 1.6355e-15
6334.4 1.6179e-15
6337.3 1.6785e-15
6340.1 1.6088e-15
6343.0 1.6095e-15
6345.9 1.6356e-15
6348.7 1.6169e-15
6351.6 1.6422e-15
6354.5 1.6387e-15
6357.3 1.6462e-15
6360.2 1.5797e-15
6363.0 1.6630e-15
6365.9 1.7410e-15
6368.8 1.7150e-15
6371.6 1.7791e-15
6374.5 1.7955e-15
6377.4 1.7465e-15
6380.2 1.7802e-15
6383.1 1.7496e-15
6386.0 1.8312e-15
6388.8 1.8868e-15
6391.7 1.8266e-15
6394.5 1.8445e-15
6397.4 1.8565e-15
6400.3 1.8352e-15
6403.1 1.9084e-15
6406.0 1.9152e-15
6408.9 1.9876e-15
6411.7 2.0455e-15
6414.6 2.0332e-15
6417.4 2.0987e-15
6420.3 2.0781e-15
6423.2 2.0044e-15
6426.0 2.0333e-15
6428.9 2.1431e-15
6431.8 2.1245e-15
6434.6 2.1692e-15
6437.5 2.2859e-15
6440.4 2.2651e-15
6443.2 2.2147e-15
6446.1 2.3519e-15
6448.9 2.3837e-15
6451.8 2.4340e-15
6454.7 2.4917e-15
6457.5 2.5263e-15
6460.4 2.5293e-15
6463.3 2.4108e-15
6466.1 2.5643e-15
6469.0 2.5668e-15
6471.8 2.4987e-15
6474.7 2.5997e-15
6477.6 2.5861e-15
6480.4 2.6225e-15
6483.3 2.5972e-15
6486.2 2.5592e-15
6489.0 2.5396e-15
6491.9 2.7141e-15
6494.8 2.6372e-15
6497.6 2.5631e-15
6500.5 2.6749e-15
6503.3 2.6695e-15
6506.2 2.6874e-15
6509.1 2.5439e-15
6511.9 2.4583e-15
6514.8 2.6717e-15
6517.7 2.5168e-15
6520.5 2.6442e-15
6523.4 2.6557e-15
6526.2 2.5752e-15
6529.1 2.6217e-15
6532.0 2.6952e-15
6534.8 2.7435e-15
6537.7 2.6339e-15
6540.6 2.6282e-15
6543.4 2.7429e-15
6546.3 2.7186e-15
6549.1 2.6731e-15
6552.0 2.6138e-15
6554.9 2.6736e-15
6557.7 2.6962e-15
6560.6 2.5970e-15
6563.5 2.6046e-15
6566.3 2.6874e-15
6569.2 2.7074e-15
6572.1 2.6349e-15
6574.9 2.6112e-15
6577.8 2.7346e-15
6580.6 2.7159e-15
6583.5 2.7052e-15
6586.4 2.5392e-15
6589.2 2.5290e-15
6592.1 2.6409e-15
6595.0 2.5968e-15
6597.8 2.5652e-15
6600.7 2.5448e-15
6603.5 2.5321e-15
6606.4 2.4803e-15
6609.3 2.4838e-15
6612.1 2.4701e-15
6615.0 2.4848e-15
6617.9 2.5009e-15
6620.7 2.4654e-15
6623.6 2.5380e-15
6626.5 2.3940e-15
6629.3 2.3937e-15
6632.2 2.2858e-15
6635.0 2.4048e-15
6637.9 2.2986e-15
6640.8 2.2371e-15
6643.6 2.2384e-15
6646.5 2.2521e-15
6649.4 2.0863e-15
6652.2 2.2024e-15
6655.1 2.2124e-15
6657.9 2.1372e-15
6660.8 2.0910e-15
6663.7 2.1419e-15
6666.5 2.1292e-15
6669.4 2.0687e-15
6672.3 2.0204e-15
6675.1 1.9592e-15
6678.0 1.9511e-15
6680.9 1.9804e-15
6683.7 1.8425e-15
6686.6 1.7713e-15
6689.4 1.7851e-15
6692.3 1.7703e-15
6695.2 1.7584e-15
6698.0 1.6289e-15
6700.9 1.6806e-15
6703.8 1.6376e-15
6706.6 1.5610e-15
6709.5 1.5632e-15
6712.3 1.6207e-15
6715.2 1.5136e-15
6718.1 1.5139e-15
6720.9 1.5374e-15
6723.8 1.4198e-15
6726.7 1.4159e-15
6729.5 1.4073e-15
6732.4 1.3699e-15
6735.2 1.3346e-15
6738.1 1.3430e-15
6741.0 1.4126e-15
6743.8 1.3553e-15
6746.7 1.2979e-15
6749.6 1.2515e-15
6752.4 1.2948e-15
6755.3 1.2557e-15
6758.2 1.2706e-15
6761.0 1.3387e-15
6763.9 1.2978e-15
6766.7 1.2289e-15
6769.6 1.3442e-15
6772.5 1.2876e-15
6775.3 1.2766e-15
6778.2 1.2496e-15
6781.1 1.1779e-15
6783.9 1.2599e-15
6786.8 1.1565e-15
6789.6 1.2295e-15
6792.5 1.1809e-15
6795.4 1.2490e-15
6798.2 1.2088e-15
6801.1 1.1985e-15
6804.0 1.1884e-15
6806.8 1.1228e-15
6809.7 1.1406e-15
6812.6 1.1383e-15
6815.4 1.1466e-15
6818.3 1.1303e-15
6821.1 1.1584e-15
6824.0 1.1549e-15
6826.9 1.1024e-15
6829.7 1.1874e-15
6832.6 1.1538e-15
6835.5 1.0572e-15
6838.3 1.0837e-15
6841.2 1.0792e-15
6844.0 1.0945e-15
6846.9 1.0451e-15
6849.8 1.0302e-15
6852.6 1.1877e-15
6855.5 1.1228e-15
6858.4 1.0722e-15
6861.2 1.0429e-15
6864.1 1.0434e-15
6867.0 9.5244e-16
6869.8 1.0401e-15
6872.7 1.0241e-15
6875.5 1.0486e-15
6878.4 9.8372e-16
6881.3 1.0055e-15
6884.1 9.6995e-16
6887.0 1.0001e-15
6889.9 9.7388e-16
6892.7 9.2399e-16
6895.6 8.6146e-16
6898.4 9.3213e-16
6901.3 9.3793e-16
6904.2 9.1498e-16
6907.0 9.1577e-16
6909.9 9.6061e-16
6912.8 9.5001e-16
6915.6 9.9414e-16
6918.5 1.0646e-15
6921.3 9.7023e-16
6924.2 9.3218e-16
6927.1 9.6754e-16
6929.9 9.7308e-16
6932.8 9.3405e-16
6935.7 8.6651e-16
6938.5 8.8401e-16
6941.4 9.4647e-16
6944.3 9.5788e-16
6947.1 9.6944e-16
6950.0 9.3412e-16
6952.8 9.1409e-16
6955.7 9.9026e-16
6958.6 9.0708e-16
6961.4 8.8504e-16
6964.3 9.7177e-16
6967.2 9.5264e-16
6970.0 9.9115e-16
6972.9 9.1286e-16
6975.7 8.8268e-16
6978.6 9.3338e-16
6981.5 9.3268e-16
6984.3 9.8582e-16
6987.2 9.9002e-16
6990.1 9.5903e-16
6992.9 1.0541e-15
6995.8 1.0251e-15
6998.7 1.0163e-15
7001.5 9.6690e-16
7004.4 9.0348e-16
7007.2 9.6534e-16
7010.1 9.9654e-16
7013.0 9.7307e-16
7015.8 9.9284e-16
7018.7 1.0288e-15
7021.6 9.9735e-16
7024.4 9.8762e-16
7027.3 9.8632e-16
7030.1 9.5661e-16
7033.0 9.1191e-16
7035.9 9.3472e-16
7038.7 9.9951e-16
7041.6 1.0922e-15
7044.5 9.6811e-16
7047.3 9.1592e-16
7050.2 9.5983e-16
7053.1 1.0006e-15
7055.9 1.0146e-15
7058.8 9.7459e-16
7061.6 9.7607e-16
7064.5 9.6419e-16
7067.4 9.6659e-16
7070.2 9.7223e-16
7073.1 9.4024e-16
7076.0 9.2114e-16
7078.8 9.1992e-16
7081.7 9.0910e-16
7084.5 9.0042e-16
7087.4 8.9158e-16
7090.3 9.7123e-16
7093.1 9.8543e-16
7096.0 9.0145e-16
7098.9 9.1993e-16
7101.7 9.3165e-16
7104.6 8.8084e-16
7107.5 8.6337e-16
7110.3 9.2804e-16
7113.2 9.0623e-16
7116.0 9.4964e-16
7118.9 9.3111e-16
7121.8 8.9624e-16
7124.6 9.1279e-16
7127.5 8.8128e-16
7130.4 9.7395e-16
7133.2 9.2746e-16
7136.1 9.1134e-16
7138.9 9.5537e-16
7141.8 9.3997e-16
7144.7 9.2226e-16
7147.5 9.9200e-16
7150.4 9.4768e-16
7153.3 1.0002e-15
7156.1 9.9564e-16
7159.0 9.8291e-16
7161.8 1.0774e-15
7164.7 1.0455e-15
7167.6 9.6661e-16
7170.4 9.7604e-16
7173.3 9.9600e-16
7176.2 1.0517e-15
7179.0 1.0155e-15
7181.9 1.0253e-15
7184.8 1.0163e-15
7187.6 1.0873e-15
7190.5 1.0094e-15
7193.3 9.6834e-16
7196.2 9.7010e-16
7199.1 1.0389e-15
7201.9 1.0026e-15
7204.8 9.7508e-16
7207.7 1.0755e-15
7210.5 1.1109e-15
7213.4 1.0738e-15
7216.2 1.0645e-15
7219.1 1.0791e-15
7222.0 1.1944e-15
7224.8 1.2302e-15
7227.7 1.1610e-15
7230.6 1.1811e-15
7233.4 1.2255e-15
7236.3 1.1824e-15
7239.2 1.1451e-15
7242.0 1.2391e-15
7244.9 1.2559e-15
7247.7 1.3174e-15
7250.6 1.2585e-15
7253.5 1.3212e-15
7256.3 1.2708e-15
7259.2 1.2106e-15
7262.1 1.3748e-15
7264.9 1.1872e-15
7267.8 1.1985e-15
7270.6 1.3097e-15
7273.5 1.3423e-15
7276.4 1.2934e-15
7279.2 1.2975e-15
7282.1 1.2965e-15
7285.0 1.2944e-15
7287.8 1.3373e-15
7290.7 1.2956e-15
7293.6 1.2154e-15
7296.4 1.2122e-15
7299.3 1.2367e-15
7302.1 1.2992e-15
7305.0 1.2515e-15
7307.9 1.1774e-15
7310.7 1.2103e-15
7313.6 1.1923e-15
7316.5 1.2528e-15
7319.3 1.2543e-15
7322.2 1.2028e-15
7325.0 1.2651e-15
7327.9 1.1306e-15
7330.8 1.1876e-15
7333.6 1.1865e-15
7336.5 1.2127e-15
7339.4 1.2642e-15
7342.2 1.1908e-15
7345.1 1.1117e-15
7347.9 1.1402e-15
7350.8 1.1656e-15
7353.7 1.0988e-15
7356.5 1.0967e-15
7359.4 1.1962e-15
7362.3 1.1924e-15
7365.1 1.1184e-15
7368.0 1.2336e-15
7370.9 1.2028e-15
7373.7 1.2034e-15
7376.6 1.2397e-15
7379.4 1.2900e-15
7382.3 1.2069e-15
7385.2 1.2571e-15
7388.0 1.2447e-15
7390.9 1.1822e-15
7393.8 1.2935e-15
7396.6 1.2710e-15
7399.5 1.2125e-15
7402.3 1.2680e-15
7405.2 1.3179e-15
7408.1 1.4004e-15
7410.9 1.3519e-15
7413.8 1.3042e-15
7416.7 1.4156e-15
7419.5 1.3405e-15
7422.4 1.2457e-15
7425.3 1.3132e-15
7428.1 1.3146e-15
7431.0 1.4531e-15
7433.8 1.4022e-15
7436.7 1.4033e-15
7439.6 1.4100e-15
7442.4 1.2474e-15
7445.3 1.3329e-15
7448.2 1.3781e-15
7451.0 1.4332e-15
7453.9 1.4567e-15
7456.7 1.4518e-15
7459.6 1.4181e-15
7462.5 1.3708e-15
7465.3 1.4501e-15
7468.2 1.4669e-15
7471.1 1.3651e-15
7473.9 1.4123e-15
7476.8 1.4855e-15
7479.7 1.3538e-15
7482.5 1.4321e-15
7485.4 1.4010e-15
7488.2 1.4315e-15
7491.1 1.4268e-15
7494.0 1.4140e-15
7496.8 1.5127e-15
7499.7 1.4026e-15
7502.6 1.3160e-15
7505.4 1.3293e-15
7508.3 1.3397e-15
7511.1 1.4001e-15
7514.0 1.4012e-15
7516.9 1.3167e-15
7519.7 1.3167e-15
7522.6 1.3535e-15
7525.5 1.3433e-15
7528.3 1.3570e-15
7531.2 1.3409e-15
7534.0 1.2820e-15
7536.9 1.2213e-15
7539.8 1.2538e-15
7542.6 1.1861e-15
7545.5 1.2246e-15
7548.4 1.1146e-15
7551.2 1.1827e-15
7554.1 1.1481e-15
7557.0 1.1774e-15
7559.8 1.1455e-15
7562.7 1.1408e-15
7565.5 1.0978e-15
7568.4 1.1044e-15
7571.3 1.1920e-15
7574.1 1.0278e-15
7577.0 1.2009e-15
7579.9 1.1042e-15
7582.7 1.0987e-15
7585.6 1.0663e-15
7588.4 1.1341e-15
7591.3 1.0895e-15
7594.2 1.1123e-15
7597.0 9.6474e-16
7599.9 1.0609e-15
7602.8 1.0075e-15
7605.6 1.0071e-15
7608.5 9.5302e-16
7611.4 9.7290e-16
7614.2 1.0248e-15
7617.1 9.8140e-16
7619.9 1.0463e-15
7622.8 1.0552e-15
7625.7 1.0246e-15
7628.5 9.4442e-16
7631.4 1.0387e-15
7634.3 1.0265e-15
7637.1 1.0165e-15
7640.0 1.0485e-15
7642.8 1.0669e-15
7645.7 1.1279e-15
7648.6 1.2189e-15
7651.4 1.2300e-15
7654.3 1.1296e-15
7657.2 1.1044e-15
7660.0 1.2118e-15
7662.9 1.2593e-15
7665.8 1.2387e-15
7668.6 1.2449e-15
7671.5 1.2518e-15
7674.3 1.2845e-15
7677.2 1.3350e-15
7680.1 1.2886e-15
7682.9 1.2875e-15
7685.8 1.3574e-15
7688.7 1.2622e-15
7691.5 1.3124e-15
7694.4 1.3305e-15
7697.2 1.3141e-15
7700.1 1.3900e-15
7703.0 1.4013e-15
7705.8 1.4478e-15
7708.7 1.4598e-15
7711.6 1.3294e-15
7714.4 1.3280e-15
7717.3 1.3860e-15
7720.1 1.3894e-15
7723.0 1.4298e-15
7725.9 1.3823e-15
7728.7 1.3396e-15
7731.6 1.3995e-15
7734.5 1.3563e-15
7737.3 1.4469e-15
7740.2 1.4280e-15
7743.1 1.3833e-15
7745.9 1.4130e-15
7748.8 1.3962e-15
7751.6 1.3990e-15
7754.5 1.3699e-15
7757.4 1.3876e-15
7760.2 1.3509e-15
7763.1 1.3648e-15
7766.0 1.3566e-15
7768.8 1.4295e-15
7771.7 1.3284e-15
7774.5 1.3596e-15
7777.4 1.3979e-15
7780.3 1.3040e-15
7783.1 1.3055e-15
7786.0 1.2712e-15
7788.9 1.2996e-15
7791.7 1.3364e-15
7794.6 1.3350e-15
7797.5 1.3377e-15
7800.3 1.2679e-15
7803.2 1.2083e-15
7806.0 1.2894e-15
7808.9 1.2285e-15
7811.8 1.1467e-15
7814.6 1.1661e-15
7817.5 1.1252e-15
7820.4 1.1337e-15
7823.2 1.1833e-15
7826.1 1.1568e-15
7828.9 1.1286e-15
7831.8 1.1465e-15
7834.7 1.1399e-15
7837.5 1.1458e-15
7840.4 1.1425e-15
7843.3 1.1231e-15
7846.1 1.1997e-15
7849.0 1.0953e-15
7851.9 1.2016e-15
7854.7 9.9864e-16
7857.6 1.1231e-15
7860.4 1.0421e-15
7863.3 1.0103e-15
7866.2 1.0796e-15
7869.0 9.9591e-16
7871.9 1.0211e-15
7874.8 1.0636e-15
7877.6 9.6416e-16
7880.5 1.0545e-15
7883.3 1.0787e-15
7886.2 1.0201e-15
7889.1 1.0182e-15
7891.9 1.0102e-15
7894.8 1.0109e-15
7897.7 1.0475e-15
7900.5 1.0594e-15
7903.4 8.5563e-16
7906.2 8.8321e-16
7909.1 1.0498e-15
7912.0 9.7486e-16
7914.8 8.8967e-16
7917.7 9.5198e-16
7920.6 8.7873e-16
7923.4 8.2330e-16
7926.3 8.8229e-16
7929.2 8.8554e-16
7932.0 8.2068e-16
7934.9 8.8441e-16
7937.7 8.5893e-16
7940.6 8.4220e-16
7943.5 9.3831e-16
7946.3 8.8303e-16
7949.2 9.0437e-16
7952.1 8.7795e-16
7954.9 8.0250e-16
7957.8 8.2010e-16
7960.6 8.9648e-16
7963.5 8.5727e-16
7966.4 7.9297e-16
7969.2 9.7624e-16
7972.1 8.5054e-16
7975.0 7.9136e-16
7977.8 8.2532e-16
7980.7 7.7202e-16
7983.6 8.3516e-16
7986.4 8.9989e-16
7989.3 8.3318e-16
7992.1 8.4840e-16
7995.0 8.6307e-16
7997.9 8.2778e-16
8000.7 7.7362e-16
8003.6 7.7451e-16
8006.5 8.1019e-16
8009.3 7.8990e-16
8012.2 8.4121e-16
8015.0 8.1229e-16
8017.9 8.7361e-16
8020.8 8.8174e-16
8023.6 7.3365e-16
8026.5 8.0352e-16
8029.4 7.9551e-16
8032.2 6.7177e-16
8035.1 8.1953e-16
8038.0 8.8003e-16
8040.8 8.4888e-16
8043.7 7.9449e-16
8046.5 8.0602e-16
8049.4 7.8419e-16
8052.3 7.7173e-16
8055.1 7.1061e-16
8058.0 7.2583e-16
8060.9 7.6136e-16
8063.7 7.0655e-16
8066.6 7.6453e-16
8069.4 8.0198e-16
8072.3 7.4992e-16
8075.2 7.2746e-16
8078.0 7.1115e-16
8080.9 7.6173e-16
8083.8 6.6691e-16
8086.6 7.0263e-16
8089.5 7.0495e-16
8092.4 7.0521e-16
8095.2 7.1193e-16
8098.1 7.2402e-16
8100.9 6.9796e-16
8103.8 7.0248e-16
8106.7 7.3380e-16
8109.5 7.2219e-16
8112.4 6.2534e-16
8115.3 6.2313e-16
8118.1 7.3665e-16
8121.0 6.8443e-16
8123.8 7.3123e-16
8126.7 7.2273e-16
8129.6 6.9846e-16
8132.4 6.7321e-16
8135.3 7.1244e-16
8138.2 7.2308e-16
8141.0 6.8267e-16
8143.9 6.8368e-16
8146.7 6.3520e-16
8149.6 6.4877e-16
8152.5 6.8921e-16
8155.3 6.6601e-16
8158.2 6.9805e-16
8161.1 6.3466e-16
8163.9 6.7750e-16
8166.8 7.3074e-16
8169.7 6.9336e-16
8172.5 7.2811e-16
8175.4 6.7096e-16
8178.2 6.1491e-16
8181.1 6.7082e-16
8184.0 7.1546e-16
8186.8 7.2184e-16
8189.7 6.6899e-16
8192.6 6.5348e-16
8195.4 6.3456e-16
8198.3 5.7422e-16
8201.1 6.2102e-16
8204.0 6.4388e-16
8206.9 6.2545e-16
8209.7 6.8734e-16
8212.6 6.5038e-16
8215.5 6.4715e-16
8218.3 5.7058e-16
8221.2 5.5780e-16
8224.1 5.8065e-16
8226.9 5.7323e-16
8229.8 5.4263e-16
8232.6 5.2367e-16
8235.5 5.5123e-16
8238.4 5.0350e-16
8241.2 4.7614e-16
8244.1 4.9257e-16
8247.0 5.0888e-16
8249.8 4.3322e-16
8252.7 3.9874e-16
8255.5 4.0624e-16
8258.4 4.2926e-16
8261.3 3.7947e-16
8264.1 2.8551e-16
8267.0 3.5956e-16
8269.9 4.1545e-16
8272.7 3.7068e-16
8275.6 3.1898e-16
8278.5 2.4287e-16
8281.3 2.8462e-16
8284.2 2.8582e-16
8287.0 2.5546e-16
8289.9 3.2484e-16
8292.8 3.1441e-16
8295.6 2.6606e-16
8298.5 2.8541e-16
8301.4 2.9247e-16
8304.2 2.1007e-16
8307.1 1.6342e-16
8309.9 2.9535e-16
8312.8 2.1689e-16
8315.7 2.0120e-16
8318.5 2.2114e-16
8321.4 1.8665e-16
8324.3 2.4048e-16
8327.1 1.8319e-16
8330.0 1.9229e-16
8332.8 2.1723e-16
8335.7 1.6153e-16
8338.6 1.2840e-16
8341.4 1.6067e-16
8344.3 8.0340e-17
8347.2 2.3221e-16
8350.0 2.1831e-16
8352.9 2.0740e-16
8355.8 2.6163e-16
8358.6 2.9215e-16
8361.5 2.3615e-16
8364.3 2.5283e-16
8367.2 2.6027e-16
8370.1 2.1099e-16
8372.9 1.6852e-16
8375.8 2.7847e-16
8378.7 2.3580e-16
8381.5 2.3757e-16
8384.4 2.4483e-16
8387.2 3.5409e-16
8390.1 3.2838e-16
8393.0 3.4153e-16
8395.8 3.2930e-16
8398.7 1.9120e-16
8401.6 3.1152e-16
8404.4 2.7566e-16
8407.3 2.7800e-16
8410.2 2.9886e-16
8413.0 3.2096e-16
8415.9 3.0058e-16
8418.7 3.2549e-16
8421.6 2.9759e-16
8424.5 3.2216e-16
8427.3 4.3647e-16
8430.2 3.4531e-16
8433.1 3.6195e-16
8435.9 3.3910e-16
8438.8 3.8333e-16
8441.6 3.7671e-16
8444.5 2.7574e-16
8447.4 2.9692e-16
8450.2 3.0346e-16
8453.1 2.6528e-16
8456.0 3.3410e-16
8458.8 3.1721e-16
8461.7 3.2538e-16
8464.6 3.2498e-16
8467.4 3.0862e-16
8470.3 3.7928e-16
8473.1 3.2582e-16
8476.0 3.4571e-16
8478.9 4.8056e-16
8481.7 4.1709e-16
8484.6 3.7635e-16
8487.5 4.3218e-16
8490.3 3.7876e-16
8493.2 4.5412e-16
8496.0 3.9800e-16
8498.9 3.5765e-16
8501.8 3.5283e-16
8504.6 4.9187e-16
8507.5 4.2502e-16
8510.4 4.0873e-16
8513.2 5.3215e-16
8516.1 4.6905e-16
8518.9 4.6405e-16
8521.8 5.0830e-16
8524.7 5.9352e-16
8527.5 5.5704e-16
8530.4 5.0778e-16
8533.3 5.2913e-16
8536.1 5.9809e-16
8539.0 5.9462e-16
8541.9 6.3216e-16
8544.7 7.2299e-16
8547.6 7.3535e-16
8550.4 7.7701e-16
8553.3 7.6723e-16
8556.2 7.7325e-16
8559.0 8.6100e-16
8561.9 8.6067e-16
8564.8 8.1490e-16
8567.6 8.3461e-16
8570.5 8.3989e-16
8573.3 8.5446e-16
8576.2 8.9938e-16
8579.1 9.7093e-16
8581.9 9.2147e-16
8584.8 9.0205e-16
8587.7 9.6773e-16
8590.5 9.8743e-16
8593.4 9.5870e-16
8596.3 9.9044e-16
8599.1 1.0286e-15
8602.0 9.9390e-16
8604.8 1.1091e-15
8607.7 1.1230e-15
8610.6 1.1805e-15
8613.4 1.1798e-15
8616.3 1.1238e-15
8619.2 1.0168e-15
8622.0 1.0323e-15
8624.9 1.1380e-15
8627.7 1.1177e-15
8630.6 1.1184e-15
8633.5 1.0887e-15
8636.3 1.0694e-15
8639.2 1.0491e-15
8642.1 1.0976e-15
8644.9 1.1583e-15
8647.8 1.1138e-15
8650.7 1.0707e-15
8653.5 1.1455e-15
8656.4 1.1581e-15
8659.2 1.0352e-15
8662.1 1.0699e-15
8665.0 1.1567e-15
8667.8 1.0858e-15
8670.7 1.1265e-15
8673.6 1.1855e-15
8676.4 1.1455e-15
8679.3 1.1969e-15
8682.1 1.1931e-15
8685.0 1.2047e-15
8687.9 1.2055e-15
8690.7 1.2070e-15
8693.6 1.1849e-15
8696.5 1.2073e-15
8699.3 1.1463e-15
8702.2 1.1765e-15
8705.0 1.3177e-15
8707.9 1.2363e-15
8710.8 1.3007e-15
8713.6 1.2655e-15
8716.5 1.2505e-15
8719.4 1.2673e-15
8722.2 1.3081e-15
8725.1 1.3900e-15
8728.0 1.3832e-15
8730.8 1.3450e-15
8733.7 1.3698e-15
8736.5 1.4018e-15
8739.4 1.2821e-15
8742.3 1.3675e-15
8745.1 1.4442e-15
8748.0 1.4130e-15
8750.9 1.4262e-15
8753.7 1.4168e-15
8756.6 1.3670e-15
8759.4 1.4157e-15
8762.3 1.4057e-15
8765.2 1.4780e-15
8768.0 1.4087e-15
8770.9 1.4960e-15
8773.8 1.4472e-15
8776.6 1.4761e-15
8779.5 1.6293e-15
8782.4 1.5583e-15
8785.2 1.4606e-15
8788.1 1.3610e-15
8790.9 1.5045e-15
8793.8 1.6295e-15
8796.7 1.6412e-15
8799.5 1.6327e-15
8802.4 1.5622e-15
8805.3 1.5866e-15
8808.1 1.5991e-15
8811.0 1.6527e-15
8813.8 1.5673e-15
8816.7 1.4807e-15
8819.6 1.5910e-15
8822.4 1.5890e-15
8825.3 1.4527e-15
8828.2 1.4610e-15
8831.0 1.7180e-15
8833.9 1.7370e-15
8836.8 1.3242e-15
8839.6 1.4598e-15
8842.5 1.6009e-15
8845.3 1.6604e-15
8848.2 1.5277e-15
8851.1 1.5358e-15
8853.9 1.6608e-15
8856.8 1.5927e-15
8859.7 1.6351e-15
8862.5 1.5366e-15
8865.4 1.4289e-15
8868.2 1.5688e-15
8871.1 1.6410e-15
8874.0 1.5513e-15
8876.8 1.6031e-15
8879.7 1.6798e-15
8882.6 1.5786e-15
8885.4 1.9057e-15
8888.3 1.8004e-15
8891.1 1.5936e-15
8894.0 1.6995e-15
8896.9 1.7285e-15
8899.7 1.6228e-15
8902.6 1.6410e-15
8905.5 1.6524e-15
8908.3 1.5232e-15
8911.2 1.4443e-15
8914.1 1.4084e-15
8916.9 1.6666e-15
8919.8 1.6933e-15
8922.6 1.5074e-15
8925.5 1.4630e-15
8928.4 1.4760e-15
8931.2 1.4026e-15
8934.1 1.5938e-15
8937.0 1.5579e-15
8939.8 1.5512e-15
8942.7 1.6646e-15
8945.5 1.7263e-15
8948.4 1.5603e-15
8951.3 1.4584e-15
8954.1 1.7093e-15
8957.0 1.7472e-15
8959.9 1.4237e-15
8962.7 1.5429e-15
8965.6 1.5070e-15
8968.5 1.4216e-15
8971.3 1.5436e-15
8974.2 1.4970e-15
8977.0 1.3294e-15
8979.9 1.3535e-15
8982.8 1.5400e-15
8985.6 1.5454e-15
8988.5 1.4240e-15
8991.4 1.3267e-15
8994.2 1.3630e-15
8997.1 1.3796e-15
8999.9 1.4704e-15
9002.8 1.4892e-15
9005.7 1.4124e-15
9008.5 1.4612e-15
9011.4 1.3842e-15
9014.3 1.4830e-15
9017.1 1.6859e-15
9020.0 1.5610e-15
9022.9 1.6013e-15
9025.7 1.5446e-15
9028.6 1.5194e-15
9031.4 1.5332e-15
9034.3 1.4483e-15
9037.2 1.5760e-15
9040.0 1.5590e-15
9042.9 1.4474e-15
9045.8 1.5293e-15
9048.6 1.3456e-15
9051.5 1.2842e-15
9054.3 1.2500e-15
9057.2 1.3668e-15
9060.1 1.5419e-15
9062.9 1.5061e-15
9065.8 1.4968e-15
9068.7 1.3507e-15
9071.5 1.5316e-15
9074.4 1.3066e-15
9077.3 1.1854e-15
9080.1 1.4102e-15
9083.0 1.2861e-15
9085.8 9.6487e-16
9088.7 1.2636e-15
9091.6 9.4553e-16
9094.4 1.2808e-15
9097.3 1.2232e-15
9100.2 1.1508e-15
9103.0 1.0643e-15
9105.9 1.0678e-15
9108.7 1.2000e-15
9111.6 1.0251e-15
9114.5 7.9724e-16
9117.3 7.7364e-16
9120.2 6.4858e-16
9123.1 8.4835e-16
9125.9 9.9596e-16
9128.8 7.3104e-16
9131.6 7.8209e-16
9134.5 7.9832e-16
9137.4 8.1484e-16
9140.2 8.3170e-16
9143.1 8.4875e-16
9146.0 8.6593e-16
9148.8 8.8336e-16
9151.7 9.0093e-16
9154.6 9.1877e-16
9157.4 9.3677e-16
9160.3 9.5482e-16
9163.1 9.7313e-16
9166.0 9.9157e-16
