3503.2 3.3529e-16
3506.1 4.7143e-16
3508.9 6.6484e-16
3511.8 8.3812e-16
3514.6 4.6179e-16
3517.5 5.8989e-16
3520.4 6.8942e-16
3523.2 9.6373e-16
3526.1 6.5769e-16
3528.9 3.0604e-16
3531.8 3.6105e-16
3534.6 4.2768e-16
3537.5 5.9599e-16
3540.4 5.2173e-16
3543.2 7.5475e-16
3546.1 6.1005e-16
3548.9 3.2755e-16
3551.8 7.7517e-16
3554.7 6.0186e-16
3557.5 7.9937e-16
3560.4 4.1669e-16
3563.2 1.0844e-15
3566.1 5.2226e-16
3569.0 7.2999e-16
3571.8 1.0019e-15
3574.7 1.0012e-15
3577.5 1.0869e-15
3580.4 1.0021e-15
3583.3 9.4850e-16
3586.1 6.6586e-16
3589.0 8.2079e-16
3591.8 9.9995e-16
3594.7 8.8195e-16
3597.6 9.6485e-16
3600.4 9.3789e-16
3603.3 8.2624e-16
3606.1 6.3045e-16
3609.0 1.0323e-15
3611.9 8.6532e-16
3614.7 7.5261e-16
3617.6 8.8598e-16
3620.4 9.6187e-16
3623.3 8.7752e-16
3626.2 9.8808e-16
3629.0 7.2275e-16
3631.9 7.1419e-16
3634.7 1.1450e-15
3637.6 1.0412e-15
3640.5 6.4906e-16
3643.3 1.1073e-15
3646.2 9.4806e-16
3649.0 6.6075e-16
3651.9 9.1074e-16
3654.7 9.6792e-16
3657.6 7.6566e-16
3660.5 8.3626e-16
3663.3 8.7047e-16
3666.2 8.5697e-16
3669.0 8.6576e-16
3671.9 8.3782e-16
3674.8 7.7904e-16
3677.6 8.0045e-16
3680.5 7.2643e-16
3683.3 1.0145e-15
3686.2 8.7206e-16
3689.1 1.0374e-15
3691.9 9.9763e-16
3694.8 9.0645e-16
3697.6 9.3302e-16
3700.5 1.0669e-15
3703.4 1.0205e-15
3706.2 1.2961e-15
3709.1 1.1591e-15
3711.9 1.3428e-15
3714.8 1.3374e-15
3717.7 9.7505e-16
3720.5 1.4107e-15
3723.4 1.4019e-15
3726.2 1.4193e-15
3729.1 1.5713e-15
3732.0 1.5636e-15
3734.8 1.4421e-15
3737.7 1.5301e-15
3740.5 1.3642e-15
3743.4 1.4764e-15
3746.3 1.5343e-15
3749.1 1.3844e-15
3752.0 1.5233e-15
3754.8 1.4005e-15
3757.7 1.3078e-15
3760.6 1.2389e-15
3763.4 1.1606e-15
3766.3 9.7544e-16
3769.1 9.6914e-16
3772.0 1.1585e-15
3774.8 1.0905e-15
3777.7 1.0844e-15
3780.6 1.1458e-15
3783.4 1.0106e-15
3786.3 9.4543e-16
3789.1 9.4046e-16
3792.0 1.1537e-15
3794.9 1.0135e-15
3797.7 1.0040e-15
3800.6 9.0630e-16
3803.4 7.1562e-16
3806.3 7.1828e-16
3809.2 7.2134e-16
3812.0 7.5543e-16
3814.9 6.6251e-16
3817.7 5.8042e-16
3820.6 5.8788e-16
3823.5 4.8680e-16
3826.3 6.4809e-16
3829.2 5.6742e-16
3832.0 6.2737e-16
3834.9 4.0947e-16
3837.8 5.8584e-16
3840.6 4.1643e-16
3843.5 4.9581e-16
3846.3 4.5101e-16
3849.2 3.1929e-16
3852.1 4.7065e-16
3854.9 4.3207e-16
3857.8 4.8594e-16
3860.6 4.8404e-16
3863.5 4.8595e-16
3866.4 4.7724e-16
3869.2 5.5175e-16
3872.1 5.1688e-16
3874.9 6.5967e-16
3877.8 6.5317e-16
3880.7 6.5778e-16
3883.5 6.0414e-16
3886.4 6.7811e-16
3889.2 8.7465e-16
3892.1 8.3065e-16
3894.9 8.8663e-16
3897.8 9.8510e-16
3900.7 7.4119e-16
3903.5 1.0320e-15
3906.4 9.7775e-16
3909.2 1.0830e-15
3912.1 1.1615e-15
3915.0 9.9738e-16
3917.8 1.3742e-15
3920.7 1.2718e-15
3923.5 1.3540e-15
3926.4 1.3207e-15
3929.3 1.4462e-15
3932.1 1.3734e-15
3935.0 1.5750e-15
3937.8 1.6275e-15
3940.7 1.4784e-15
3943.6 1.5034e-15
3946.4 1.5641e-15
3949.3 1.6361e-15
3952.1 1.6202e-15
3955.0 1.5978e-15
3957.9 1.5021e-15
3960.7 1.6843e-15
3963.6 1.6788e-15
3966.4 1.6007e-15
3969.3 1.5295e-15
3972.2 1.5291e-15
3975.0 1.6912e-15
3977.9 1.7085e-15
3980.7 1.6826e-15
3983.6 1.7147e-15
3986.5 1.7760e-15
3989.3 1.6991e-15
3992.2 1.8485e-15
3995.0 1.9507e-15
3997.9 1.8957e-15
4000.8 1.8565e-15
4003.6 1.9441e-15
4006.5 1.8174e-15
4009.3 1.9790e-15
4012.2 1.8021e-15
4015.1 1.8786e-15
4017.9 1.8958e-15
4020.8 1.9221e-15
4023.6 1.9374e-15
4026.5 1.8593e-15
4029.3 2.0128e-15
4032.2 1.9947e-15
4035.1 1.9901e-15
4037.9 1.9675e-15
4040.8 1.9776e-15
4043.6 1.8856e-15
4046.5 1.8591e-15
4049.4 1.8364e-15
4052.2 1.7593e-15
4055.1 1.7280e-15
4057.9 1.7149e-15
4060.8 1.6700e-15
4063.7 1.5842e-15
4066.5 1.5468e-15
4069.4 1.5077e-15
4072.2 1.5060e-15
4075.1 1.4461e-15
4078.0 1.4664e-15
4080.8 1.4196e-15
4083.7 1.5272e-15
4086.5 1.4316e-15
4089.4 1.3037e-15
4092.3 1.3579e-15
4095.1 1.3653e-15
4098.0 1.3415e-15
4100.8 1.3168e-15
4103.7 1.3438e-15
4106.6 1.4010e-15
4109.4 1.2915e-15
4112.3 1.2968e-15
4115.1 1.3489e-15
4118.0 1.4320e-15
4120.9 1.3973e-15
4123.7 1.3080e-15
4126.6 1.3748e-15
4129.4 1.2618e-15
4132.3 1.3049e-15
4135.2 1.3564e-15
4138.0 1.2165e-15
4140.9 1.1320e-15
4143.7 1.1811e-15
4146.6 1.0527e-15
4149.4 1.0004e-15
4152.3 1.0992e-15
4155.2 1.1339e-15
4158.0 1.0345e-15
4160.9 1.0037e-15
4163.7 1.0879e-15
4166.6 1.0967e-15
4169.5 1.0052e-15
4172.3 1.0185e-15
4175.2 1.0850e-15
4178.0 1.0334e-15
4180.9 1.0368e-15
4183.8 1.0420e-15
4186.6 1.0088e-15
4189.5 1.0470e-15
4192.3 9.7361e-16
4195.2 1.0430e-15
4198.1 1.0292e-15
4200.9 1.0316e-15
4203.8 1.0956e-15
4206.6 1.0736e-15
4209.5 9.6778e-16
4212.4 1.0840e-15
4215.2 1.0915e-15
4218.1 1.0267e-15
4220.9 1.0646e-15
4223.8 9.5549e-16
4226.7 1.0471e-15
4229.5 1.1170e-15
4232.4 1.0645e-15
4235.2 1.0806e-15
4238.1 1.1139e-15
4241.0 1.0152e-15
4243.8 1.1304e-15
4246.7 1.1479e-15
4249.5 1.1287e-15
4252.4 1.1504e-15
4255.3 1.1124e-15
4258.1 1.1680e-15
4261.0 1.1792e-15
4263.8 1.1686e-15
4266.7 1.1332e-15
4269.5 1.1531e-15
4272.4 1.1405e-15
4275.3 1.1065e-15
4278.1 1.0570e-15
4281.0 1.2074e-15
4283.8 1.0625e-15
4286.7 1.1118e-15
4289.6 1.1108e-15
4292.4 1.1509e-15
4295.3 1.0857e-15
4298.1 1.1954e-15
4301.0 1.1202e-15
4303.9 1.0955e-15
4306.7 1.0982e-15
4309.6 1.0937e-15
4312.4 1.1406e-15
4315.3 1.1112e-15
4318.2 1.0981e-15
4321.0 1.1616e-15
4323.9 1.1280e-15
4326.7 1.2196e-15
4329.6 1.1139e-15
4332.5 1.1375e-15
4335.3 1.1334e-15
4338.2 1.0738e-15
4341.0 1.1601e-15
4343.9 1.1328e-15
4346.8 1.1182e-15
4349.6 1.2738e-15
4352.5 1.1401e-15
4355.3 1.3099e-15
4358.2 1.1890e-15
4361.1 1.2729e-15
4363.9 1.2223e-15
4366.8 1.2834e-15
4369.6 1.3371e-15
4372.5 1.2842e-15
4375.4 1.2420e-15
4378.2 1.2310e-15
4381.1 1.2543e-15
4383.9 1.2394e-15
4386.8 1.2071e-15
4389.6 1.2134e-15
4392.5 1.2369e-15
4395.4 1.1358e-15
4398.2 1.0781e-15
4401.1 1.1210e-15
4403.9 1.1052e-15
4406.8 1.1265e-15
4409.7 1.0421e-15
4412.5 1.0324e-15
4415.4 9.3650e-16
4418.2 9.2559e-16
4421.1 9.4993e-16
4424.0 9.0921e-16
4426.8 8.6416e-16
4429.7 9.1426e-16
4432.5 8.5792e-16
4435.4 8.4540e-16
4438.3 7.8836e-16
4441.1 8.0811e-16
4444.0 7.1619e-16
4446.8 7.8610e-16
4449.7 7.6958e-16
4452.6 7.0120e-16
4455.4 7.4599e-16
4458.3 7.1043e-16
4461.1 7.0162e-16
4464.0 7.0457e-16
4466.9 6.5090e-16
4469.7 6.1779e-16
4472.6 7.1639e-16
4475.4 6.8708e-16
4478.3 5.9905e-16
4481.2 7.2099e-16
4484.0 6.3149e-16
4486.9 6.6167e-16
4489.7 6.4230e-16
4492.6 6.0031e-16
4495.5 6.2014e-16
4498.3 6.9470e-16
4501.2 6.4670e-16
4504.0 7.4478e-16
4506.9 6.8384e-16
4509.7 7.1301e-16
4512.6 7.0498e-16
4515.5 7.0641e-16
4518.3 7.9770e-16
4521.2 7.6505e-16
4524.0 7.2962e-16
4526.9 7.5724e-16
4529.8 7.2783e-16
4532.6 7.5157e-16
4535.5 7.3787e-16
4538.3 7.5054e-16
4541.2 7.4616e-16
4544.1 7.8603e-16
4546.9 7.7725e-16
4549.8 7.8642e-16
4552.6 7.5851e-16
4555.5 8.0849e-16
4558.4 8.6029e-16
4561.2 8.5265e-16
4564.1 9.1396e-16
4566.9 8.6801e-16
4569.8 9.0803e-16
4572.7 9.6566e-16
4575.5 9.8641e-16
4578.4 9.7632e-16
4581.2 1.0159e-15
4584.1 1.0215e-15
4587.0 1.0323e-15
4589.8 1.1625e-15
4592.7 1.1047e-15
4595.5 1.1586e-15
4598.4 1.2526e-15
4601.3 1.2597e-15
4604.1 1.3559e-15
4607.0 1.3628e-15
4609.8 1.4042e-15
4612.7 1.3944e-15
4615.6 1.4090e-15
4618.4 1.4805e-15
4621.3 1.5685e-15
4624.1 1.5734e-15
4627.0 1.6245e-15
4629.8 1.6615e-15
4632.7 1.7030e-15
4635.6 1.8015e-15
4638.4 1.7835e-15
4641.3 1.7979e-15
4644.1 1.8176e-15
4647.0 1.8490e-15
4649.9 1.8423e-15
4652.7 1.9171e-15
4655.6 1.8540e-15
4658.4 1.8289e-15
4661.3 1.9183e-15
4664.2 1.8127e-15
4667.0 1.7699e-15
4669.9 1.8190e-15
4672.7 1.8581e-15
4675.6 1.8124e-15
4678.5 1.8151e-15
4681.3 1.7951e-15
4684.2 1.8658e-15
4687.0 1.8129e-15
4689.9 1.8132e-15
4692.8 1.8121e-15
4695.6 1.8722e-15
4698.5 1.7645e-15
4701.3 1.7764e-15
4704.2 1.8127e-15
4707.1 1.7901e-15
4709.9 1.7137e-15
4712.8 1.7463e-15
4715.6 1.6512e-15
4718.5 1.6573e-15
4721.4 1.5930e-15
4724.2 1.5274e-15
4727.1 1.5821e-15
4729.9 1.4977e-15
4732.8 1.4659e-15
4735.7 1.3603e-15
4738.5 1.2618e-15
4741.4 1.2512e-15
4744.2 1.1596e-15
4747.1 1.1743e-15
4749.9 1.0687e-15
4752.8 1.0508e-15
4755.7 1.0527e-15
4758.5 9.8047e-16
4761.4 9.9256e-16
4764.2 9.2490e-16
4767.1 9.1137e-16
4770.0 8.8978e-16
4772.8 9.6640e-16
4775.7 8.7378e-16
4778.5 8.7299e-16
4781.4 8.2043e-16
4784.3 8.0586e-16
4787.1 7.9371e-16
4790.0 8.3208e-16
4792.8 8.1227e-16
4795.7 7.9748e-16
4798.6 7.2684e-16
4801.4 7.8676e-16
4804.3 7.6943e-16
4807.1 7.3658e-16
4810.0 7.8507e-16
4812.9 6.7886e-16
4815.7 7.0965e-16
4818.6 7.5457e-16
4821.4 7.4481e-16
4824.3 7.8495e-16
4827.2 7.6251e-16
4830.0 7.5258e-16
4832.9 7.7902e-16
4835.7 7.5055e-16
4838.6 7.6191e-16
4841.5 7.7609e-16
4844.3 8.0565e-16
4847.2 7.7661e-16
4850.0 8.3635e-16
4852.9 8.4583e-16
4855.8 8.6221e-16
4858.6 8.9601e-16
4861.5 8.9545e-16
4864.3 9.5803e-16
4867.2 9.4682e-16
4870.0 1.0029e-15
4872.9 1.0282e-15
4875.8 1.0455e-15
4878.6 1.0356e-15
4881.5 1.0207e-15
4884.3 9.9751e-16
4887.2 1.0554e-15
4890.1 1.0492e-15
4892.9 1.0123e-15
4895.8 1.0097e-15
4898.6 9.7639e-16
4901.5 9.2987e-16
4904.4 9.3684e-16
4907.2 9.4114e-16
4910.1 8.9766e-16
4912.9 8.7230e-16
4915.8 8.8067e-16
4918.7 9.2044e-16
4921.5 9.3110e-16
4924.4 8.8458e-16
4927.2 9.0891e-16
4930.1 9.0940e-16
4933.0 8.7400e-16
4935.8 9.3312e-16
4938.7 9.3139e-16
4941.5 9.6564e-16
4944.4 9.2925e-16
4947.3 9.6223e-16
4950.1 9.4544e-16
4953.0 1.0789e-15
4955.8 1.0453e-15
4958.7 1.0890e-15
4961.6 1.1021e-15
4964.4 1.2204e-15
4967.3 1.2297e-15
4970.1 1.3508e-15
4973.0 1.3123e-15
4975.9 1.3570e-15
4978.7 1.3952e-15
4981.6 1.4156e-15
4984.4 1.4831e-15
4987.3 1.5440e-15
4990.1 1.5399e-15
4993.0 1.5730e-15
4995.9 1.6211e-15
4998.7 1.5858e-15
5001.6 1.6334e-15
5004.4 1.6440e-15
5007.3 1.7071e-15
5010.2 1.7029e-15
5013.0 1.6585e-15
5015.9 1.6696e-15
5018.7 1.6176e-15
5021.6 1.5364e-15
5024.5 1.5734e-15
5027.3 1.4854e-15
5030.2 1.4248e-15
5033.0 1.3522e-15
5035.9 1.3290e-15
5038.8 1.2948e-15
5041.6 1.2219e-15
5044.5 1.1955e-15
5047.3 1.1164e-15
5050.2 1.0990e-15
5053.1 1.0479e-15
5055.9 9.9043e-16
5058.8 9.4834e-16
5061.6 9.8162e-16
5064.5 9.6228e-16
5067.4 9.2165e-16
5070.2 8.7799e-16
5073.1 8.8071e-16
5075.9 8.3678e-16
5078.8 8.6049e-16
5081.7 8.6768e-16
5084.5 8.4522e-16
5087.4 8.3734e-16
5090.2 8.3383e-16
5093.1 8.2552e-16
5096.0 8.1065e-16
5098.8 8.0813e-16
5101.7 8.0722e-16
5104.5 8.2456e-16
5107.4 8.2792e-16
5110.3 7.9860e-16
5113.1 7.7996e-16
5116.0 7.7419e-16
5118.8 8.3189e-16
5121.7 8.2569e-16
5124.5 7.9533e-16
5127.4 7.9403e-16
5130.3 7.5259e-16
5133.1 7.9297e-16
5136.0 8.1451e-16
5138.8 8.3811e-16
5141.7 7.9519e-16
5144.6 7.9533e-16
5147.4 8.0242e-16
5150.3 7.7830e-16
5153.1 7.6166e-16
5156.0 7.8331e-16
5158.9 7.6217e-16
5161.7 7.3885e-16
5164.6 7.6573e-16
5167.4 7.7813e-16
5170.3 7.3348e-16
5173.2 7.4503e-16
5176.0 7.5369e-16
5178.9 7.2295e-16
5181.7 7.3187e-16
5184.6 7.5872e-16
5187.5 7.6405e-16
5190.3 7.2253e-16
5193.2 7.0460e-16
5196.0 7.2286e-16
5198.9 7.2100e-16
5201.8 7.3583e-16
5204.6 7.2487e-16
5207.5 7.2198e-16
5210.3 7.5002e-16
5213.2 7.3948e-16
5216.1 7.2697e-16
5218.9 7.4510e-16
5221.8 7.4986e-16
5224.6 7.3308e-16
5227.5 7.3250e-16
5230.4 7.7482e-16
5233.2 7.9936e-16
5236.1 7.6410e-16
5238.9 8.1345e-16
5241.8 8.2180e-16
5244.6 8.7340e-16
5247.5 8.8234e-16
5250.4 8.8982e-16
5253.2 8.8606e-16
5256.1 8.7890e-16
5258.9 9.0402e-16
5261.8 9.0415e-16
5264.7 9.1681e-16
5267.5 9.5900e-16
5270.4 9.5855e-16
5273.2 1.0008e-15
5276.1 1.0169e-15
5279.0 1.0583e-15
5281.8 1.0509e-15
5284.7 1.0596e-15
5287.5 1.0949e-15
5290.4 1.1220e-15
5293.3 1.1478e-15
5296.1 1.1362e-15
5299.0 1.1614e-15
5301.8 1.2060e-15
5304.7 1.2377e-15
5307.6 1.2666e-15
5310.4 1.2987e-15
5313.3 1.2771e-15
5316.1 1.2401e-15
5319.0 1.2682e-15
5321.9 1.2938e-15
5324.7 1.3009e-15
5327.6 1.2947e-15
5330.4 1.2837e-15
5333.3 1.3578e-15
5336.2 1.2440e-15
5339.0 1.3470e-15
5341.9 1.2978e-15
5344.7 1.3290e-15
5347.6 1.3579e-15
5350.5 1.4041e-15
5353.3 1.4008e-15
5356.2 1.3619e-15
5359.0 1.4451e-15
5361.9 1.4752e-15
5364.7 1.4990e-15
5367.6 1.5401e-15
5370.5 1.5112e-15
5373.3 1.5171e-15
5376.2 1.5199e-15
5379.0 1.5337e-15
5381.9 1.4745e-15
5384.8 1.4658e-15
5387.6 1.4998e-15
5390.5 1.4722e-15
5393.3 1.5029e-15
5396.2 1.4438e-15
5399.1 1.5155e-15
5401.9 1.5224e-15
5404.8 1.4858e-15
5407.6 1.4512e-15
5410.5 1.4480e-15
5413.4 1.4341e-15
5416.2 1.4680e-15
5419.1 1.4199e-15
5421.9 1.4217e-15
5424.8 1.3742e-15
5427.7 1.4141e-15
5430.5 1.4356e-15
5433.4 1.3713e-15
5436.2 1.4983e-15
5439.1 1.4562e-15
5442.0 1.5245e-15
5444.8 1.4287e-15
5447.7 1.5132e-15
5450.5 1.5150e-15
5453.4 1.5165e-15
5456.3 1.5087e-15
5459.1 1.5474e-15
5462.0 1.6010e-15
5464.8 1.5410e-15
5467.7 1.5716e-15
5470.6 1.5631e-15
5473.4 1.6552e-15
5476.3 1.6817e-15
5479.1 1.7086e-15
5482.0 1.7236e-15
5484.8 1.6966e-15
5487.7 1.7129e-15
5490.6 1.7947e-15
5493.4 1.8131e-15
5496.3 1.8670e-15
5499.1 1.8861e-15
5502.0 1.8960e-15
5504.9 1.9591e-15
5507.7 2.0379e-15
5510.6 2.0849e-15
5513.4 2.0646e-15
5516.3 2.1174e-15
5519.2 2.1476e-15
5522.0 2.1944e-15
5524.9 2.2901e-15
5527.7 2.2457e-15
5530.6 2.3108e-15
5533.5 2.3239e-15
5536.3 2.3999e-15
5539.2 2.3757e-15
5542.0 2.4021e-15
5544.9 2.3754e-15
5547.8 2.4839e-15
5550.6 2.5357e-15
5553.5 2.4548e-15
5556.3 2.4932e-15
5559.2 2.5862e-15
5562.1 2.4982e-15
5564.9 2.5519e-15
5567.8 2.6062e-15
5570.6 2.4932e-15
5573.5 2.4784e-15
5576.4 2.4700e-15
5579.2 2.5072e-15
5582.1 2.5456e-15
5584.9 2.5510e-15
5587.8 2.4314e-15
5590.7 2.4414e-15
5593.5 2.3729e-15
5596.4 2.4225e-15
5599.2 2.4406e-15
5602.1 2.3789e-15
5604.9 2.4028e-15
5607.8 2.4175e-15
5610.7 2.3795e-15
5613.5 2.3562e-15
5616.4 2.4094e-15
5619.2 2.3888e-15
5622.1 2.3120e-15
5625.0 2.3535e-15
5627.8 2.3439e-15
5630.7 2.3376e-15
5633.5 2.3429e-15
5636.4 2.3533e-15
5639.3 2.3057e-15
5642.1 2.2344e-15
5645.0 2.2403e-15
5647.8 2.2537e-15
5650.7 2.2865e-15
5653.6 2.1276e-15
5656.4 2.1941e-15
5659.3 2.1842e-15
5662.1 2.1217e-15
5665.0 2.0724e-15
5667.9 2.0926e-15
5670.7 2.1257e-15
5673.6 2.0189e-15
5676.4 1.9750e-15
5679.3 1.9162e-15
5682.2 1.9300e-15
5685.0 1.9371e-15
5687.9 1.7978e-15
5690.7 1.8412e-15
5693.6 1.7694e-15
5696.5 1.7608e-15
5699.3 1.7783e-15
5702.2 1.7392e-15
5705.0 1.7103e-15
5707.9 1.6992e-15
5710.8 1.6008e-15
5713.6 1.5834e-15
5716.5 1.6319e-15
5719.3 1.5805e-15
5722.2 1.5152e-15
5725.0 1.4639e-15
5727.9 1.4643e-15
5730.8 1.4400e-15
5733.6 1.4710e-15
5736.5 1.4117e-15
5739.3 1.4013e-15
5742.2 1.3385e-15
5745.1 1.3469e-15
5747.9 1.3179e-15
5750.8 1.2870e-15
5753.6 1.2702e-15
5756.5 1.2762e-15
5759.4 1.2493e-15
5762.2 1.2255e-15
5765.1 1.1993e-15
5767.9 1.1317e-15
5770.8 1.1678e-15
5773.7 1.2073e-15
5776.5 1.1948e-15
5779.4 1.1612e-15
5782.2 1.1750e-15
5785.1 1.1523e-15
5788.0 1.1759e-15
5790.8 1.2137e-15
5793.7 1.2297e-15
5796.5 1.2366e-15
5799.4 1.2473e-15
5802.3 1.2918e-15
5805.1 1.3054e-15
5808.0 1.3425e-15
5810.8 1.3638e-15
5813.7 1.3627e-15
5816.6 1.4411e-15
5819.4 1.5166e-15
5822.3 1.5340e-15
5825.1 1.5517e-15
5828.0 1.5331e-15
5830.9 1.6163e-15
5833.7 1.6180e-15
5836.6 1.6589e-15
5839.4 1.7351e-15
5842.3 1.6897e-15
5845.1 1.7614e-15
5848.0 1.7976e-15
5850.9 1.7848e-15
5853.7 1.8511e-15
5856.6 1.8589e-15
5859.4 1.8538e-15
5862.3 1.8703e-15
5865.2 1.9174e-15
5868.0 1.8377e-15
5870.9 1.9023e-15
5873.7 1.9324e-15
5876.6 2.0144e-15
5879.5 2.0023e-15
5882.3 1.9370e-15
5885.2 1.9522e-15
5888.0 1.8697e-15
5890.9 1.9145e-15
5893.8 1.9162e-15
5896.6 1.9110e-15
5899.5 1.9400e-15
5902.3 1.9406e-15
5905.2 1.9004e-15
5908.1 1.9482e-15
5910.9 1.9591e-15
5913.8 1.9284e-15
5916.6 1.9417e-15
5919.5 1.9708e-15
5922.4 1.9163e-15
5925.2 1.9066e-15
5928.1 1.8524e-15
5930.9 1.8811e-15
5933.8 1.8103e-15
5936.7 1.7930e-15
5939.5 1.8236e-15
5942.4 1.8566e-15
5945.2 1.7393e-15
5948.1 1.7792e-15
5951.0 1.8153e-15
5953.8 1.7867e-15
5956.7 1.7525e-15
5959.5 1.7366e-15
5962.4 1.7190e-15
5965.2 1.7815e-15
5968.1 1.7220e-15
5971.0 1.8078e-15
5973.8 1.7802e-15
5976.7 1.7688e-15
5979.5 1.7573e-15
5982.4 1.8320e-15
5985.3 1.8408e-15
5988.1 1.8190e-15
5991.0 1.7753e-15
5993.8 1.8000e-15
5996.7 1.7145e-15
5999.6 1.6703e-15
6002.4 1.7516e-15
6005.3 1.7836e-15
6008.1 1.6834e-15
6011.0 1.6196e-15
6013.9 1.6998e-15
6016.7 1.6720e-15
6019.6 1.6179e-15
6022.4 1.5551e-15
6025.3 1.5730e-15
6028.2 1.5459e-15
6031.0 1.4994e-15
6033.9 1.4949e-15
6036.7 1.4640e-15
6039.6 1.4376e-15
6042.5 1.3901e-15
6045.3 1.3368e-15
6048.2 1.3294e-15
6051.0 1.2682e-15
6053.9 1.2951e-15
6056.8 1.2753e-15
6059.6 1.2794e-15
6062.5 1.2796e-15
6065.3 1.2229e-15
6068.2 1.2304e-15
6071.1 1.2651e-15
6073.9 1.2632e-15
6076.8 1.2671e-15
6079.6 1.2747e-15
6082.5 1.1857e-15
6085.3 1.2412e-15
6088.2 1.2572e-15
6091.1 1.2225e-15
6093.9 1.3016e-15
6096.8 1.3200e-15
6099.6 1.2940e-15
6102.5 1.3292e-15
6105.4 1.3133e-15
6108.2 1.3268e-15
6111.1 1.4087e-15
6113.9 1.3553e-15
6116.8 1.4023e-15
6119.7 1.3850e-15
6122.5 1.3254e-15
6125.4 1.3267e-15
6128.2 1.3271e-15
6131.1 1.3989e-15
6134.0 1.3174e-15
6136.8 1.2820e-15
6139.7 1.3788e-15
6142.5 1.3351e-15
6145.4 1.2441e-15
6148.3 1.2333e-15
6151.1 1.2550e-15
6154.0 1.2632e-15
6156.8 1.2557e-15
6159.7 1.2185e-15
6162.6 1.2360e-15
6165.4 1.3244e-15
6168.3 1.2978e-15
6171.1 1.2604e-15
6174.0 1.3492e-15
6176.9 1.3350e-15
6179.7 1.2834e-15
6182.6 1.3345e-15
6185.4 1.3063e-15
6188.3 1.3610e-15
6191.2 1.3479e-15
6194.0 1.3751e-15
6196.9 1.3431e-15
6199.7 1.3617e-15
6202.6 1.3297e-15
6205.5 1.2823e-15
6208.3 1.2981e-15
6211.2 1.2511e-15
6214.0 1.2492e-15
6216.9 1.2079e-15
6219.7 1.2604e-15
6222.6 1.2142e-15
6225.5 1.1968e-15
6228.3 1.2038e-15
6231.2 1.1835e-15
6234.0 1.1730e-15
6236.9 1.1864e-15
6239.8 1.1338e-15
6242.6 1.1091e-15
6245.5 1.1102e-15
6248.3 1.1156e-15
6251.2 1.1205e-15
6254.1 1.1302e-15
6256.9 1.1441e-15
6259.8 1.1519e-15
6262.6 1.1579e-15
6265.5 1.1675e-15
6268.4 1.2379e-15
6271.2 1.1930e-15
6274.1 1.2272e-15
6276.9 1.3023e-15
6279.8 1.3942e-15
6282.7 1.3449e-15
6285.5 1.4416e-15
6288.4 1.4769e-15
6291.2 1.4787e-15
6294.1 1.5252e-15
6297.0 1.4943e-15
6299.8 1.5284e-15
6302.7 1.5777e-15
6305.5 1.5662e-15
6308.4 1.5199e-15
6311.3 1.5902e-15
6314.1 1.5691e-15
6317.0 1.4876e-15
6319.8 1.5189e-15
6322.7 1.4897e-15
6325.6 1.4309e-15
6328.4 1.4450e-15
6331.3 1.4493e-15
6334.1 1.4682e-15
6337.0 1.4842e-15
6339.8 1.4214e-15
6342.7 1.3509e-15
6345.6 1.3342e-15
6348.4 1.3846e-15
6351.3 1.4452e-15
6354.1 1.3716e-15
6357.0 1.3259e-15
6359.9 1.3375e-15
6362.7 1.3292e-15
6365.6 1.3754e-15
6368.4 1.3875e-15
6371.3 1.4149e-15
6374.2 1.3930e-15
6377.0 1.4027e-15
6379.9 1.4710e-15
6382.7 1.4170e-15
6385.6 1.4615e-15
6388.5 1.4828e-15
6391.3 1.5207e-15
6394.2 1.5195e-15
6397.0 1.5031e-15
6399.9 1.4989e-15
6402.8 1.5169e-15
6405.6 1.5345e-15
6408.5 1.5591e-15
6411.3 1.6209e-15
6414.2 1.5972e-15
6417.1 1.6333e-15
6419.9 1.6305e-15
6422.8 1.6525e-15
6425.6 1.6809e-15
6428.5 1.6645e-15
6431.4 1.7111e-15
6434.2 1.7633e-15
6437.1 1.7592e-15
6439.9 1.7223e-15
6442.8 1.7489e-15
6445.7 1.8525e-15
6448.5 1.8049e-15
6451.4 1.8940e-15
6454.2 1.8711e-15
6457.1 1.9718e-15
6459.9 1.9803e-15
6462.8 2.0383e-15
6465.7 1.9753e-15
6468.5 2.0848e-15
6471.4 2.0261e-15
6474.2 2.1895e-15
6477.1 2.1464e-15
6480.0 2.1676e-15
6482.8 2.2123e-15
6485.7 2.2662e-15
6488.5 2.3002e-15
6491.4 2.3508e-15
6494.3 2.3756e-15
6497.1 2.4442e-15
6500.0 2.3914e-15
6502.8 2.4636e-15
6505.7 2.5284e-15
6508.6 2.5561e-15
6511.4 2.5734e-15
6514.3 2.6204e-15
6517.1 2.6320e-15
6520.0 2.5705e-15
6522.9 2.6162e-15
6525.7 2.6692e-15
6528.6 2.6614e-15
6531.4 2.6885e-15
6534.3 2.6945e-15
6537.2 2.7386e-15
6540.0 2.7868e-15
6542.9 2.7831e-15
6545.7 2.7071e-15
6548.6 2.7236e-15
6551.5 2.7894e-15
6554.3 2.7782e-15
6557.2 2.7679e-15
6560.0 2.7301e-15
6562.9 2.8303e-15
6565.8 2.8494e-15
6568.6 2.8746e-15
6571.5 2.8467e-15
6574.3 2.8392e-15
6577.2 2.8799e-15
6580.0 2.8573e-15
6582.9 2.8602e-15
6585.8 2.9054e-15
6588.6 2.8734e-15
6591.5 2.9071e-15
6594.3 2.8994e-15
6597.2 2.9240e-15
6600.1 2.8890e-15
6602.9 2.8902e-15
6605.8 2.8962e-15
6608.6 3.0331e-15
6611.5 2.9038e-15
6614.4 2.8718e-15
6617.2 2.8827e-15
6620.1 2.8850e-15
6622.9 2.8164e-15
6625.8 2.8129e-15
6628.7 2.7211e-15
6631.5 2.7728e-15
6634.4 2.6931e-15
6637.2 2.6583e-15
6640.1 2.7351e-15
6643.0 2.7188e-15
6645.8 2.7190e-15
6648.7 2.7413e-15
6651.5 2.6533e-15
6654.4 2.6078e-15
6657.3 2.7018e-15
6660.1 2.7188e-15
6663.0 2.6714e-15
6665.8 2.6364e-15
6668.7 2.6585e-15
6671.6 2.5844e-15
6674.4 2.5237e-15
6677.3 2.5205e-15
6680.1 2.5195e-15
6683.0 2.4996e-15
6685.9 2.4657e-15
6688.7 2.4537e-15
6691.6 2.3442e-15
6694.4 2.2997e-15
6697.3 2.2733e-15
6700.1 2.2505e-15
6703.0 2.2531e-15
6705.9 2.1728e-15
6708.7 2.1816e-15
6711.6 2.1576e-15
6714.4 2.0456e-15
6717.3 2.0199e-15
6720.2 2.0111e-15
6723.0 1.8665e-15
6725.9 1.9031e-15
6728.7 1.8370e-15
6731.6 1.8736e-15
6734.5 1.7966e-15
6737.3 1.7275e-15
6740.2 1.7002e-15
6743.0 1.7385e-15
6745.9 1.6515e-15
6748.8 1.6300e-15
6751.6 1.6048e-15
6754.5 1.6306e-15
6757.3 1.6332e-15
6760.2 1.5500e-15
6763.1 1.5717e-15
6765.9 1.5088e-15
6768.8 1.5923e-15
6771.6 1.5827e-15
6774.5 1.4850e-15
6777.4 1.5291e-15
6780.2 1.5495e-15
6783.1 1.5480e-15
6785.9 1.5383e-15
6788.8 1.5399e-15
6791.7 1.6046e-15
6794.5 1.6139e-15
6797.4 1.5690e-15
6800.2 1.5793e-15
6803.1 1.6230e-15
6806.0 1.5313e-15
6808.8 1.5575e-15
6811.7 1.6121e-15
6814.5 1.6242e-15
6817.4 1.5799e-15
6820.2 1.6600e-15
6823.1 1.6106e-15
6826.0 1.6184e-15
6828.8 1.6274e-15
6831.7 1.6507e-15
6834.5 1.6751e-15
6837.4 1.5987e-15
6840.3 1.6149e-15
6843.1 1.7082e-15
6846.0 1.5898e-15
6848.8 1.6274e-15
6851.7 1.6530e-15
6854.6 1.5891e-15
6857.4 1.5778e-15
6860.3 1.5826e-15
6863.1 1.5841e-15
6866.0 1.5875e-15
6868.9 1.6224e-15
6871.7 1.5899e-15
6874.6 1.5056e-15
6877.4 1.5110e-15
6880.3 1.5862e-15
6883.2 1.6526e-15
6886.0 1.5772e-15
6888.9 1.5582e-15
6891.7 1.5440e-15
6894.6 1.4838e-15
6897.5 1.4980e-15
6900.3 1.4453e-15
6903.2 1.5533e-15
6906.0 1.4773e-15
6908.9 1.4118e-15
6911.8 1.5436e-15
6914.6 1.5365e-15
6917.5 1.5486e-15
6920.3 1.4958e-15
6923.2 1.4531e-15
6926.1 1.4560e-15
6928.9 1.4692e-15
6931.8 1.5535e-15
6934.6 1.4337e-15
6937.5 1.4418e-15
6940.3 1.4711e-15
6943.2 1.4217e-15
6946.1 1.4333e-15
6948.9 1.3443e-15
6951.8 1.3820e-15
6954.6 1.4227e-15
6957.5 1.4194e-15
6960.4 1.4435e-15
6963.2 1.4717e-15
6966.1 1.3984e-15
6968.9 1.4280e-15
6971.8 1.4685e-15
6974.7 1.4680e-15
6977.5 1.4614e-15
6980.4 1.4363e-15
6983.2 1.4355e-15
6986.1 1.5210e-15
6989.0 1.5386e-15
6991.8 1.5158e-15
6994.7 1.5899e-15
6997.5 1.5942e-15
7000.4 1.6381e-15
7003.3 1.6683e-15
7006.1 1.5705e-15
7009.0 1.5990e-15
7011.8 1.6520e-15
7014.7 1.6748e-15
7017.6 1.7980e-15
7020.4 1.6729e-15
7023.3 1.6742e-15
7026.1 1.6887e-15
7029.0 1.7305e-15
7031.9 1.6947e-15
7034.7 1.6554e-15
7037.6 1.7219e-15
7040.4 1.7847e-15
7043.3 1.7281e-15
7046.2 1.7293e-15
7049.0 1.6997e-15
7051.9 1.6782e-15
7054.7 1.6997e-15
7057.6 1.6486e-15
7060.4 1.6441e-15
7063.3 1.6716e-15
7066.2 1.6872e-15
7069.0 1.6399e-15
7071.9 1.6161e-15
7074.7 1.6584e-15
7077.6 1.6619e-15
7080.5 1.6157e-15
7083.3 1.6318e-15
7086.2 1.6497e-15
7089.0 1.6243e-15
7091.9 1.7183e-15
7094.8 1.6019e-15
7097.6 1.6415e-15
7100.5 1.5412e-15
7103.3 1.4891e-15
7106.2 1.4353e-15
7109.1 1.4319e-15
7111.9 1.5514e-15
7114.8 1.5094e-15
7117.6 1.5498e-15
7120.5 1.4939e-15
7123.4 1.5565e-15
7126.2 1.6195e-15
7129.1 1.4840e-15
7131.9 1.5189e-15
7134.8 1.5210e-15
7137.7 1.5331e-15
7140.5 1.5047e-15
7143.4 1.5121e-15
7146.2 1.5975e-15
7149.1 1.5981e-15
7152.0 1.5600e-15
7154.8 1.6503e-15
7157.7 1.5816e-15
7160.5 1.6552e-15
7163.4 1.6988e-15
7166.3 1.6420e-15
7169.1 1.6522e-15
7172.0 1.6215e-15
7174.8 1.6986e-15
7177.7 1.7965e-15
7180.5 1.7036e-15
7183.4 1.7272e-15
7186.3 1.8100e-15
7189.1 1.7893e-15
7192.0 1.8132e-15
7194.8 1.7306e-15
7197.7 1.7497e-15
7200.6 1.7906e-15
7203.4 1.7465e-15
7206.3 1.8375e-15
7209.1 1.8155e-15
7212.0 1.8063e-15
7214.9 1.8401e-15
7217.7 1.8446e-15
7220.6 1.8059e-15
7223.4 1.9541e-15
7226.3 1.8863e-15
7229.2 1.9569e-15
7232.0 1.9148e-15
7234.9 1.9667e-15
7237.7 2.0247e-15
7240.6 1.9542e-15
7243.5 1.9814e-15
7246.3 1.9870e-15
7249.2 2.0591e-15
7252.0 2.0545e-15
7254.9 1.9875e-15
7257.8 2.1568e-15
7260.6 2.3291e-15
7263.5 2.3592e-15
7266.3 2.3050e-15
7269.2 2.3184e-15
7272.1 2.3620e-15
7274.9 2.3881e-15
7277.8 2.3367e-15
7280.6 2.4515e-15
7283.5 2.5207e-15
7286.4 2.3761e-15
7289.2 2.5495e-15
7292.1 2.5736e-15
7294.9 2.6484e-15
7297.8 2.6332e-15
7300.7 2.6737e-15
7303.5 2.7132e-15
7306.4 2.6198e-15
7309.2 2.6162e-15
7312.1 2.6698e-15
7314.9 2.7924e-15
7317.8 2.8835e-15
7320.7 2.7349e-15
7323.5 2.7313e-15
7326.4 2.8451e-15
7329.2 2.7665e-15
7332.1 2.7219e-15
7335.0 2.8086e-15
7337.8 2.7349e-15
7340.7 2.6527e-15
7343.5 2.6635e-15
7346.4 2.6340e-15
7349.3 2.6891e-15
7352.1 2.5890e-15
7355.0 2.5411e-15
7357.8 2.6880e-15
7360.7 2.6773e-15
7363.6 2.6147e-15
7366.4 2.6687e-15
7369.3 2.6647e-15
7372.1 2.6090e-15
7375.0 2.4785e-15
7377.9 2.5670e-15
7380.7 2.6711e-15
7383.6 2.6057e-15
7386.4 2.6477e-15
7389.3 2.5963e-15
7392.2 2.6898e-15
7395.0 2.6187e-15
7397.9 2.5426e-15
7400.7 2.6252e-15
7403.6 2.6160e-15
7406.5 2.8807e-15
7409.3 2.5681e-15
7412.2 2.7290e-15
7415.0 2.7280e-15
7417.9 2.6640e-15
7420.8 2.6820e-15
7423.6 2.7154e-15
7426.5 2.8294e-15
7429.3 2.8758e-15
7432.2 2.8729e-15
7435.0 2.8652e-15
7437.9 2.8127e-15
7440.8 2.9261e-15
7443.6 3.0322e-15
7446.5 3.1615e-15
7449.3 3.0030e-15
7452.2 3.0777e-15
7455.1 3.1021e-15
7457.9 3.2626e-15
7460.8 3.0953e-15
7463.6 3.2092e-15
7466.5 3.4244e-15
7469.4 3.2581e-15
7472.2 3.4757e-15
7475.1 3.5608e-15
7477.9 3.4908e-15
7480.8 3.4678e-15
7483.7 3.4826e-15
7486.5 3.6123e-15
7489.4 3.6832e-15
7492.2 3.7765e-15
7495.1 3.8495e-15
7498.0 3.7523e-15
7500.8 3.8543e-15
7503.7 3.9964e-15
7506.5 4.0462e-15
7509.4 4.0208e-15
7512.3 3.9959e-15
7515.1 4.1399e-15
7518.0 4.3139e-15
7520.8 4.2054e-15
7523.7 4.1367e-15
7526.6 4.2457e-15
7529.4 4.3046e-15
7532.3 4.2395e-15
7535.1 4.1933e-15
7538.0 4.2417e-15
7540.9 4.1227e-15
7543.7 4.0317e-15
7546.6 4.1947e-15
7549.4 4.0786e-15
7552.3 4.0988e-15
7555.1 4.2118e-15
7558.0 4.0034e-15
7560.9 3.9634e-15
7563.7 3.9811e-15
7566.6 3.8938e-15
7569.4 3.6277e-15
7572.3 3.5993e-15
7575.2 3.5654e-15
7578.0 3.5004e-15
7580.9 3.5181e-15
7583.7 3.3327e-15
7586.6 3.0793e-15
7589.5 2.9730e-15
7592.3 2.9495e-15
7595.2 3.0051e-15
7598.0 2.9888e-15
7600.9 2.8361e-15
7603.8 2.7734e-15
7606.6 2.9512e-15
7609.5 3.0298e-15
7612.3 2.8607e-15
7615.2 3.0678e-15
7618.1 3.1735e-15
7620.9 3.0789e-15
7623.8 3.2362e-15
7626.6 3.1468e-15
7629.5 2.8089e-15
7632.4 2.7569e-15
7635.2 2.9451e-15
7638.1 2.9781e-15
7640.9 2.8643e-15
7643.8 3.0349e-15
7646.7 3.2126e-15
7649.5 2.8651e-15
7652.4 3.2227e-15
7655.2 3.2207e-15
7658.1 3.2604e-15
7661.0 3.4545e-15
7663.8 3.3991e-15
7666.7 3.6306e-15
7669.5 3.6342e-15
7672.4 3.7295e-15
7675.2 3.8148e-15
7678.1 3.7963e-15
7681.0 3.9414e-15
7683.8 4.0137e-15
7686.7 4.0377e-15
7689.5 4.2266e-15
7692.4 4.3469e-15
7695.3 4.3345e-15
7698.1 4.2876e-15
7701.0 4.5990e-15
7703.8 4.5342e-15
7706.7 4.6103e-15
7709.6 4.7646e-15
7712.4 4.7752e-15
7715.3 4.9800e-15
7718.1 4.9330e-15
7721.0 4.8665e-15
7723.9 4.9343e-15
7726.7 4.9582e-15
7729.6 5.2500e-15
7732.4 5.2606e-15
7735.3 5.2454e-15
7738.2 5.3635e-15
7741.0 5.2418e-15
7743.9 5.3674e-15
7746.7 5.6319e-15
7749.6 5.7219e-15
7752.5 5.6913e-15
7755.3 5.5865e-15
7758.2 5.3684e-15
7761.0 5.2143e-15
7763.9 5.4589e-15
7766.8 5.6013e-15
7769.6 5.6343e-15
7772.5 5.7332e-15
7775.3 5.6715e-15
7778.2 5.7689e-15
7781.1 5.8349e-15
7783.9 5.7420e-15
7786.8 5.8408e-15
7789.6 5.7329e-15
7792.5 5.6901e-15
7795.3 5.4572e-15
7798.2 5.8222e-15
7801.1 5.7193e-15
7803.9 5.5525e-15
7806.8 5.7428e-15
7809.6 5.8162e-15
7812.5 5.9241e-15
7815.4 5.8625e-15
7818.2 5.6431e-15
7821.1 5.6821e-15
7823.9 5.9507e-15
7826.8 5.7422e-15
7829.7 5.8087e-15
7832.5 5.6598e-15
7835.4 5.7549e-15
7838.2 5.7530e-15
7841.1 5.8647e-15
7844.0 5.7252e-15
7846.8 5.6522e-15
7849.7 5.6735e-15
7852.5 5.5754e-15
7855.4 5.6688e-15
7858.3 5.5810e-15
7861.1 5.6296e-15
7864.0 5.3319e-15
7866.8 5.3861e-15
7869.7 5.4737e-15
7872.6 5.1434e-15
7875.4 5.3034e-15
7878.3 5.1649e-15
7881.1 5.1814e-15
7884.0 4.9298e-15
7886.9 4.9567e-15
7889.7 5.3253e-15
7892.6 5.1037e-15
7895.4 4.9812e-15
7898.3 5.1501e-15
7901.2 4.8914e-15
7904.0 4.8285e-15
7906.9 4.6823e-15
7909.7 4.7169e-15
7912.6 4.6766e-15
7915.4 4.7825e-15
7918.3 4.7277e-15
7921.2 4.6042e-15
7924.0 4.5084e-15
7926.9 4.3457e-15
7929.7 4.3977e-15
7932.6 4.6742e-15
7935.5 4.6676e-15
7938.3 4.4938e-15
7941.2 4.3798e-15
7944.0 4.2109e-15
7946.9 4.3274e-15
7949.8 4.2042e-15
7952.6 4.3349e-15
7955.5 4.3627e-15
7958.3 4.0258e-15
7961.2 4.0521e-15
7964.1 3.9616e-15
7966.9 3.8478e-15
7969.8 3.9426e-15
7972.6 3.9357e-15
7975.5 4.2140e-15
7978.4 3.9543e-15
7981.2 3.7602e-15
7984.1 3.8201e-15
7986.9 3.9275e-15
7989.8 3.8438e-15
7992.7 3.8561e-15
7995.5 3.9128e-15
7998.4 3.7815e-15
8001.2 3.7653e-15
8004.1 3.7041e-15
8007.0 3.7089e-15
8009.8 3.7005e-15
8012.7 3.7221e-15
8015.5 4.0817e-15
8018.4 3.6646e-15
8021.3 3.8840e-15
8024.1 3.8760e-15
8027.0 3.8159e-15
8029.8 3.6491e-15
8032.7 3.8325e-15
8035.5 3.9987e-15
8038.4 3.8198e-15
8041.3 3.6265e-15
8044.1 3.6407e-15
8047.0 3.8434e-15
8049.8 4.1168e-15
8052.7 3.9355e-15
8055.6 4.0743e-15
8058.4 4.0303e-15
8061.3 3.7013e-15
8064.1 3.8803e-15
8067.0 4.1510e-15
8069.9 3.8894e-15
8072.7 3.9300e-15
8075.6 4.0665e-15
8078.4 4.0605e-15
8081.3 4.0594e-15
8084.2 3.9855e-15
8087.0 4.0194e-15
8089.9 3.9731e-15
8092.7 4.1929e-15
8095.6 4.0727e-15
8098.5 4.0671e-15
8101.3 4.1514e-15
8104.2 4.0113e-15
8107.0 3.9353e-15
8109.9 4.0857e-15
8112.8 4.0847e-15
8115.6 3.8831e-15
8118.5 4.0418e-15
8121.3 3.8205e-15
8124.2 3.8359e-15
8127.1 4.1682e-15
8129.9 3.9062e-15
8132.8 3.9529e-15
8135.6 4.0725e-15
8138.5 4.0450e-15
8141.4 3.8454e-15
8144.2 3.7925e-15
8147.1 3.9266e-15
8149.9 3.7461e-15
8152.8 3.6079e-15
8155.6 3.9837e-15
8158.5 3.8084e-15
8161.4 4.2345e-15
8164.2 3.8197e-15
8167.1 3.8653e-15
8169.9 3.9758e-15
8172.8 4.0587e-15
8175.7 4.1342e-15
8178.5 3.8402e-15
8181.4 3.6872e-15
8184.2 4.0735e-15
8187.1 4.1365e-15
8190.0 3.9626e-15
8192.8 3.9113e-15
8195.7 4.0723e-15
8198.5 3.9578e-15
8201.4 4.0179e-15
8204.3 4.0464e-15
8207.1 3.9966e-15
8210.0 4.1755e-15
8212.8 4.1163e-15
8215.7 3.7729e-15
8218.6 3.8336e-15
8221.4 3.6541e-15
8224.3 3.6989e-15
8227.1 3.9705e-15
8230.0 3.8385e-15
8232.9 3.4299e-15
8235.7 3.5283e-15
8238.6 3.8059e-15
8241.4 3.7369e-15
8244.3 3.6421e-15
8247.2 3.4645e-15
8250.0 3.0552e-15
8252.9 3.0981e-15
8255.7 3.0232e-15
8258.6 2.9968e-15
8261.5 2.8834e-15
8264.3 2.5808e-15
8267.2 2.3614e-15
8270.0 2.2552e-15
8272.9 2.1727e-15
8275.7 2.2194e-15
8278.6 2.0982e-15
8281.5 1.8994e-15
8284.3 2.0631e-15
8287.2 1.6898e-15
8290.0 2.1200e-15
8292.9 1.8680e-15
8295.8 1.6365e-15
8298.6 1.6872e-15
8301.5 1.6111e-15
8304.3 1.2223e-15
8307.2 1.3130e-15
8310.1 1.5701e-15
8312.9 1.2817e-15
8315.8 1.4159e-15
8318.6 1.3329e-15
8321.5 1.2511e-15
8324.4 1.1535e-15
8327.2 1.3799e-15
8330.1 1.2636e-15
8332.9 1.3844e-15
8335.8 1.4836e-15
8338.7 1.2472e-15
8341.5 1.1638e-15
8344.4 1.4720e-15
8347.2 1.2507e-15
8350.1 1.2658e-15
8353.0 1.6583e-15
8355.8 1.2134e-15
8358.7 1.1326e-15
8361.5 1.5126e-15
8364.4 1.5221e-15
8367.3 1.2737e-15
8370.1 1.4746e-15
8373.0 1.6370e-15
8375.8 1.6225e-15
8378.7 1.6881e-15
8381.6 1.6041e-15
8384.4 1.6692e-15
8387.3 1.6878e-15
8390.1 1.9960e-15
8393.0 1.9926e-15
8395.9 1.9482e-15
8398.7 1.9920e-15
8401.6 1.8435e-15
8404.4 1.5597e-15
8407.3 1.9055e-15
8410.1 1.9877e-15
8413.0 2.0816e-15
8415.9 2.0698e-15
8418.7 2.0851e-15
8421.6 2.1319e-15
8424.4 2.2653e-15
8427.3 2.1388e-15
8430.2 2.0073e-15
8433.0 2.4789e-15
8435.9 2.2385e-15
8438.7 2.1698e-15
8441.6 2.2154e-15
8444.5 2.4442e-15
8447.3 2.3146e-15
8450.2 2.3469e-15
8453.0 2.4919e-15
8455.9 2.5107e-15
8458.8 2.2993e-15
8461.6 2.4010e-15
8464.5 2.4130e-15
8467.3 2.5432e-15
8470.2 2.8618e-15
8473.1 2.8430e-15
8475.9 2.8078e-15
8478.8 2.8203e-15
8481.6 3.0482e-15
8484.5 3.1917e-15
8487.4 2.9839e-15
8490.2 3.2118e-15
8493.1 2.9846e-15
8495.9 3.1595e-15
8498.8 3.0088e-15
8501.7 3.9198e-15
8504.5 3.5774e-15
8507.4 3.4855e-15
8510.2 3.7004e-15
8513.1 3.5661e-15
8516.0 3.7982e-15
8518.8 3.6792e-15
8521.7 3.8886e-15
8524.5 4.0305e-15
8527.4 4.0109e-15
8530.2 4.1101e-15
8533.1 3.9441e-15
8536.0 4.4300e-15
8538.8 4.7678e-15
8541.7 4.9425e-15
8544.5 5.1594e-15
8547.4 5.5185e-15
8550.3 6.5614e-15
8553.1 6.2869e-15
8556.0 6.6795e-15
8558.8 7.0119e-15
8561.7 7.0387e-15
8564.6 7.9330e-15
8567.4 8.1597e-15
8570.3 7.7313e-15
8573.1 8.8492e-15
8576.0 8.9387e-15
8578.9 8.7516e-15
8581.7 9.0318e-15
8584.6 9.2126e-15
8587.4 9.2355e-15
8590.3 9.5478e-15
8593.2 9.4498e-15
8596.0 9.5188e-15
8598.9 9.9061e-15
8601.7 9.7362e-15
8604.6 1.0716e-14
8607.5 1.0852e-14
8610.3 1.0503e-14
8613.2 9.9934e-15
8616.0 1.0888e-14
8618.9 1.0868e-14
8621.8 1.0565e-14
8624.6 1.0858e-14
8627.5 1.0463e-14
8630.3 1.1311e-14
8633.2 1.0473e-14
8636.1 1.1631e-14
8638.9 1.1449e-14
8641.8 1.1208e-14
8644.6 1.1174e-14
8647.5 1.0659e-14
8650.3 1.0588e-14
8653.2 1.0795e-14
8656.1 1.1153e-14
8658.9 1.1688e-14
8661.8 1.1610e-14
8664.6 1.1198e-14
8667.5 1.1304e-14
8670.4 1.1414e-14
8673.2 1.0862e-14
8676.1 1.0900e-14
8678.9 1.1625e-14
8681.8 1.1325e-14
8684.7 1.1307e-14
8687.5 1.1389e-14
8690.4 1.1200e-14
8693.2 1.1024e-14
8696.1 1.1363e-14
8699.0 1.1627e-14
8701.8 1.1520e-14
8704.7 1.1591e-14
8707.5 1.2393e-14
8710.4 1.1909e-14
8713.3 1.2026e-14
8716.1 1.2169e-14
8719.0 1.2180e-14
8721.8 1.2221e-14
8724.7 1.2325e-14
8727.6 1.2330e-14
8730.4 1.2559e-14
8733.3 1.3185e-14
8736.1 1.2536e-14
8739.0 1.3602e-14
8741.9 1.3529e-14
8744.7 1.3471e-14
8747.6 1.3463e-14
8750.4 1.3052e-14
8753.3 1.3710e-14
8756.2 1.3934e-14
8759.0 1.4651e-14
8761.9 1.5263e-14
8764.7 1.5093e-14
8767.6 1.5330e-14
8770.4 1.5248e-14
8773.3 1.5171e-14
8776.2 1.6011e-14
8779.0 1.5956e-14
8781.9 1.5516e-14
8784.7 1.5325e-14
8787.6 1.6252e-14
8790.5 1.6366e-14
8793.3 1.6573e-14
8796.2 1.7753e-14
8799.0 1.8555e-14
8801.9 1.8395e-14
8804.8 1.8197e-14
8807.6 1.8064e-14
8810.5 1.9226e-14
8813.3 1.9117e-14
8816.2 2.0033e-14
8819.1 2.0293e-14
8821.9 1.9799e-14
8824.8 2.1078e-14
8827.6 2.0931e-14
8830.5 1.9963e-14
8833.4 2.0983e-14
8836.2 2.1664e-14
8839.1 2.1289e-14
8841.9 2.0713e-14
8844.8 2.0739e-14
8847.7 2.1046e-14
8850.5 2.1200e-14
8853.4 2.1879e-14
8856.2 2.1535e-14
8859.1 2.1921e-14
8862.0 2.2501e-14
8864.8 2.2259e-14
8867.7 2.1515e-14
8870.5 2.1985e-14
8873.4 2.2563e-14
8876.3 2.2376e-14
8879.1 2.2054e-14
8882.0 2.2583e-14
8884.8 2.2978e-14
8887.7 2.2243e-14
8890.5 2.2904e-14
8893.4 2.3930e-14
8896.3 2.3480e-14
8899.1 2.3519e-14
8902.0 2.5208e-14
8904.8 2.5171e-14
8907.7 2.4643e-14
8910.6 2.4184e-14
8913.4 2.5586e-14
8916.3 2.5238e-14
8919.1 2.2845e-14
8922.0 2.4677e-14
8924.9 2.5242e-14
8927.7 2.4349e-14
8930.6 2.5257e-14
8933.4 2.5169e-14
8936.3 2.5878e-14
8939.2 2.5907e-14
8942.0 2.4087e-14
8944.9 2.5815e-14
8947.7 2.5098e-14
8950.6 2.5403e-14
8953.5 2.5850e-14
8956.3 2.5477e-14
8959.2 2.4721e-14
8962.0 2.5089e-14
8964.9 2.5746e-14
8967.8 2.6169e-14
8970.6 2.6447e-14
8973.5 2.6258e-14
8976.3 2.5116e-14
8979.2 2.4422e-14
8982.1 2.5963e-14
8984.9 2.6530e-14
8987.8 2.5330e-14
8990.6 2.5392e-14
8993.5 2.4773e-14
8996.4 2.5888e-14
8999.2 2.6875e-14
9002.1 2.7007e-14
9004.9 2.6510e-14
9007.8 2.5806e-14
9010.6 2.7200e-14
9013.5 2.7580e-14
9016.4 2.7206e-14
9019.2 2.7737e-14
9022.1 2.8876e-14
9024.9 3.0122e-14
9027.8 2.8462e-14
9030.7 2.8088e-14
9033.5 3.2324e-14
9036.4 2.9398e-14
9039.2 3.1304e-14
9042.1 3.2241e-14
9045.0 2.8010e-14
9047.8 2.7138e-14
9050.7 3.0382e-14
9053.5 2.8296e-14
9056.4 2.7863e-14
9059.3 3.0173e-14
9062.1 2.7767e-14
9065.0 2.8611e-14
9067.8 3.0394e-14
9070.7 2.8633e-14
9073.6 2.8068e-14
9076.4 2.7421e-14
9079.3 2.7029e-14
9082.1 2.8612e-14
9085.0 3.0332e-14
9087.9 2.8228e-14
9090.7 2.6189e-14
9093.6 2.7537e-14
9096.4 3.0037e-14
9099.3 3.1802e-14
9102.2 2.2681e-14
9105.0 2.5020e-14
9107.9 2.7815e-14
9110.7 2.5213e-14
9113.6 2.3804e-14
9116.5 2.5888e-14
9119.3 2.3302e-14
9122.2 2.2031e-14
9125.0 2.2160e-14
9127.9 2.0841e-14
9130.7 2.0044e-14
9133.6 2.0610e-14
9136.5 2.1187e-14
9139.3 2.1788e-14
9142.2 2.2405e-14
9145.0 2.3040e-14
9147.9 2.3688e-14
9150.8 2.4354e-14
9153.6 2.5036e-14
9156.5 2.5732e-14
9159.3 2.6457e-14
9162.2 2.7087e-14
9165.1 2.7833e-14
