3981.9 1.7941e-14
3984.7 1.9057e-14
3987.5 1.8965e-14
3990.3 1.9114e-14
3993.0 1.9001e-14
3995.8 1.9160e-14
3998.6 1.8894e-14
4001.4 1.8749e-14
4004.2 1.8960e-14
4006.9 1.8573e-14
4009.7 1.8192e-14
4012.5 1.8251e-14
4015.3 1.8072e-14
4018.1 1.7754e-14
4020.9 1.7591e-14
4023.6 1.7193e-14
4026.4 1.7014e-14
4029.2 1.6523e-14
4032.0 1.6086e-14
4034.8 1.5911e-14
4037.5 1.5944e-14
4040.3 1.5577e-14
4043.1 1.5073e-14
4045.9 1.4997e-14
4048.7 1.4957e-14
4051.5 1.4683e-14
4054.2 1.4489e-14
4057.0 1.3997e-14
4059.8 1.4004e-14
4062.6 1.3582e-14
4065.4 1.4173e-14
4068.1 1.4400e-14
4070.9 1.4612e-14
4073.7 1.4670e-14
4076.5 1.4722e-14
4079.3 1.4869e-14
4082.0 1.5022e-14
4084.8 1.5372e-14
4087.6 1.5576e-14
4090.4 1.5712e-14
4093.2 1.5683e-14
4096.0 1.5959e-14
4098.7 1.6400e-14
4101.5 1.6292e-14
4104.3 1.6426e-14
4107.1 1.6334e-14
4109.9 1.6531e-14
4112.6 1.7036e-14
4115.4 1.6785e-14
4118.2 1.6975e-14
4121.0 1.7050e-14
4123.8 1.7193e-14
4126.6 1.6899e-14
4129.3 1.7067e-14
4132.1 1.6859e-14
4134.9 1.6907e-14
4137.7 1.6918e-14
4140.5 1.6690e-14
4143.2 1.6624e-14
4146.0 1.6524e-14
4148.8 1.6607e-14
4151.6 1.6412e-14
4154.4 1.6203e-14
4157.1 1.6135e-14
4159.9 1.6157e-14
4162.7 1.5970e-14
4165.5 1.5354e-14
4168.3 1.5384e-14
4171.1 1.5605e-14
4173.8 1.5507e-14
4176.6 1.5292e-14
4179.4 1.4996e-14
4182.2 1.5099e-14
4185.0 1.5334e-14
4187.7 1.5373e-14
4190.5 1.5324e-14
4193.3 1.5304e-14
4196.1 1.5066e-14
4198.9 1.5223e-14
4201.6 1.5322e-14
4204.4 1.4943e-14
4207.2 1.4871e-14
4210.0 1.5243e-14
4212.8 1.4901e-14
4215.6 1.5019e-14
4218.3 1.4848e-14
4221.1 1.5312e-14
4223.9 1.5288e-14
4226.7 1.4978e-14
4229.5 1.5483e-14
4232.2 1.5400e-14
4235.0 1.5532e-14
4237.8 1.5305e-14
4240.6 1.5450e-14
4243.4 1.5369e-14
4246.2 1.5389e-14
4248.9 1.5619e-14
4251.7 1.5313e-14
4254.5 1.5299e-14
4257.3 1.5045e-14
4260.1 1.4740e-14
4262.8 1.4667e-14
4265.6 1.4311e-14
4268.4 1.4142e-14
4271.2 1.4113e-14
4274.0 1.3584e-14
4276.7 1.3597e-14
4279.5 1.3447e-14
4282.3 1.3380e-14
4285.1 1.3236e-14
4287.9 1.2932e-14
4290.7 1.2822e-14
4293.4 1.2934e-14
4296.2 1.2733e-14
4299.0 1.2454e-14
4301.8 1.2272e-14
4304.6 1.1955e-14
4307.3 1.1957e-14
4310.1 1.1973e-14
4312.9 1.1716e-14
4315.7 1.1543e-14
4318.5 1.1550e-14
4321.3 1.1296e-14
4324.0 1.1166e-14
4326.8 1.1097e-14
4329.6 1.0944e-14
4332.4 1.0768e-14
4335.2 1.0639e-14
4337.9 1.0432e-14
4340.7 1.0258e-14
4343.5 1.0068e-14
4346.3 9.7963e-15
4349.1 9.6213e-15
4351.8 9.4667e-15
4354.6 9.3690e-15
4357.4 9.3716e-15
4360.2 9.4399e-15
4363.0 8.9582e-15
4365.8 8.8004e-15
4368.5 8.9217e-15
4371.3 8.8488e-15
4374.1 8.8474e-15
4376.9 8.7288e-15
4379.7 8.6167e-15
4382.4 8.5144e-15
4385.2 8.4833e-15
4388.0 8.4487e-15
4390.8 8.5669e-15
4393.6 8.3856e-15
4396.4 8.3786e-15
4399.1 8.6638e-15
4401.9 8.7740e-15
4404.7 8.7426e-15
4407.5 8.7595e-15
4410.3 8.6238e-15
4413.0 8.8141e-15
4415.8 8.9043e-15
4418.6 8.7791e-15
4421.4 8.8355e-15
4424.2 8.7388e-15
4426.9 8.6323e-15
4429.7 8.7958e-15
4432.5 8.9200e-15
4435.3 8.7681e-15
4438.1 8.9476e-15
4440.9 8.8876e-15
4443.6 8.9562e-15
4446.4 9.0003e-15
4449.2 8.9273e-15
4452.0 8.9846e-15
4454.8 9.0051e-15
4457.5 9.0497e-15
4460.3 9.4031e-15
4463.1 9.5082e-15
4465.9 9.5228e-15
4468.7 9.6640e-15
4471.4 9.6460e-15
4474.2 9.6779e-15
4477.0 9.7154e-15
4479.8 9.9201e-15
4482.6 1.0065e-14
4485.4 1.0059e-14
4488.1 1.0161e-14
4490.9 1.0374e-14
4493.7 1.0543e-14
4496.5 1.0526e-14
4499.3 1.0587e-14
4502.0 1.0679e-14
4504.8 1.0816e-14
4507.6 1.0883e-14
4510.4 1.0833e-14
4513.2 1.0726e-14
4516.0 1.1040e-14
4518.7 1.1302e-14
4521.5 1.1155e-14
4524.3 1.1270e-14
4527.1 1.1453e-14
4529.9 1.1606e-14
4532.6 1.1627e-14
4535.4 1.1755e-14
4538.2 1.1743e-14
4541.0 1.1676e-14
4543.8 1.1963e-14
4546.5 1.2066e-14
4549.3 1.2021e-14
4552.1 1.2206e-14
4554.9 1.2373e-14
4557.7 1.2252e-14
4560.5 1.2294e-14
4563.2 1.2441e-14
4566.0 1.2422e-14
4568.8 1.2511e-14
4571.6 1.2374e-14
4574.4 1.2461e-14
4577.1 1.2439e-14
4579.9 1.2432e-14
4582.7 1.2496e-14
4585.5 1.2408e-14
4588.3 1.2507e-14
4591.1 1.2431e-14
4593.8 1.2541e-14
4596.6 1.2581e-14
4599.4 1.2627e-14
4602.2 1.2495e-14
4605.0 1.2490e-14
4607.7 1.2419e-14
4610.5 1.2473e-14
4613.3 1.2355e-14
4616.1 1.2284e-14
4618.9 1.2261e-14
4621.6 1.2110e-14
4624.4 1.2207e-14
4627.2 1.2122e-14
4630.0 1.1911e-14
4632.8 1.1813e-14
4635.6 1.1866e-14
4638.3 1.1794e-14
4641.1 1.1739e-14
4643.9 1.1926e-14
4646.7 1.1983e-14
4649.5 1.1936e-14
4652.2 1.1967e-14
4655.0 1.1890e-14
4657.8 1.1804e-14
4660.6 1.2062e-14
4663.4 1.2011e-14
4666.1 1.1896e-14
4668.9 1.1912e-14
4671.7 1.1918e-14
4674.5 1.1863e-14
4677.3 1.1708e-14
4680.1 1.1577e-14
4682.8 1.1592e-14
4685.6 1.1511e-14
4688.4 1.1336e-14
4691.2 1.1276e-14
4694.0 1.1126e-14
4696.7 1.0912e-14
4699.5 1.0660e-14
4702.3 1.0482e-14
4705.1 1.0411e-14
4707.9 1.0333e-14
4710.7 1.0131e-14
4713.4 9.8580e-15
4716.2 9.6069e-15
4719.0 9.4581e-15
4721.8 9.1873e-15
4724.6 9.0101e-15
4727.3 8.9037e-15
4730.1 8.5544e-15
4732.9 8.5521e-15
4735.7 8.4988e-15
4738.5 8.3021e-15
4741.2 8.2235e-15
4744.0 8.3593e-15
4746.8 8.2170e-15
4749.6 8.1356e-15
4752.4 8.1205e-15
4755.2 8.1987e-15
4757.9 8.1372e-15
4760.7 8.1789e-15
4763.5 7.9382e-15
4766.3 7.9465e-15
4769.1 7.8822e-15
4771.8 7.7604e-15
4774.6 7.6834e-15
4777.4 7.6516e-15
4780.2 7.6021e-15
4783.0 7.4375e-15
4785.8 7.4410e-15
4788.5 7.3342e-15
4791.3 7.3588e-15
4794.1 7.2568e-15
4796.9 7.2342e-15
4799.7 7.1795e-15
4802.4 7.1741e-15
4805.2 7.2097e-15
4808.0 7.1557e-15
4810.8 6.9792e-15
4813.6 6.8367e-15
4816.3 6.7094e-15
4819.1 6.6158e-15
4821.9 6.6054e-15
4824.7 6.5485e-15
4827.5 6.5409e-15
4830.3 6.3666e-15
4833.0 6.3073e-15
4835.8 6.2476e-15
4838.6 6.1951e-15
4841.4 6.2662e-15
4844.2 6.2428e-15
4846.9 6.2706e-15
4849.7 6.4448e-15
4852.5 6.4114e-15
4855.3 6.3669e-15
4858.1 6.4859e-15
4860.8 6.5473e-15
4863.6 6.5794e-15
4866.4 6.6066e-15
4869.2 6.6116e-15
4872.0 6.4777e-15
4874.8 6.5109e-15
4877.5 6.5156e-15
4880.3 6.4613e-15
4883.1 6.3376e-15
4885.9 6.2952e-15
4888.7 6.3008e-15
4891.4 6.2905e-15
4894.2 6.1734e-15
4897.0 6.1281e-15
4899.8 6.0895e-15
4902.6 5.9698e-15
4905.4 6.0259e-15
4908.1 5.8677e-15
4910.9 5.7059e-15
4913.7 5.7295e-15
4916.5 5.7048e-15
4919.3 5.6631e-15
4922.0 5.5185e-15
4924.8 5.5862e-15
4927.6 5.4989e-15
4930.4 5.4815e-15
4933.2 5.3540e-15
4935.9 5.4845e-15
4938.7 5.5392e-15
4941.5 5.5012e-15
4944.3 5.6049e-15
4947.1 5.6398e-15
4949.9 5.8044e-15
4952.6 5.8311e-15
4955.4 5.9110e-15
4958.2 6.0582e-15
4961.0 6.1570e-15
4963.8 6.3320e-15
4966.5 6.3565e-15
4969.3 6.3873e-15
4972.1 6.4673e-15
4974.9 6.5198e-15
4977.7 6.5952e-15
4980.5 6.7137e-15
4983.2 6.7994e-15
4986.0 6.6836e-15
4988.8 6.7012e-15
4991.6 6.7105e-15
4994.4 6.5574e-15
4997.1 6.5383e-15
4999.9 6.4398e-15
5002.7 6.2923e-15
5005.5 6.2078e-15
5008.3 6.1203e-15
5011.0 6.1376e-15
5013.8 6.1081e-15
5016.6 6.0435e-15
5019.4 5.9641e-15
5022.2 5.9163e-15
5025.0 5.7693e-15
5027.7 5.6595e-15
5030.5 5.6723e-15
5033.3 5.6935e-15
5036.1 5.5598e-15
5038.9 5.5300e-15
5041.6 5.5377e-15
5044.4 5.5239e-15
5047.2 5.4833e-15
5050.0 5.3854e-15
5052.8 5.4083e-15
5055.5 5.4269e-15
5058.3 5.4448e-15
5061.1 5.4776e-15
5063.9 5.4119e-15
5066.7 5.4629e-15
5069.5 5.4240e-15
5072.2 5.4092e-15
5075.0 5.4289e-15
5077.8 5.5471e-15
5080.6 5.6524e-15
5083.4 5.5688e-15
5086.1 5.5671e-15
5088.9 5.6768e-15
5091.7 5.8443e-15
5094.5 5.7996e-15
5097.3 5.7921e-15
5100.1 5.9926e-15
5102.8 6.0482e-15
5105.6 6.1196e-15
5108.4 6.1256e-15
5111.2 6.2267e-15
5114.0 6.1937e-15
5116.7 6.2430e-15
5119.5 6.3003e-15
5122.3 6.4588e-15
5125.1 6.4712e-15
5127.9 6.4786e-15
5130.6 6.6031e-15
5133.4 6.7313e-15
5136.2 6.8408e-15
5139.0 6.8471e-15
5141.8 6.9001e-15
5144.6 7.1090e-15
5147.3 7.1676e-15
5150.1 7.1211e-15
5152.9 7.2833e-15
5155.7 7.3843e-15
5158.5 7.4682e-15
5161.2 7.6242e-15
5164.0 7.6405e-15
5166.8 7.6085e-15
5169.6 7.7818e-15
5172.4 7.8116e-15
5175.2 7.7572e-15
5177.9 7.7881e-15
5180.7 7.8843e-15
5183.5 7.9457e-15
5186.3 8.0570e-15
5189.1 8.0354e-15
5191.8 8.0515e-15
5194.6 8.1224e-15
5197.4 8.0978e-15
5200.2 8.0629e-15
5203.0 8.0921e-15
5205.7 8.0464e-15
5208.5 8.0876e-15
5211.3 7.9725e-15
5214.1 7.9115e-15
5216.9 7.8223e-15
5219.7 7.6777e-15
5222.4 7.6717e-15
5225.2 7.6863e-15
5228.0 7.6260e-15
5230.8 7.5710e-15
5233.6 7.5274e-15
5236.3 7.4877e-15
5239.1 7.4393e-15
5241.9 7.5553e-15
5244.7 7.4640e-15
5247.5 7.3466e-15
5250.3 7.4611e-15
5253.0 7.4296e-15
5255.8 7.4285e-15
5258.6 7.4598e-15
5261.4 7.4859e-15
5264.2 7.5447e-15
5266.9 7.4895e-15
5269.7 7.5621e-15
5272.5 7.5165e-15
5275.3 7.5221e-15
5278.1 7.5390e-15
5280.8 7.4915e-15
5283.6 7.3557e-15
5286.4 7.3928e-15
5289.2 7.3740e-15
5292.0 7.3178e-15
5294.8 7.2800e-15
5297.5 7.2777e-15
5300.3 7.1332e-15
5303.1 7.0479e-15
5305.9 6.9304e-15
5308.7 6.8643e-15
5311.4 6.7068e-15
5314.2 6.5875e-15
5317.0 6.4049e-15
5319.8 6.2429e-15
5322.6 6.1258e-15
5325.3 5.8595e-15
5328.1 5.7753e-15
5330.9 5.7287e-15
5333.7 5.4662e-15
5336.5 5.3742e-15
5339.3 5.3206e-15
5342.0 5.2935e-15
5344.8 5.2311e-15
5347.6 5.0630e-15
5350.4 5.0441e-15
5353.2 4.9934e-15
5355.9 5.0390e-15
5358.7 5.0752e-15
5361.5 5.0021e-15
5364.3 5.0018e-15
5367.1 4.9662e-15
5369.9 5.0496e-15
5372.6 5.1538e-15
5375.4 5.1391e-15
5378.2 5.1349e-15
5381.0 5.2543e-15
5383.8 5.1809e-15
5386.5 5.2038e-15
5389.3 5.2601e-15
5392.1 5.2416e-15
5394.9 5.2247e-15
5397.7 5.1938e-15
5400.4 5.2444e-15
5403.2 5.2005e-15
5406.0 5.2626e-15
5408.8 5.1946e-15
5411.6 5.1448e-15
5414.4 5.1882e-15
5417.1 5.1966e-15
5419.9 5.3088e-15
5422.7 5.3349e-15
5425.5 5.3102e-15
5428.3 5.2942e-15
5431.0 5.2396e-15
5433.8 5.3022e-15
5436.6 5.3734e-15
5439.4 5.3979e-15
5442.2 5.4481e-15
5445.0 5.5131e-15
5447.7 5.5182e-15
5450.5 5.5354e-15
5453.3 5.4585e-15
5456.1 5.4126e-15
5458.9 5.4156e-15
5461.6 5.3544e-15
5464.4 5.3097e-15
5467.2 5.2952e-15
5470.0 5.3388e-15
5472.8 5.3268e-15
5475.5 5.2678e-15
5478.3 5.2887e-15
5481.1 5.2875e-15
5483.9 5.2426e-15
5486.7 5.1728e-15
5489.5 5.1539e-15
5492.2 5.0494e-15
5495.0 4.9129e-15
5497.8 4.9132e-15
5500.6 4.8171e-15
5503.4 4.7519e-15
5506.1 4.6925e-15
5508.9 4.6960e-15
5511.7 4.5574e-15
5514.5 4.5067e-15
5517.3 4.5301e-15
5520.0 4.3890e-15
5522.8 4.2603e-15
5525.6 4.2018e-15
5528.4 4.2210e-15
5531.2 4.1411e-15
5534.0 4.0971e-15
5536.7 3.9844e-15
5539.5 3.9709e-15
5542.3 3.9502e-15
5545.1 3.9862e-15
5547.9 3.9586e-15
5550.6 4.0107e-15
5553.4 3.9816e-15
5556.2 3.9828e-15
5559.0 4.0985e-15
5561.8 4.1942e-15
5564.6 4.2543e-15
5567.3 4.4105e-15
5570.1 4.4802e-15
5572.9 4.5575e-15
5575.7 4.7306e-15
5578.5 4.8068e-15
5581.2 4.8146e-15
5584.0 4.9176e-15
5586.8 5.1089e-15
5589.6 5.1553e-15
5592.4 5.1389e-15
5595.1 5.1974e-15
5597.9 5.3363e-15
5600.7 5.3043e-15
5603.5 5.3189e-15
5606.3 5.2623e-15
5609.1 5.3045e-15
5611.8 5.3083e-15
5614.6 5.2398e-15
5617.4 5.2606e-15
5620.2 5.2824e-15
5623.0 5.2682e-15
5625.7 5.3488e-15
5628.5 5.2856e-15
5631.3 5.2184e-15
5634.1 5.2474e-15
5636.9 5.2491e-15
5639.7 5.2906e-15
5642.4 5.2795e-15
5645.2 5.2560e-15
5648.0 5.1865e-15
5650.8 5.1856e-15
5653.6 5.1257e-15
5656.3 5.2331e-15
5659.1 5.2333e-15
5661.9 5.1687e-15
5664.7 5.2165e-15
5667.5 5.1963e-15
5670.2 5.1046e-15
5673.0 5.1783e-15
5675.8 5.1910e-15
5678.6 5.0968e-15
5681.4 5.0530e-15
5684.2 5.0704e-15
5686.9 5.0244e-15
5689.7 4.9876e-15
5692.5 4.9721e-15
5695.3 4.9885e-15
5698.1 4.8751e-15
5700.8 4.7969e-15
5703.6 4.8005e-15
5706.4 4.6845e-15
5709.2 4.6590e-15
5712.0 4.6053e-15
5714.8 4.6066e-15
5717.5 4.5748e-15
5720.3 4.5232e-15
5723.1 4.5216e-15
5725.9 4.5522e-15
5728.7 4.5327e-15
5731.4 4.4944e-15
5734.2 4.3956e-15
5737.0 4.3172e-15
5739.8 4.2926e-15
5742.6 4.2845e-15
5745.3 4.2976e-15
5748.1 4.2270e-15
5750.9 4.2437e-15
5753.7 4.1575e-15
5756.5 4.2089e-15
5759.3 4.2170e-15
5762.0 4.1379e-15
5764.8 4.1317e-15
5767.6 4.0843e-15
5770.4 4.1013e-15
5773.2 4.1029e-15
5775.9 4.1039e-15
5778.7 4.0751e-15
5781.5 4.0275e-15
5784.3 4.0590e-15
5787.1 4.0694e-15
5789.8 4.0817e-15
5792.6 4.0746e-15
5795.4 4.1036e-15
5798.2 4.1134e-15
5801.0 4.0842e-15
5803.8 4.0865e-15
5806.5 4.0927e-15
5809.3 4.1767e-15
5812.1 4.2858e-15
5814.9 4.2609e-15
5817.7 4.2093e-15
5820.4 4.2356e-15
5823.2 4.2441e-15
5826.0 4.2583e-15
5828.8 4.2979e-15
5831.6 4.3051e-15
5834.4 4.3437e-15
5837.1 4.4006e-15
5839.9 4.3277e-15
5842.7 4.3939e-15
5845.5 4.4264e-15
5848.3 4.4015e-15
5851.0 4.4291e-15
5853.8 4.4452e-15
5856.6 4.4419e-15
5859.4 4.4793e-15
5862.2 4.5664e-15
5864.9 4.6335e-15
5867.7 4.5835e-15
5870.5 4.6600e-15
5873.3 4.6317e-15
5876.1 4.6168e-15
5878.9 4.5951e-15
5881.6 4.5844e-15
5884.4 4.6534e-15
5887.2 4.7678e-15
5890.0 4.8285e-15
5892.8 4.8562e-15
5895.5 4.9032e-15
5898.3 4.8901e-15
5901.1 4.9796e-15
5903.9 5.0781e-15
5906.7 5.0849e-15
5909.5 5.0857e-15
5912.2 5.0517e-15
5915.0 5.0275e-15
5917.8 5.0766e-15
5920.6 5.0641e-15
5923.4 5.0682e-15
5926.1 5.0785e-15
5928.9 5.0790e-15
5931.7 5.0780e-15
5934.5 5.0475e-15
5937.3 5.0283e-15
5940.0 4.9616e-15
5942.8 4.9658e-15
5945.6 4.9229e-15
5948.4 4.8990e-15
5951.2 4.8066e-15
5954.0 4.7732e-15
5956.7 4.8026e-15
5959.5 4.7746e-15
5962.3 4.7480e-15
5965.1 4.7259e-15
5967.9 4.7445e-15
5970.6 4.7070e-15
5973.4 4.6787e-15
5976.2 4.5981e-15
5979.0 4.5338e-15
5981.8 4.6045e-15
5984.5 4.5608e-15
5987.3 4.4827e-15
5990.1 4.4163e-15
5992.9 4.4520e-15
5995.7 4.4696e-15
5998.5 4.3752e-15
6001.2 4.3599e-15
6004.0 4.3566e-15
6006.8 4.3428e-15
6009.6 4.3637e-15
6012.4 4.3412e-15
6015.1 4.3164e-15
6017.9 4.2905e-15
6020.7 4.2313e-15
6023.5 4.2734e-15
6026.3 4.2280e-15
6029.1 4.2482e-15
6031.8 4.1924e-15
6034.6 4.2089e-15
6037.4 4.1301e-15
6040.2 4.1273e-15
6043.0 4.1282e-15
6045.7 4.1755e-15
6048.5 4.0625e-15
6051.3 4.0638e-15
6054.1 4.0264e-15
6056.9 4.0364e-15
6059.6 4.1052e-15
6062.4 4.0276e-15
6065.2 4.0063e-15
6068.0 4.0212e-15
6070.8 3.9500e-15
6073.6 3.9412e-15
6076.3 3.9368e-15
6079.1 3.9450e-15
6081.9 3.8835e-15
6084.7 3.8705e-15
6087.5 3.8879e-15
6090.2 3.8224e-15
6093.0 3.8230e-15
6095.8 3.7581e-15
6098.6 3.7488e-15
6101.4 3.7411e-15
6104.2 3.6708e-15
6106.9 3.5702e-15
6109.7 3.5924e-15
6112.5 3.5432e-15
6115.3 3.4823e-15
6118.1 3.4553e-15
6120.8 3.4168e-15
6123.6 3.2652e-15
6126.4 3.2117e-15
6129.2 3.1406e-15
6132.0 3.0319e-15
6134.7 2.9792e-15
6137.5 2.8695e-15
6140.3 2.7663e-15
6143.1 2.7148e-15
6145.9 2.6150e-15
6148.7 2.4846e-15
6151.4 2.3484e-15
6154.2 2.2558e-15
6157.0 2.1566e-15
6159.8 2.0842e-15
6162.6 2.0136e-15
6165.3 1.9285e-15
6168.1 1.8431e-15
6170.9 1.7509e-15
6173.7 1.6994e-15
6176.5 1.6288e-15
6179.2 1.5488e-15
6182.0 1.4884e-15
6184.8 1.4248e-15
6187.6 1.3986e-15
6190.4 1.4089e-15
6193.2 1.3977e-15
6195.9 1.3732e-15
6198.7 1.3541e-15
6201.5 1.3547e-15
6204.3 1.3266e-15
6207.1 1.3361e-15
6209.8 1.3470e-15
6212.6 1.3646e-15
6215.4 1.3476e-15
6218.2 1.3643e-15
6221.0 1.3693e-15
6223.8 1.4040e-15
6226.5 1.3977e-15
6229.3 1.3988e-15
6232.1 1.4659e-15
6234.9 1.4452e-15
6237.7 1.4930e-15
6240.4 1.5488e-15
6243.2 1.6100e-15
6246.0 1.6247e-15
6248.8 1.6966e-15
6251.6 1.7320e-15
6254.3 1.8054e-15
6257.1 1.8938e-15
6259.9 1.9721e-15
6262.7 1.9939e-15
6265.5 2.0986e-15
6268.3 2.1012e-15
6271.0 2.2539e-15
6273.8 2.3041e-15
6276.6 2.3650e-15
6279.4 2.4072e-15
6282.2 2.5341e-15
6284.9 2.5720e-15
6287.7 2.6340e-15
6290.5 2.6781e-15
6293.3 2.7841e-15
6296.1 2.8940e-15
6298.9 2.8835e-15
6301.6 2.8829e-15
6304.4 2.9084e-15
6307.2 2.9825e-15
6310.0 3.0472e-15
6312.8 3.1139e-15
6315.5 3.1944e-15
6318.3 3.2080e-15
6321.1 3.2019e-15
6323.9 3.2405e-15
6326.7 3.2740e-15
6329.4 3.3145e-15
6332.2 3.2992e-15
6335.0 3.2517e-15
6337.8 3.2796e-15
6340.6 3.3095e-15
6343.4 3.3039e-15
6346.1 3.2933e-15
6348.9 3.2878e-15
6351.7 3.2854e-15
6354.5 3.2960e-15
6357.3 3.2922e-15
6360.0 3.2866e-15
6362.8 3.2914e-15
6365.6 3.2562e-15
6368.4 3.2809e-15
6371.2 3.2626e-15
6373.9 3.2706e-15
6376.7 3.2586e-15
6379.5 3.2121e-15
6382.3 3.1903e-15
6385.1 3.2151e-15
6387.9 3.1812e-15
6390.6 3.2065e-15
6393.4 3.1466e-15
6396.2 3.1026e-15
6399.0 3.1199e-15
6401.8 3.1113e-15
6404.5 3.1375e-15
6407.3 3.1424e-15
6410.1 3.1291e-15
6412.9 3.1269e-15
6415.7 3.0478e-15
6418.5 3.1090e-15
6421.2 3.1094e-15
6424.0 3.0080e-15
6426.8 3.0197e-15
6429.6 3.0383e-15
6432.4 3.0131e-15
6435.1 2.9980e-15
6437.9 2.9579e-15
6440.7 2.9346e-15
6443.5 2.9240e-15
6446.3 2.9466e-15
6449.0 2.9017e-15
6451.8 2.8864e-15
6454.6 2.9045e-15
6457.4 2.9043e-15
6460.2 2.8718e-15
6463.0 2.8801e-15
6465.7 2.8637e-15
6468.5 2.8446e-15
6471.3 2.8883e-15
6474.1 2.8973e-15
6476.9 2.8502e-15
6479.6 2.8422e-15
6482.4 2.8860e-15
6485.2 2.8759e-15
6488.0 2.8214e-15
6490.8 2.8597e-15
6493.6 2.8874e-15
6496.3 2.8225e-15
6499.1 2.8729e-15
6501.9 2.8887e-15
6504.7 2.8188e-15
6507.5 2.8166e-15
6510.2 2.8819e-15
6513.0 2.8921e-15
6515.8 2.8574e-15
6518.6 2.8295e-15
6521.4 2.8317e-15
6524.1 2.8621e-15
6526.9 2.8811e-15
6529.7 2.8719e-15
6532.5 2.8608e-15
6535.3 2.8378e-15
6538.1 2.8202e-15
6540.8 2.8008e-15
6543.6 2.8521e-15
6546.4 2.8757e-15
6549.2 2.8719e-15
6552.0 2.8706e-15
6554.7 2.8175e-15
6557.5 2.8733e-15
6560.3 2.8224e-15
6563.1 2.8559e-15
6565.9 2.8461e-15
6568.7 2.8206e-15
6571.4 2.8585e-15
6574.2 2.8359e-15
6577.0 2.8446e-15
6579.8 2.8394e-15
6582.6 2.8327e-15
6585.3 2.8169e-15
6588.1 2.7762e-15
6590.9 2.7853e-15
6593.7 2.8060e-15
6596.5 2.8222e-15
6599.2 2.8144e-15
6602.0 2.7799e-15
6604.8 2.7666e-15
6607.6 2.7216e-15
6610.4 2.6671e-15
6613.2 2.6830e-15
6615.9 2.7056e-15
6618.7 2.6816e-15
6621.5 2.6827e-15
6624.3 2.7207e-15
6627.1 2.7193e-15
6629.8 2.6956e-15
6632.6 2.6759e-15
6635.4 2.6836e-15
6638.2 2.6060e-15
6641.0 2.5844e-15
6643.7 2.5413e-15
6646.5 2.4909e-15
6649.3 2.5443e-15
6652.1 2.5201e-15
6654.9 2.4956e-15
6657.7 2.4943e-15
6660.4 2.4820e-15
6663.2 2.4434e-15
6666.0 2.4221e-15
6668.8 2.4200e-15
6671.6 2.3910e-15
6674.3 2.3740e-15
6677.1 2.3578e-15
6679.9 2.3879e-15
6682.7 2.4172e-15
6685.5 2.3913e-15
6688.3 2.3490e-15
6691.0 2.3340e-15
6693.8 2.3401e-15
6696.6 2.2955e-15
6699.4 2.2438e-15
6702.2 2.2633e-15
6704.9 2.2603e-15
6707.7 2.2288e-15
6710.5 2.2121e-15
6713.3 2.1955e-15
6716.1 2.1767e-15
6718.8 2.1607e-15
6721.6 2.1585e-15
6724.4 2.1610e-15
6727.2 2.1180e-15
6730.0 2.1155e-15
6732.8 2.0982e-15
6735.5 2.0678e-15
6738.3 2.0164e-15
6741.1 2.0115e-15
6743.9 2.0863e-15
6746.7 1.9894e-15
6749.4 2.0128e-15
6752.2 2.0632e-15
6755.0 1.9899e-15
6757.8 1.9702e-15
6760.6 2.0028e-15
6763.4 1.9541e-15
6766.1 1.9426e-15
6768.9 1.9392e-15
6771.7 1.9225e-15
6774.5 1.9232e-15
6777.3 1.9330e-15
6780.0 1.9296e-15
6782.8 1.9109e-15
6785.6 1.9126e-15
6788.4 1.9334e-15
6791.2 1.9291e-15
6793.9 1.9111e-15
6796.7 1.8961e-15
6799.5 1.8788e-15
6802.3 1.8827e-15
6805.1 1.8895e-15
6807.9 1.8911e-15
6810.6 1.8848e-15
6813.4 1.8539e-15
6816.2 1.8876e-15
6819.0 1.8692e-15
6821.8 1.8776e-15
6824.5 1.8632e-15
6827.3 1.8241e-15
6830.1 1.8169e-15
6832.9 1.8280e-15
6835.7 1.7926e-15
6838.4 1.7862e-15
6841.2 1.7848e-15
6844.0 1.7335e-15
6846.8 1.7414e-15
6849.6 1.7913e-15
6852.4 1.7613e-15
6855.1 1.7111e-15
6857.9 1.6639e-15
6860.7 1.6177e-15
6863.5 1.6064e-15
6866.3 1.6086e-15
6869.0 1.6374e-15
6871.8 1.6573e-15
6874.6 1.6410e-15
6877.4 1.6297e-15
6880.2 1.6319e-15
6883.0 1.6259e-15
6885.7 1.6013e-15
6888.5 1.5847e-15
6891.3 1.5740e-15
6894.1 1.5885e-15
6896.9 1.6305e-15
6899.6 1.6327e-15
6902.4 1.6498e-15
6905.2 1.6262e-15
6908.0 1.5971e-15
6910.8 1.6332e-15
6913.5 1.6113e-15
6916.3 1.5743e-15
6919.1 1.5880e-15
6921.9 1.5631e-15
6924.7 1.6223e-15
6927.5 1.5999e-15
6930.2 1.5614e-15
6933.0 1.5798e-15
6935.8 1.5688e-15
6938.6 1.5470e-15
6941.4 1.5278e-15
6944.1 1.5049e-15
6946.9 1.5107e-15
6949.7 1.5355e-15
6952.5 1.5328e-15
6955.3 1.5241e-15
6958.1 1.5170e-15
6960.8 1.4998e-15
6963.6 1.4916e-15
6966.4 1.5008e-15
6969.2 1.4847e-15
6972.0 1.4443e-15
6974.7 1.4545e-15
6977.5 1.4546e-15
6980.3 1.4276e-15
6983.1 1.4370e-15
6985.9 1.4433e-15
6988.6 1.4246e-15
6991.4 1.4300e-15
6994.2 1.4293e-15
6997.0 1.4183e-15
6999.8 1.3979e-15
7002.6 1.3923e-15
7005.3 1.3910e-15
7008.1 1.3879e-15
7010.9 1.3893e-15
7013.7 1.3896e-15
7016.5 1.3817e-15
7019.2 1.3671e-15
7022.0 1.3480e-15
7024.8 1.3344e-15
7027.6 1.3300e-15
7030.4 1.3296e-15
7033.1 1.3274e-15
7035.9 1.3202e-15
7038.7 1.3148e-15
7041.5 1.3156e-15
7044.3 1.3167e-15
7047.1 1.3137e-15
7049.8 1.3085e-15
7052.6 1.3062e-15
7055.4 1.3042e-15
7058.2 1.3008e-15
7061.0 1.2968e-15
7063.7 1.2895e-15
7066.5 1.2840e-15
7069.3 1.2818e-15
7072.1 1.2749e-15
7074.9 1.2639e-15
7077.7 1.2517e-15
7080.4 1.2423e-15
7083.2 1.2364e-15
7086.0 1.2281e-15
7088.8 1.2141e-15
7091.6 1.2028e-15
7094.3 1.1993e-15
7097.1 1.1927e-15
7099.9 1.1812e-15
7102.7 1.1678e-15
7105.5 1.1534e-15
7108.2 1.1426e-15
7111.0 1.1419e-15
7113.8 1.1490e-15
7116.6 1.1560e-15
7119.4 1.1557e-15
7122.2 1.1427e-15
7124.9 1.1255e-15
7127.7 1.1183e-15
7130.5 1.1207e-15
7133.3 1.1241e-15
7136.1 1.1195e-15
7138.8 1.1071e-15
7141.6 1.0963e-15
7144.4 1.0912e-15
7147.2 1.0868e-15
7150.0 1.0837e-15
7152.8 1.0803e-15
7155.5 1.0739e-15
7158.3 1.0711e-15
7161.1 1.0731e-15
7163.9 1.0731e-15
7166.7 1.0676e-15
7169.4 1.0604e-15
7172.2 1.0585e-15
7175.0 1.0614e-15
7177.8 1.0604e-15
7180.6 1.0522e-15
7183.3 1.0434e-15
7186.1 1.0373e-15
7188.9 1.0348e-15
7191.7 1.0413e-15
7194.5 1.0510e-15
7197.3 1.0534e-15
7200.0 1.0537e-15
7202.8 1.0551e-15
7205.6 1.0505e-15
7208.4 1.0461e-15
7211.2 1.0474e-15
7213.9 1.0480e-15
7216.7 1.0499e-15
7219.5 1.0508e-15
7222.3 1.0460e-15
7225.1 1.0428e-15
7227.9 1.0448e-15
7230.6 1.0448e-15
7233.4 1.0396e-15
7236.2 1.0338e-15
7239.0 1.0285e-15
7241.8 1.0209e-15
7244.5 1.0166e-15
7247.3 1.0271e-15
7250.1 1.0397e-15
7252.9 1.0351e-15
7255.7 1.0247e-15
7258.4 1.0244e-15
7261.2 1.0330e-15
7264.0 1.0393e-15
7266.8 1.0344e-15
7269.6 1.0283e-15
7272.4 1.0254e-15
7275.1 1.0184e-15
7277.9 1.0072e-15
7280.7 9.9203e-16
7283.5 9.7473e-16
7286.3 9.6427e-16
7289.0 9.6502e-16
7291.8 9.7174e-16
7294.6 9.7572e-16
7297.4 9.7254e-16
7300.2 9.6544e-16
7302.9 9.5733e-16
7305.7 9.4748e-16
7308.5 9.4694e-16
7311.3 9.6104e-16
7314.1 9.7616e-16
7316.9 9.8018e-16
7319.6 9.7352e-16
7322.4 9.6260e-16
7325.2 9.5114e-16
7328.0 9.4401e-16
7330.8 9.4138e-16
7333.5 9.3451e-16
7336.3 9.2316e-16
7339.1 9.1899e-16
7341.9 9.2601e-16
7344.7 9.3052e-16
7347.5 9.2586e-16
7350.2 9.1844e-16
7353.0 9.0998e-16
7355.8 9.0462e-16
7358.6 9.0732e-16
7361.4 9.1427e-16
7364.1 9.2085e-16
7366.9 9.2471e-16
7369.7 9.2294e-16
7372.5 9.1449e-16
7375.3 9.1014e-16
7378.0 9.1251e-16
7380.8 9.1235e-16
7383.6 9.0891e-16
7386.4 9.0531e-16
7389.2 8.9842e-16
7392.0 8.8736e-16
7394.7 8.8021e-16
7397.5 8.8213e-16
7400.3 8.8422e-16
7403.1 8.7631e-16
7405.9 8.6349e-16
7408.6 8.5756e-16
7411.4 8.6155e-16
7414.2 8.6767e-16
7417.0 8.6748e-16
7419.8 8.6193e-16
7422.6 8.5266e-16
7425.3 8.3926e-16
7428.1 8.2890e-16
7430.9 8.2402e-16
7433.7 8.2045e-16
7436.5 8.1582e-16
7439.2 8.1516e-16
7442.0 8.2235e-16
7444.8 8.2674e-16
7447.6 8.2202e-16
7450.4 8.1830e-16
7453.1 8.1754e-16
7455.9 8.1483e-16
7458.7 8.1475e-16
7461.5 8.1661e-16
7464.3 8.1481e-16
7467.1 8.1442e-16
7469.8 8.1842e-16
7472.6 8.1978e-16
7475.4 8.1596e-16
7478.2 8.1413e-16
7481.0 8.2030e-16
7483.7 8.3225e-16
7486.5 8.4220e-16
7489.3 8.4167e-16
7492.1 8.3077e-16
7494.9 8.2017e-16
7497.6 8.1808e-16
7500.4 8.2102e-16
7503.2 8.2217e-16
7506.0 8.1698e-16
7508.8 8.0795e-16
7511.6 8.0909e-16
7514.3 8.1566e-16
7517.1 8.1262e-16
7519.9 8.0157e-16
7522.7 7.8853e-16
7525.5 7.8109e-16
7528.2 7.8509e-16
7531.0 7.9184e-16
7533.8 7.8820e-16
7536.6 7.7760e-16
7539.4 7.7192e-16
7542.2 7.7145e-16
7544.9 7.7413e-16
7547.7 7.8057e-16
7550.5 7.8639e-16
7553.3 7.8486e-16
7556.1 7.7767e-16
7558.8 7.7382e-16
7561.6 7.7122e-16
7564.4 7.6386e-16
7567.2 7.5166e-16
7570.0 7.3889e-16
7572.7 7.3113e-16
7575.5 7.2868e-16
7578.3 7.2877e-16
7581.1 7.2495e-16
7583.9 7.1447e-16
7586.7 7.0784e-16
7589.4 7.0579e-16
7592.2 6.9836e-16
7595.0 6.9330e-16
7597.8 6.9868e-16
7600.6 7.0629e-16
7603.3 7.1145e-16
7606.1 7.1608e-16
7608.9 7.2042e-16
7611.7 7.2232e-16
7614.5 7.1583e-16
7617.3 7.0112e-16
7620.0 6.9546e-16
7622.8 7.0333e-16
7625.6 7.0384e-16
7628.4 6.9384e-16
7631.2 6.9316e-16
7633.9 7.0060e-16
7636.7 7.0373e-16
7639.5 7.0840e-16
7642.3 7.1837e-16
7645.1 7.2735e-16
7647.8 7.3500e-16
7650.6 7.4276e-16
7653.4 7.4667e-16
7656.2 7.4613e-16
7659.0 7.4519e-16
7661.8 7.4414e-16
7664.5 7.4253e-16
7667.3 7.4010e-16
7670.1 7.4087e-16
7672.9 7.4679e-16
7675.7 7.5276e-16
7678.4 7.5893e-16
7681.2 7.6624e-16
7684.0 7.6837e-16
7686.8 7.6391e-16
7689.6 7.6145e-16
7692.3 7.6350e-16
7695.1 7.6184e-16
7697.9 7.5351e-16
7700.7 7.4735e-16
7703.5 7.4908e-16
7706.3 7.5368e-16
7709.0 7.5359e-16
7711.8 7.4713e-16
7714.6 7.4278e-16
7717.4 7.4885e-16
7720.2 7.6018e-16
7722.9 7.6685e-16
7725.7 7.6744e-16
7728.5 7.6967e-16
7731.3 7.7527e-16
7734.1 7.7259e-16
7736.9 7.5977e-16
7739.6 7.5146e-16
7742.4 7.5312e-16
7745.2 7.5803e-16
7748.0 7.5963e-16
7750.8 7.5460e-16
7753.5 7.4844e-16
7756.3 7.4886e-16
7759.1 7.5351e-16
7761.9 7.5987e-16
7764.7 7.6616e-16
7767.4 7.6827e-16
7770.2 7.7013e-16
7773.0 7.7576e-16
7775.8 7.7931e-16
7778.6 7.7608e-16
7781.4 7.7237e-16
7784.1 7.7525e-16
7786.9 7.8210e-16
7789.7 7.8691e-16
7792.5 7.8889e-16
7795.3 7.9132e-16
7798.0 7.9443e-16
7800.8 7.9531e-16
7803.6 8.0102e-16
7806.4 8.1140e-16
7809.2 8.0988e-16
7812.0 7.9894e-16
7814.7 7.9791e-16
7817.5 8.1055e-16
7820.3 8.2507e-16
7823.1 8.3338e-16
7825.9 8.3753e-16
7828.6 8.4230e-16
7831.4 8.4991e-16
7834.2 8.6100e-16
7837.0 8.7310e-16
7839.8 8.8330e-16
7842.5 8.9389e-16
7845.3 8.9901e-16
7848.1 8.9542e-16
7850.9 8.9257e-16
7853.7 8.9096e-16
7856.5 8.8822e-16
7859.2 8.9445e-16
7862.0 9.1010e-16
7864.8 9.2246e-16
7867.6 9.2560e-16
7870.4 9.2639e-16
7873.1 9.3530e-16
7875.9 9.4820e-16
7878.7 9.5548e-16
7881.5 9.5956e-16
7884.3 9.6053e-16
7887.1 9.5419e-16
7889.8 9.5091e-16
7892.6 9.5940e-16
7895.4 9.6426e-16
7898.2 9.5539e-16
7901.0 9.4505e-16
7903.7 9.4466e-16
7906.5 9.4772e-16
7909.3 9.4615e-16
7912.1 9.4744e-16
7914.9 9.5346e-16
7917.6 9.5552e-16
7920.4 9.5608e-16
7923.2 9.6035e-16
7926.0 9.6379e-16
7928.8 9.6379e-16
7931.6 9.5802e-16
7934.3 9.4555e-16
7937.1 9.3681e-16
7939.9 9.3658e-16
7942.7 9.4076e-16
7945.5 9.4277e-16
7948.2 9.3573e-16
7951.0 9.3250e-16
7953.8 9.3893e-16
7956.6 9.4137e-16
7959.4 9.3714e-16
7962.1 9.3299e-16
7964.9 9.2955e-16
7967.7 9.2762e-16
7970.5 9.2942e-16
7973.3 9.3193e-16
7976.1 9.3087e-16
7978.8 9.2568e-16
7981.6 9.1924e-16
7984.4 9.1254e-16
7987.2 9.0766e-16
7990.0 9.0780e-16
7992.7 9.0338e-16
7995.5 8.8751e-16
7998.3 8.7242e-16
8001.1 8.6685e-16
8003.9 8.6923e-16
8006.7 8.7631e-16
8009.4 8.8543e-16
8012.2 8.9090e-16
8015.0 8.8913e-16
8017.8 8.8811e-16
8020.6 8.8664e-16
8023.3 8.8123e-16
8026.1 8.7316e-16
8028.9 8.6392e-16
8031.7 8.5726e-16
8034.5 8.5066e-16
8037.2 8.4341e-16
8040.0 8.4269e-16
8042.8 8.4703e-16
8045.6 8.4515e-16
8048.4 8.3437e-16
8051.2 8.2469e-16
8053.9 8.2243e-16
8056.7 8.2232e-16
8059.5 8.2126e-16
8062.3 8.2433e-16
8065.1 8.2663e-16
8067.8 8.2024e-16
8070.6 8.0441e-16
8073.4 7.8300e-16
8076.2 7.7295e-16
8079.0 7.7982e-16
8081.8 7.9152e-16
8084.5 7.9755e-16
8087.3 7.9760e-16
8090.1 7.9694e-16
8092.9 7.9721e-16
8095.7 7.9441e-16
8098.4 7.8659e-16
8101.2 7.7757e-16
8104.0 7.7615e-16
8106.8 7.8653e-16
8109.6 7.9296e-16
8112.3 7.8255e-16
8115.1 7.6578e-16
8117.9 7.5650e-16
8120.7 7.6111e-16
8123.5 7.7034e-16
8126.3 7.7206e-16
8129.0 7.6926e-16
8131.8 7.6768e-16
8134.6 7.6831e-16
8137.4 7.6942e-16
8140.2 7.7170e-16
8142.9 7.7147e-16
8145.7 7.6671e-16
8148.5 7.6085e-16
8151.3 7.5504e-16
8154.1 7.4931e-16
8156.8 7.4794e-16
8159.6 7.4782e-16
8162.4 7.3850e-16
8165.2 7.2586e-16
8168.0 7.1686e-16
8170.8 7.1380e-16
8173.5 7.2153e-16
8176.3 7.3090e-16
8179.1 7.2833e-16
8181.9 7.2247e-16
8184.7 7.2463e-16
8187.4 7.2770e-16
8190.2 7.2602e-16
8193.0 7.2687e-16
8195.8 7.2906e-16
8198.6 7.2497e-16
8201.4 7.1683e-16
8204.1 7.1051e-16
8206.9 7.0870e-16
8209.7 7.1054e-16
8212.5 7.0995e-16
8215.3 7.0353e-16
8218.0 6.9772e-16
8220.8 6.9689e-16
8223.6 6.9638e-16
8226.4 6.9420e-16
8229.2 6.9590e-16
8231.9 7.0134e-16
8234.7 7.0141e-16
8237.5 6.9244e-16
8240.3 6.8367e-16
8243.1 6.7905e-16
8245.9 6.6869e-16
8248.6 6.4822e-16
8251.4 6.3241e-16
8254.2 6.3662e-16
8257.0 6.5393e-16
8259.8 6.5984e-16
8262.5 6.4264e-16
8265.3 6.2001e-16
8268.1 6.1240e-16
8270.9 6.2011e-16
8273.7 6.2582e-16
8276.5 6.1358e-16
8279.2 5.9214e-16
8282.0 5.7546e-16
8284.8 5.6992e-16
8287.6 5.7475e-16
8290.4 5.7379e-16
8293.1 5.6145e-16
8295.9 5.5298e-16
8298.7 5.5821e-16
8301.5 5.6695e-16
8304.3 5.6793e-16
8307.0 5.6489e-16
8309.8 5.6345e-16
8312.6 5.6081e-16
8315.4 5.5594e-16
8318.2 5.5200e-16
8321.0 5.4876e-16
8323.7 5.4517e-16
8326.5 5.4004e-16
8329.3 5.3636e-16
8332.1 5.4007e-16
8334.9 5.4577e-16
8337.6 5.4135e-16
8340.4 5.3344e-16
8343.2 5.3725e-16
8346.0 5.4861e-16
8348.8 5.5362e-16
8351.5 5.5870e-16
8354.3 5.6896e-16
8357.1 5.7492e-16
8359.9 5.7628e-16
8362.7 5.7884e-16
8365.5 5.7662e-16
8368.2 5.6708e-16
8371.0 5.6424e-16
8373.8 5.7161e-16
8376.6 5.7673e-16
8379.4 5.6951e-16
8382.1 5.5650e-16
8384.9 5.5283e-16
8387.7 5.5663e-16
8390.5 5.6088e-16
8393.3 5.6685e-16
8396.1 5.7838e-16
8398.8 5.9035e-16
8401.6 5.9299e-16
8404.4 5.8600e-16
8407.2 5.8218e-16
8410.0 5.9425e-16
8412.7 6.1512e-16
8415.5 6.2328e-16
8418.3 6.1461e-16
8421.1 6.0216e-16
8423.9 5.9490e-16
8426.6 5.9931e-16
8429.4 6.0965e-16
8432.2 6.1362e-16
8435.0 6.1005e-16
8437.8 6.0656e-16
8440.6 6.1382e-16
8443.3 6.3095e-16
8446.1 6.4806e-16
8448.9 6.5983e-16
8451.7 6.6623e-16
8454.5 6.6704e-16
8457.2 6.6245e-16
8460.0 6.6116e-16
8462.8 6.6683e-16
8465.6 6.7421e-16
8468.4 6.8109e-16
8471.2 6.8458e-16
8473.9 6.8164e-16
8476.7 6.7683e-16
8479.5 6.8108e-16
8482.3 6.9414e-16
8485.1 7.0763e-16
8487.8 7.1863e-16
8490.6 7.2502e-16
8493.4 7.2394e-16
8496.2 7.2075e-16
8499.0 7.2923e-16
8501.7 7.4690e-16
8504.5 7.5984e-16
8507.3 7.6894e-16
8510.1 7.7684e-16
8512.9 7.7782e-16
8515.7 7.7724e-16
8518.4 7.8705e-16
8521.2 8.0248e-16
8524.0 8.1112e-16
8526.8 8.1732e-16
8529.6 8.3229e-16
8532.3 8.4979e-16
8535.1 8.5954e-16
8537.9 8.6946e-16
8540.7 8.8510e-16
8543.5 8.9707e-16
8546.2 8.9977e-16
8549.0 8.9897e-16
8551.8 9.0201e-16
8554.6 9.1072e-16
8557.4 9.2658e-16
8560.2 9.4806e-16
8562.9 9.6879e-16
8565.7 9.8176e-16
8568.5 9.8301e-16
8571.3 9.7779e-16
8574.1 9.7297e-16
8576.8 9.7208e-16
8579.6 9.8160e-16
8582.4 1.0021e-15
8585.2 1.0262e-15
8588.0 1.0402e-15
8590.8 1.0377e-15
8593.5 1.0324e-15
8596.3 1.0288e-15
8599.1 1.0265e-15
8601.9 1.0320e-15
8604.7 1.0419e-15
8607.4 1.0495e-15
8610.2 1.0563e-15
8613.0 1.0622e-15
8615.8 1.0661e-15
8618.6 1.0734e-15
8621.3 1.0838e-15
8624.1 1.0877e-15
8626.9 1.0847e-15
8629.7 1.0891e-15
8632.5 1.0986e-15
8635.3 1.0965e-15
8638.0 1.0918e-15
8640.8 1.0883e-15
8643.6 1.0843e-15
8646.4 1.0872e-15
8649.2 1.0916e-15
8651.9 1.0942e-15
8654.7 1.0979e-15
8657.5 1.0991e-15
8660.3 1.1004e-15
8663.1 1.1022e-15
8665.9 1.1029e-15
8668.6 1.1084e-15
8671.4 1.1186e-15
8674.2 1.1289e-15
8677.0 1.1364e-15
8679.8 1.1408e-15
8682.5 1.1416e-15
8685.3 1.1367e-15
8688.1 1.1315e-15
8690.9 1.1334e-15
8693.7 1.1301e-15
8696.4 1.1172e-15
8699.2 1.1105e-15
8702.0 1.1164e-15
8704.8 1.1273e-15
8707.6 1.1360e-15
8710.4 1.1431e-15
8713.1 1.1488e-15
8715.9 1.1547e-15
8718.7 1.1610e-15
8721.5 1.1588e-15
8724.3 1.1511e-15
8727.0 1.1479e-15
8729.8 1.1488e-15
8732.6 1.1561e-15
8735.4 1.1651e-15
8738.2 1.1676e-15
8741.0 1.1621e-15
8743.7 1.1542e-15
8746.5 1.1537e-15
8749.3 1.1605e-15
8752.1 1.1636e-15
8754.9 1.1580e-15
8757.6 1.1430e-15
8760.4 1.1321e-15
8763.2 1.1419e-15
8766.0 1.1590e-15
8768.8 1.1606e-15
8771.5 1.1457e-15
8774.3 1.1286e-15
8777.1 1.1195e-15
8779.9 1.1161e-15
8782.7 1.1151e-15
8785.5 1.1175e-15
8788.2 1.1251e-15
8791.0 1.1414e-15
8793.8 1.1590e-15
8796.6 1.1679e-15
8799.4 1.1703e-15
8802.1 1.1695e-15
8804.9 1.1669e-15
8807.7 1.1650e-15
8810.5 1.1547e-15
8813.3 1.1380e-15
8816.0 1.1352e-15
8818.8 1.1416e-15
8821.6 1.1388e-15
8824.4 1.1368e-15
8827.2 1.1478e-15
8830.0 1.1502e-15
8832.7 1.1348e-15
8835.5 1.1229e-15
