3250.6 1.0783e-14
3252.4 1.0948e-14
3254.1 1.0633e-14
3255.9 1.0652e-14
3257.6 1.0596e-14
3259.3 1.0751e-14
3261.1 1.0876e-14
3262.8 1.0972e-14
3264.6 1.0759e-14
3266.3 1.0699e-14
3268.0 1.0760e-14
3269.8 1.0656e-14
3271.5 1.0551e-14
3273.3 1.0660e-14
3275.0 1.0340e-14
3276.7 1.0350e-14
3278.5 1.0408e-14
3280.2 1.0269e-14
3282.0 1.0032e-14
3283.7 9.6682e-15
3285.4 9.4698e-15
3287.2 9.5590e-15
3288.9 9.4372e-15
3290.7 9.5525e-15
3292.4 9.6464e-15
3294.1 9.8813e-15
3295.9 1.0020e-14
3297.6 9.8645e-15
3299.4 9.8306e-15
3301.1 1.0069e-14
3302.8 1.0008e-14
3304.6 9.9589e-15
3306.3 9.9937e-15
3308.1 1.0096e-14
3309.8 1.0169e-14
3311.5 1.0200e-14
3313.3 1.0541e-14
3315.0 1.0627e-14
3316.8 1.0603e-14
3318.5 1.0462e-14
3320.2 1.0761e-14
3322.0 1.0815e-14
3323.7 1.0730e-14
3325.5 1.0797e-14
3327.2 1.0823e-14
3328.9 1.0916e-14
3330.7 1.0765e-14
3332.4 1.0957e-14
3334.2 1.1053e-14
3335.9 1.1035e-14
3337.6 1.1195e-14
3339.4 1.1349e-14
3341.1 1.1299e-14
3342.9 1.1588e-14
3344.6 1.1925e-14
3346.3 1.1552e-14
3348.1 1.1643e-14
3349.8 1.2176e-14
3351.6 1.2070e-14
3353.3 1.2159e-14
3355.0 1.2440e-14
3356.8 1.2725e-14
3358.5 1.2447e-14
3360.3 1.2632e-14
3362.0 1.2902e-14
3363.7 1.2960e-14
3365.5 1.3001e-14
3367.2 1.3025e-14
3369.0 1.3160e-14
3370.7 1.3008e-14
3372.4 1.2655e-14
3374.2 1.2571e-14
3375.9 1.2649e-14
3377.7 1.2735e-14
3379.4 1.2667e-14
3381.1 1.2828e-14
3382.9 1.2667e-14
3384.6 1.2540e-14
3386.4 1.2490e-14
3388.1 1.2857e-14
3389.8 1.2830e-14
3391.6 1.2838e-14
3393.3 1.2722e-14
3395.1 1.2656e-14
3396.8 1.2876e-14
3398.5 1.2919e-14
3400.3 1.2675e-14
3402.0 1.2873e-14
3403.8 1.3199e-14
3405.5 1.3233e-14
3407.2 1.3074e-14
3409.0 1.2986e-14
3410.7 1.3092e-14
3412.5 1.3088e-14
3414.2 1.2868e-14
3415.9 1.2884e-14
3417.7 1.3043e-14
3419.4 1.2773e-14
3421.2 1.3034e-14
3422.9 1.3096e-14
3424.6 1.2837e-14
3426.4 1.2623e-14
3428.1 1.2893e-14
3429.9 1.3137e-14
3431.6 1.3095e-14
3433.3 1.3068e-14
3435.1 1.3000e-14
3436.8 1.3075e-14
3438.6 1.2907e-14
3440.3 1.3074e-14
3442.0 1.3119e-14
3443.8 1.3065e-14
3445.5 1.3044e-14
3447.3 1.3333e-14
3449.0 1.3525e-14
3450.7 1.3528e-14
3452.5 1.3567e-14
3454.2 1.3613e-14
3456.0 1.3765e-14
3457.7 1.3870e-14
3459.4 1.4078e-14
3461.2 1.4332e-14
3462.9 1.4298e-14
3464.7 1.4332e-14
3466.4 1.4462e-14
3468.1 1.4639e-14
3469.9 1.4639e-14
3471.6 1.4782e-14
3473.4 1.5046e-14
3475.1 1.5191e-14
3476.8 1.5399e-14
3478.6 1.5679e-14
3480.3 1.5700e-14
3482.1 1.5842e-14
3483.8 1.6231e-14
3485.5 1.6419e-14
3487.3 1.6693e-14
3489.0 1.6989e-14
3490.8 1.6962e-14
3492.5 1.6871e-14
3494.2 1.7156e-14
3496.0 1.7036e-14
3497.7 1.6806e-14
3499.5 1.6886e-14
3501.2 1.6789e-14
3503.0 1.6857e-14
3504.7 1.6624e-14
3506.4 1.6586e-14
3508.2 1.6533e-14
3509.9 1.6326e-14
3511.7 1.6467e-14
3513.4 1.6565e-14
3515.1 1.6634e-14
3516.9 1.6700e-14
3518.6 1.6885e-14
3520.4 1.6987e-14
3522.1 1.6881e-14
3523.8 1.6917e-14
3525.6 1.7295e-14
3527.3 1.7595e-14
3529.1 1.7572e-14
3530.8 1.7650e-14
3532.5 1.7547e-14
3534.3 1.7442e-14
3536.0 1.7752e-14
3537.8 1.8017e-14
3539.5 1.8060e-14
3541.2 1.8120e-14
3543.0 1.7917e-14
3544.7 1.8058e-14
3546.5 1.8050e-14
3548.2 1.7599e-14
3549.9 1.7754e-14
3551.7 1.7844e-14
3553.4 1.7742e-14
3555.2 1.7609e-14
3556.9 1.7776e-14
3558.6 1.7797e-14
3560.4 1.7687e-14
3562.1 1.7535e-14
3563.9 1.7623e-14
3565.6 1.7494e-14
3567.3 1.7490e-14
3569.1 1.7653e-14
3570.8 1.7848e-14
3572.6 1.8060e-14
3574.3 1.7736e-14
3576.0 1.7869e-14
3577.8 1.8010e-14
3579.5 1.7869e-14
3581.3 1.7958e-14
3583.0 1.7963e-14
3584.7 1.8400e-14
3586.5 1.8406e-14
3588.2 1.8344e-14
3590.0 1.8305e-14
3591.7 1.8179e-14
3593.4 1.7926e-14
3595.2 1.8054e-14
3596.9 1.8149e-14
3598.7 1.8256e-14
3600.4 1.8308e-14
3602.1 1.8369e-14
3603.9 1.8296e-14
3605.6 1.8310e-14
3607.4 1.8565e-14
3609.1 1.8461e-14
3610.8 1.8350e-14
3612.6 1.8316e-14
3614.3 1.8515e-14
3616.1 1.8636e-14
3617.8 1.8442e-14
3619.5 1.8425e-14
3621.3 1.8509e-14
3623.0 1.8439e-14
3624.8 1.8313e-14
3626.5 1.8156e-14
3628.2 1.8335e-14
3630.0 1.8470e-14
3631.7 1.8381e-14
3633.5 1.8427e-14
3635.2 1.8388e-14
3636.9 1.8486e-14
3638.7 1.8477e-14
3640.4 1.8412e-14
3642.2 1.8215e-14
3643.9 1.8056e-14
3645.6 1.8296e-14
3647.4 1.8414e-14
3649.1 1.8370e-14
3650.9 1.8222e-14
3652.6 1.8153e-14
3654.3 1.8084e-14
3656.1 1.7991e-14
3657.8 1.7601e-14
3659.6 1.7460e-14
3661.3 1.7598e-14
3663.0 1.7324e-14
3664.8 1.7060e-14
3666.5 1.7081e-14
3668.3 1.7059e-14
3670.0 1.6915e-14
3671.7 1.6735e-14
3673.5 1.6546e-14
3675.2 1.6403e-14
3677.0 1.6218e-14
3678.7 1.5983e-14
3680.4 1.5834e-14
3682.2 1.5697e-14
3683.9 1.5389e-14
3685.7 1.5233e-14
3687.4 1.5065e-14
3689.1 1.4721e-14
3690.9 1.4409e-14
3692.6 1.4174e-14
3694.4 1.3680e-14
3696.1 1.3364e-14
3697.8 1.3006e-14
3699.6 1.2484e-14
3701.3 1.2220e-14
3703.1 1.2088e-14
3704.8 1.1747e-14
3706.5 1.1519e-14
3708.3 1.1368e-14
3710.0 1.1237e-14
3711.8 1.1016e-14
3713.5 1.0716e-14
3715.2 1.0596e-14
3717.0 1.0568e-14
3718.7 1.0467e-14
3720.5 1.0279e-14
3722.2 1.0034e-14
3723.9 9.9280e-15
3725.7 9.7949e-15
3727.4 9.5542e-15
3729.2 9.3997e-15
3730.9 9.4169e-15
3732.6 9.0788e-15
3734.4 8.8406e-15
3736.1 8.8642e-15
3737.9 8.6253e-15
3739.6 8.3312e-15
3741.3 8.1762e-15
3743.1 8.1184e-15
3744.8 7.9947e-15
3746.6 7.8692e-15
3748.3 7.8271e-15
3750.0 7.8467e-15
3751.8 7.9956e-15
3753.5 7.8455e-15
3755.3 7.6902e-15
3757.0 7.7523e-15
3758.7 7.7587e-15
3760.5 7.7485e-15
3762.2 7.7440e-15
3764.0 7.8047e-15
3765.7 7.7764e-15
3767.4 7.8382e-15
3769.2 7.9235e-15
3770.9 7.7988e-15
3772.7 7.8019e-15
3774.4 7.9980e-15
3776.1 8.1150e-15
3777.9 8.2221e-15
3779.6 8.2785e-15
3781.4 8.2256e-15
3783.1 8.3548e-15
3784.8 8.4888e-15
3786.6 8.6481e-15
3788.3 8.6479e-15
3790.1 8.6904e-15
3791.8 8.6641e-15
3793.5 8.4867e-15
3795.3 8.6462e-15
3797.0 8.8499e-15
3798.8 8.8276e-15
3800.5 8.8183e-15
3802.2 8.9142e-15
3804.0 9.0545e-15
3805.7 8.9729e-15
3807.5 9.0619e-15
3809.2 8.8912e-15
3811.0 8.9611e-15
3812.7 9.1757e-15
3814.4 9.1765e-15
3816.2 9.1504e-15
3817.9 9.1665e-15
3819.7 9.2220e-15
3821.4 9.2181e-15
3823.1 9.1984e-15
3824.9 9.3185e-15
3826.6 9.4138e-15
3828.4 9.3271e-15
3830.1 9.3013e-15
3831.8 9.4595e-15
3833.6 9.5816e-15
3835.3 9.6135e-15
3837.1 9.5410e-15
3838.8 9.4486e-15
3840.5 9.4318e-15
3842.3 9.4673e-15
3844.0 9.5147e-15
3845.8 9.5182e-15
3847.5 9.6494e-15
3849.2 9.6899e-15
3851.0 9.7210e-15
3852.7 9.6774e-15
3854.5 9.5815e-15
3856.2 9.6753e-15
3857.9 9.8257e-15
3859.7 9.8938e-15
3861.4 1.0032e-14
3863.2 1.0045e-14
3864.9 1.0120e-14
3866.6 1.0072e-14
3868.4 1.0150e-14
3870.1 1.0216e-14
3871.9 1.0256e-14
3873.6 1.0509e-14
3875.3 1.0755e-14
3877.1 1.0861e-14
3878.8 1.1016e-14
3880.6 1.1294e-14
3882.3 1.1624e-14
3884.0 1.1830e-14
3885.8 1.2063e-14
3887.5 1.2180e-14
3889.3 1.2586e-14
3891.0 1.2693e-14
3892.7 1.2840e-14
3894.5 1.3276e-14
3896.2 1.3422e-14
3898.0 1.3461e-14
3899.7 1.3648e-14
3901.4 1.3756e-14
3903.2 1.3999e-14
3904.9 1.4096e-14
3906.7 1.4106e-14
3908.4 1.4371e-14
3910.1 1.4478e-14
3911.9 1.4680e-14
3913.6 1.4724e-14
3915.4 1.4960e-14
3917.1 1.5300e-14
3918.8 1.5326e-14
3920.6 1.5284e-14
3922.3 1.5514e-14
3924.1 1.5851e-14
3925.8 1.5847e-14
3927.5 1.5783e-14
3929.3 1.5917e-14
3931.0 1.5846e-14
3932.8 1.5655e-14
3934.5 1.5550e-14
3936.2 1.5585e-14
3938.0 1.5775e-14
3939.7 1.6029e-14
3941.5 1.6104e-14
3943.2 1.6000e-14
3944.9 1.6175e-14
3946.7 1.6258e-14
3948.4 1.6351e-14
3950.2 1.6757e-14
3951.9 1.6842e-14
3953.6 1.6894e-14
3955.4 1.7114e-14
3957.1 1.7219e-14
3958.9 1.7385e-14
3960.6 1.7405e-14
3962.3 1.7500e-14
3964.1 1.7638e-14
3965.8 1.7470e-14
3967.6 1.7500e-14
3969.3 1.7672e-14
3971.0 1.7640e-14
3972.8 1.7765e-14
3974.5 1.7976e-14
3976.3 1.8013e-14
3978.0 1.8223e-14
3979.7 1.8330e-14
3981.5 1.8442e-14
3983.2 1.8530e-14
3985.0 1.8480e-14
3986.7 1.8447e-14
3988.4 1.8480e-14
3990.2 1.8422e-14
3991.9 1.8237e-14
3993.7 1.8014e-14
3995.4 1.8001e-14
3997.1 1.7912e-14
3998.9 1.7758e-14
4000.6 1.7650e-14
4002.4 1.7562e-14
4004.1 1.7341e-14
4005.8 1.7181e-14
4007.6 1.7014e-14
4009.3 1.6911e-14
4011.1 1.6674e-14
4012.8 1.6376e-14
4014.5 1.6332e-14
4016.3 1.6288e-14
4018.0 1.6195e-14
4019.8 1.6039e-14
4021.5 1.6069e-14
4023.2 1.5976e-14
4025.0 1.5880e-14
4026.7 1.5764e-14
4028.5 1.5565e-14
4030.2 1.5477e-14
4031.9 1.5474e-14
4033.7 1.5396e-14
4035.4 1.5247e-14
4037.2 1.5368e-14
4038.9 1.5373e-14
4040.6 1.5174e-14
4042.4 1.5111e-14
4044.1 1.5079e-14
4045.9 1.5281e-14
4047.6 1.5260e-14
4049.3 1.5194e-14
4051.1 1.5379e-14
4052.8 1.5410e-14
4054.6 1.5464e-14
4056.3 1.5569e-14
4058.0 1.5508e-14
4059.8 1.5431e-14
4061.5 1.5577e-14
4063.3 1.5557e-14
4065.0 1.5620e-14
4066.7 1.5769e-14
4068.5 1.5946e-14
4070.2 1.5929e-14
4072.0 1.5841e-14
4073.7 1.6047e-14
4075.4 1.6313e-14
4077.2 1.6142e-14
4078.9 1.5997e-14
4080.7 1.6251e-14
4082.4 1.6378e-14
4084.1 1.6354e-14
4085.9 1.6482e-14
4087.6 1.6515e-14
4089.4 1.6458e-14
4091.1 1.6503e-14
4092.8 1.6707e-14
4094.6 1.6891e-14
4096.3 1.6748e-14
4098.1 1.6776e-14
4099.8 1.7034e-14
4101.5 1.6975e-14
4103.3 1.6914e-14
4105.0 1.6803e-14
4106.8 1.6757e-14
4108.5 1.6892e-14
4110.2 1.6861e-14
4112.0 1.6880e-14
4113.7 1.7074e-14
4115.5 1.6850e-14
4117.2 1.6674e-14
4119.0 1.6752e-14
4120.7 1.6817e-14
4122.4 1.6838e-14
4124.2 1.6872e-14
4125.9 1.6809e-14
4127.7 1.6769e-14
4129.4 1.6697e-14
4131.1 1.6553e-14
4132.9 1.6477e-14
4134.6 1.6502e-14
4136.4 1.6517e-14
4138.1 1.6563e-14
4139.8 1.6643e-14
4141.6 1.6608e-14
4143.3 1.6622e-14
4145.1 1.6532e-14
4146.8 1.6512e-14
4148.5 1.6488e-14
4150.3 1.6384e-14
4152.0 1.6257e-14
4153.8 1.6020e-14
4155.5 1.5797e-14
4157.2 1.5726e-14
4159.0 1.5591e-14
4160.7 1.5228e-14
4162.5 1.4992e-14
4164.2 1.4855e-14
4165.9 1.4594e-14
4167.7 1.4597e-14
4169.4 1.4617e-14
4171.2 1.4391e-14
4172.9 1.4284e-14
4174.6 1.4195e-14
4176.4 1.4249e-14
4178.1 1.4207e-14
4179.9 1.4100e-14
4181.6 1.4154e-14
4183.3 1.4077e-14
4185.1 1.4057e-14
4186.8 1.4066e-14
4188.6 1.3890e-14
4190.3 1.3772e-14
4192.0 1.3762e-14
4193.8 1.3657e-14
4195.5 1.3531e-14
4197.3 1.3364e-14
4199.0 1.3420e-14
4200.7 1.3397e-14
4202.5 1.3437e-14
4204.2 1.3370e-14
4206.0 1.3255e-14
4207.7 1.3372e-14
4209.4 1.3503e-14
4211.2 1.3462e-14
4212.9 1.3382e-14
4214.7 1.3254e-14
4216.4 1.3191e-14
4218.1 1.3141e-14
4219.9 1.3061e-14
4221.6 1.2928e-14
4223.4 1.2955e-14
4225.1 1.3029e-14
4226.8 1.2930e-14
4228.6 1.2725e-14
4230.3 1.2675e-14
4232.1 1.2659e-14
4233.8 1.2650e-14
4235.5 1.2473e-14
4237.3 1.2318e-14
4239.0 1.2182e-14
4240.8 1.2120e-14
4242.5 1.1965e-14
4244.2 1.1754e-14
4246.0 1.1722e-14
4247.7 1.1749e-14
4249.5 1.1560e-14
4251.2 1.1398e-14
4252.9 1.1283e-14
4254.7 1.1222e-14
4256.4 1.1130e-14
4258.2 1.1083e-14
4259.9 1.1059e-14
4261.6 1.0966e-14
4263.4 1.0832e-14
4265.1 1.0858e-14
4266.9 1.0788e-14
4268.6 1.0669e-14
4270.3 1.0651e-14
4272.1 1.0540e-14
4273.8 1.0514e-14
4275.6 1.0459e-14
4277.3 1.0482e-14
4279.0 1.0381e-14
4280.8 1.0225e-14
4282.5 1.0242e-14
4284.3 1.0190e-14
4286.0 1.0093e-14
4287.7 1.0129e-14
4289.5 1.0154e-14
4291.2 1.0111e-14
4293.0 1.0018e-14
4294.7 9.9731e-15
4296.4 9.7785e-15
4298.2 9.7461e-15
4299.9 9.7958e-15
4301.7 9.6021e-15
4303.4 9.5165e-15
4305.1 9.5481e-15
4306.9 9.5714e-15
4308.6 9.4845e-15
4310.4 9.3259e-15
4312.1 9.2743e-15
4313.8 9.2035e-15
4315.6 9.1584e-15
4317.3 9.1070e-15
4319.1 8.9469e-15
4320.8 8.9400e-15
4322.5 8.9061e-15
4324.3 8.7808e-15
4326.0 8.7605e-15
4327.8 8.8378e-15
4329.5 8.7000e-15
4331.2 8.5354e-15
4333.0 8.5602e-15
4334.7 8.6205e-15
4336.5 8.5833e-15
4338.2 8.5080e-15
4339.9 8.4841e-15
4341.7 8.5127e-15
4343.4 8.4807e-15
4345.2 8.4631e-15
4346.9 8.5616e-15
4348.6 8.5949e-15
4350.4 8.5848e-15
4352.1 8.5873e-15
4353.9 8.6743e-15
4355.6 8.7145e-15
4357.3 8.6651e-15
4359.1 8.7322e-15
4360.8 8.7542e-15
4362.6 8.7575e-15
4364.3 8.8261e-15
4366.0 8.8863e-15
4367.8 8.8653e-15
4369.5 8.9245e-15
4371.3 9.0480e-15
4373.0 9.0947e-15
4374.7 9.0372e-15
4376.5 9.1062e-15
4378.2 9.2033e-15
4380.0 9.1626e-15
4381.7 9.1246e-15
4383.4 9.2212e-15
4385.2 9.2831e-15
4386.9 9.3529e-15
4388.7 9.3504e-15
4390.4 9.3141e-15
4392.1 9.4246e-15
4393.9 9.5034e-15
4395.6 9.4510e-15
4397.4 9.4145e-15
4399.1 9.4569e-15
4400.8 9.4539e-15
4402.6 9.4651e-15
4404.3 9.4688e-15
4406.1 9.5069e-15
4407.8 9.5548e-15
4409.5 9.5239e-15
4411.3 9.5423e-15
4413.0 9.6012e-15
4414.8 9.6121e-15
4416.5 9.5664e-15
4418.3 9.5976e-15
4420.0 9.6421e-15
4421.7 9.6816e-15
4423.5 9.8075e-15
4425.2 9.7859e-15
4427.0 9.6973e-15
4428.7 9.6738e-15
4430.4 9.7073e-15
4432.2 9.8193e-15
4433.9 9.8523e-15
4435.7 9.7841e-15
4437.4 9.7688e-15
4439.1 9.6371e-15
4440.9 9.5039e-15
4442.6 9.4716e-15
4444.4 9.3500e-15
4446.1 9.1748e-15
4447.8 9.2306e-15
4449.6 9.3218e-15
4451.3 9.1674e-15
4453.1 9.0730e-15
4454.8 9.0559e-15
4456.5 8.9287e-15
4458.3 8.8690e-15
4460.0 8.8649e-15
4461.8 8.7307e-15
4463.5 8.5090e-15
4465.2 8.4301e-15
4467.0 8.4571e-15
4468.7 8.3759e-15
4470.5 8.2751e-15
4472.2 8.2033e-15
4473.9 8.1843e-15
4475.7 8.2399e-15
4477.4 8.2127e-15
4479.2 8.1477e-15
4480.9 8.1722e-15
4482.6 8.2701e-15
4484.4 8.2911e-15
4486.1 8.2772e-15
4487.9 8.2348e-15
4489.6 8.2727e-15
4491.3 8.2825e-15
4493.1 8.3635e-15
4494.8 8.4452e-15
4496.6 8.6099e-15
4498.3 8.6992e-15
4500.0 8.7032e-15
4501.8 8.8673e-15
4503.5 8.9620e-15
4505.3 9.0201e-15
4507.0 9.2065e-15
4508.7 9.2170e-15
4510.5 9.2223e-15
4512.2 9.3421e-15
4514.0 9.4591e-15
4515.7 9.5993e-15
4517.4 9.6399e-15
4519.2 9.6911e-15
4520.9 9.8546e-15
4522.7 9.8603e-15
4524.4 9.8978e-15
4526.1 9.9566e-15
4527.9 9.9665e-15
4529.6 9.9575e-15
4531.4 9.9913e-15
4533.1 1.0016e-14
4534.8 9.9326e-15
4536.6 1.0009e-14
4538.3 1.0090e-14
4540.1 1.0098e-14
4541.8 1.0070e-14
4543.5 1.0047e-14
4545.3 1.0056e-14
4547.0 1.0028e-14
4548.8 9.9229e-15
4550.5 9.8931e-15
4552.2 9.8302e-15
4554.0 9.8358e-15
4555.7 9.9241e-15
4557.5 9.8137e-15
4559.2 9.8783e-15
4560.9 1.0016e-14
4562.7 9.9684e-15
4564.4 9.8661e-15
4566.2 9.9371e-15
4567.9 9.9168e-15
4569.6 9.7915e-15
4571.4 9.7927e-15
4573.1 9.8096e-15
4574.9 9.7530e-15
4576.6 9.8726e-15
4578.3 9.9078e-15
4580.1 9.6989e-15
4581.8 9.6074e-15
4583.6 9.6946e-15
4585.3 9.7180e-15
4587.0 9.7280e-15
4588.8 9.7005e-15
4590.5 9.6767e-15
4592.3 9.7198e-15
4594.0 9.6594e-15
4595.7 9.7210e-15
4597.5 9.7247e-15
4599.2 9.7421e-15
4601.0 9.7563e-15
4602.7 9.7579e-15
4604.4 9.7154e-15
4606.2 9.7232e-15
4607.9 9.7814e-15
4609.7 9.7985e-15
4611.4 9.7513e-15
4613.1 9.7597e-15
4614.9 9.8253e-15
4616.6 9.7995e-15
4618.4 9.7719e-15
4620.1 9.7540e-15
4621.8 9.7658e-15
4623.6 9.8130e-15
4625.3 9.8331e-15
4627.1 9.7906e-15
4628.8 9.6777e-15
4630.5 9.6786e-15
4632.3 9.6979e-15
4634.0 9.6568e-15
4635.8 9.6330e-15
4637.5 9.6827e-15
4639.2 9.7716e-15
4641.0 9.7233e-15
4642.7 9.7209e-15
4644.5 9.6998e-15
4646.2 9.7084e-15
4647.9 9.7734e-15
4649.7 9.8309e-15
4651.4 9.6870e-15
4653.2 9.5391e-15
4654.9 9.6195e-15
4656.6 9.6290e-15
4658.4 9.5842e-15
4660.1 9.5132e-15
4661.9 9.5159e-15
4663.6 9.5629e-15
4665.3 9.5307e-15
4667.1 9.5028e-15
4668.8 9.3915e-15
4670.6 9.3306e-15
4672.3 9.2699e-15
4674.0 9.1215e-15
4675.8 9.1201e-15
4677.5 9.0632e-15
4679.3 8.8906e-15
4681.0 8.8034e-15
4682.7 8.7671e-15
4684.5 8.6839e-15
4686.2 8.5670e-15
4688.0 8.5277e-15
4689.7 8.5158e-15
4691.4 8.4844e-15
4693.2 8.4575e-15
4694.9 8.3749e-15
4696.7 8.2555e-15
4698.4 8.1691e-15
4700.1 8.1243e-15
4701.9 8.0744e-15
4703.6 8.0246e-15
4705.4 7.9323e-15
4707.1 7.8063e-15
4708.8 7.6844e-15
4710.6 7.7148e-15
4712.3 7.7144e-15
4714.1 7.6272e-15
4715.8 7.5324e-15
4717.5 7.5492e-15
4719.3 7.6421e-15
4721.0 7.6502e-15
4722.8 7.5098e-15
4724.5 7.5160e-15
4726.3 7.5886e-15
4728.0 7.6052e-15
4729.7 7.5239e-15
4731.5 7.5254e-15
4733.2 7.6162e-15
4735.0 7.5007e-15
4736.7 7.3631e-15
4738.4 7.4682e-15
4740.2 7.5813e-15
4741.9 7.5346e-15
4743.7 7.5127e-15
4745.4 7.5562e-15
4747.1 7.6178e-15
4748.9 7.5908e-15
4750.6 7.5866e-15
4752.4 7.6984e-15
4754.1 7.7658e-15
4755.8 7.7852e-15
4757.6 7.7747e-15
4759.3 7.7519e-15
4761.1 7.7079e-15
4762.8 7.7643e-15
4764.5 7.7875e-15
4766.3 7.7726e-15
4768.0 7.7423e-15
4769.8 7.7394e-15
4771.5 7.7672e-15
4773.2 7.7930e-15
4775.0 7.7057e-15
4776.7 7.6781e-15
4778.5 7.6728e-15
4780.2 7.6222e-15
4781.9 7.5180e-15
4783.7 7.4718e-15
4785.4 7.5446e-15
4787.2 7.4847e-15
4788.9 7.4229e-15
4790.6 7.4559e-15
4792.4 7.4487e-15
4794.1 7.3271e-15
4795.9 7.3161e-15
4797.6 7.3279e-15
4799.3 7.2827e-15
4801.1 7.4747e-15
4802.8 7.5025e-15
4804.6 7.3606e-15
4806.3 7.3634e-15
4808.0 7.4308e-15
4809.8 7.4158e-15
4811.5 7.4410e-15
4813.3 7.4053e-15
4815.0 7.3421e-15
4816.7 7.4355e-15
4818.5 7.4518e-15
4820.2 7.4918e-15
4822.0 7.5702e-15
4823.7 7.5439e-15
4825.4 7.5347e-15
4827.2 7.6228e-15
4828.9 7.6147e-15
4830.7 7.5999e-15
4832.4 7.6203e-15
4834.1 7.5377e-15
4835.9 7.5818e-15
4837.6 7.6235e-15
4839.4 7.6202e-15
4841.1 7.5999e-15
4842.8 7.6451e-15
4844.6 7.5968e-15
4846.3 7.5072e-15
4848.1 7.5480e-15
4849.8 7.4236e-15
4851.5 7.3552e-15
4853.3 7.4808e-15
4855.0 7.3518e-15
4856.8 7.1974e-15
4858.5 7.1941e-15
4860.2 7.2391e-15
4862.0 7.2380e-15
4863.7 7.1827e-15
4865.5 7.0049e-15
4867.2 6.9348e-15
4868.9 6.8538e-15
4870.7 6.7375e-15
4872.4 6.7278e-15
4874.2 6.6423e-15
4875.9 6.4955e-15
4877.6 6.4856e-15
4879.4 6.4778e-15
4881.1 6.5176e-15
4882.9 6.4291e-15
4884.6 6.3356e-15
4886.3 6.2631e-15
4888.1 6.2540e-15
4889.8 6.2609e-15
4891.6 6.1838e-15
4893.3 6.0827e-15
4895.0 6.0821e-15
4896.8 6.0320e-15
4898.5 6.0173e-15
4900.3 6.0260e-15
4902.0 5.9643e-15
4903.7 5.9153e-15
4905.5 5.8754e-15
4907.2 5.8197e-15
4909.0 5.8021e-15
4910.7 5.8253e-15
4912.4 5.8239e-15
4914.2 5.8280e-15
4915.9 5.7979e-15
4917.7 5.7799e-15
4919.4 5.7979e-15
4921.1 5.7822e-15
4922.9 5.7479e-15
4924.6 5.7695e-15
4926.4 5.7958e-15
4928.1 5.8075e-15
4929.8 5.8301e-15
4931.6 5.8837e-15
4933.3 5.8957e-15
4935.1 5.9067e-15
4936.8 5.9043e-15
4938.5 5.9312e-15
4940.3 5.8958e-15
4942.0 5.8713e-15
4943.8 5.9089e-15
4945.5 5.9433e-15
4947.2 5.9306e-15
4949.0 5.9465e-15
4950.7 5.9555e-15
4952.5 5.9606e-15
4954.2 5.9694e-15
4955.9 5.9227e-15
4957.7 5.9080e-15
4959.4 5.9091e-15
4961.2 5.9203e-15
4962.9 5.9036e-15
4964.6 5.9092e-15
4966.4 5.9776e-15
4968.1 6.0000e-15
4969.9 5.9779e-15
4971.6 5.9571e-15
4973.3 5.9985e-15
4975.1 5.9760e-15
4976.8 5.9106e-15
4978.6 5.9667e-15
4980.3 6.0028e-15
4982.0 5.9716e-15
4983.8 6.0041e-15
4985.5 6.0211e-15
4987.3 5.9921e-15
4989.0 6.0090e-15
4990.7 6.0334e-15
4992.5 6.0515e-15
4994.2 6.0453e-15
4996.0 6.0334e-15
4997.7 6.0491e-15
4999.4 6.0139e-15
5001.2 5.9743e-15
5002.9 5.9788e-15
5004.7 5.9627e-15
5006.4 5.8967e-15
5008.1 5.9076e-15
5009.9 5.9017e-15
5011.6 5.8583e-15
5013.4 5.8513e-15
5015.1 5.8695e-15
5016.8 5.8054e-15
5018.6 5.7514e-15
5020.3 5.7360e-15
5022.1 5.7552e-15
5023.8 5.7962e-15
5025.5 5.8293e-15
5027.3 5.8366e-15
5029.0 5.8259e-15
5030.8 5.8066e-15
5032.5 5.7913e-15
5034.3 5.7858e-15
5036.0 5.7822e-15
5037.7 5.7712e-15
5039.5 5.7376e-15
5041.2 5.6860e-15
5043.0 5.6680e-15
5044.7 5.7095e-15
5046.4 5.7764e-15
5048.2 5.8351e-15
5049.9 5.8526e-15
5051.7 5.8197e-15
5053.4 5.7904e-15
5055.1 5.8017e-15
5056.9 5.8337e-15
5058.6 5.8695e-15
5060.4 5.9111e-15
5062.1 5.9547e-15
5063.8 5.9784e-15
5065.6 5.9730e-15
5067.3 5.9730e-15
5069.1 6.0038e-15
5070.8 6.0537e-15
5072.5 6.1080e-15
5074.3 6.1455e-15
5076.0 6.1553e-15
5077.8 6.1673e-15
5079.5 6.2063e-15
5081.2 6.2620e-15
5083.0 6.3202e-15
5084.7 6.3642e-15
5086.5 6.3821e-15
5088.2 6.3873e-15
5089.9 6.3949e-15
5091.7 6.4040e-15
5093.4 6.4140e-15
5095.2 6.4365e-15
5096.9 6.4776e-15
5098.6 6.5035e-15
5100.4 6.4854e-15
5102.1 6.4662e-15
5103.9 6.4878e-15
5105.6 6.5158e-15
5107.3 6.5116e-15
5109.1 6.4823e-15
5110.8 6.4431e-15
5112.6 6.4136e-15
5114.3 6.4118e-15
5116.0 6.4270e-15
5117.8 6.4433e-15
5119.5 6.4630e-15
5121.3 6.4903e-15
5123.0 6.5076e-15
5124.7 6.4975e-15
5126.5 6.4831e-15
5128.2 6.4943e-15
5130.0 6.5343e-15
5131.7 6.5987e-15
5133.4 6.6656e-15
5135.2 6.7106e-15
5136.9 6.7316e-15
5138.7 6.7347e-15
5140.4 6.7498e-15
5142.1 6.8104e-15
5143.9 6.8928e-15
5145.6 6.9562e-15
5147.4 6.9867e-15
5149.1 6.9813e-15
5150.8 6.9629e-15
5152.6 6.9640e-15
5154.3 6.9872e-15
5156.1 7.0228e-15
5157.8 7.0475e-15
5159.5 7.0334e-15
5161.3 6.9996e-15
5163.0 6.9841e-15
5164.8 6.9934e-15
5166.5 7.0203e-15
5168.2 7.0375e-15
5170.0 7.0069e-15
5171.7 6.9496e-15
5173.5 6.9155e-15
5175.2 6.9064e-15
5176.9 6.9002e-15
5178.7 6.8911e-15
5180.4 6.8804e-15
5182.2 6.8735e-15
5183.9 6.8813e-15
5185.6 6.8925e-15
5187.4 6.8820e-15
5189.1 6.8594e-15
5190.9 6.8565e-15
5192.6 6.8718e-15
5194.3 6.8839e-15
5196.1 6.8793e-15
5197.8 6.8473e-15
5199.6 6.8045e-15
5201.3 6.7881e-15
5203.0 6.7970e-15
5204.8 6.7999e-15
5206.5 6.7901e-15
5208.3 6.7801e-15
5210.0 6.7796e-15
5211.7 6.7978e-15
5213.5 6.8286e-15
5215.2 6.8495e-15
5217.0 6.8580e-15
5218.7 6.8715e-15
5220.4 6.8895e-15
5222.2 6.8941e-15
5223.9 6.8843e-15
5225.7 6.8769e-15
5227.4 6.8755e-15
5229.1 6.8681e-15
5230.9 6.8506e-15
5232.6 6.8257e-15
5234.4 6.8009e-15
5236.1 6.7911e-15
5237.8 6.8002e-15
5239.6 6.8188e-15
5241.3 6.8367e-15
5243.1 6.8429e-15
5244.8 6.8337e-15
5246.5 6.8152e-15
5248.3 6.7958e-15
5250.0 6.7868e-15
5251.8 6.7885e-15
5253.5 6.7817e-15
5255.2 6.7572e-15
5257.0 6.7215e-15
5258.7 6.6819e-15
5260.5 6.6482e-15
5262.2 6.6211e-15
5263.9 6.5821e-15
5265.7 6.5231e-15
5267.4 6.4565e-15
5269.2 6.3935e-15
5270.9 6.3449e-15
5272.6 6.3101e-15
5274.4 6.2627e-15
5276.1 6.1879e-15
5277.9 6.1003e-15
5279.6 6.0159e-15
5281.3 5.9510e-15
5283.1 5.9129e-15
5284.8 5.8834e-15
5286.6 5.8447e-15
5288.3 5.7817e-15
5290.0 5.6913e-15
5291.8 5.6030e-15
5293.5 5.5398e-15
5295.3 5.4998e-15
5297.0 5.4727e-15
5298.7 5.4243e-15
5300.5 5.3348e-15
5302.2 5.2406e-15
5304.0 5.1740e-15
5305.7 5.1349e-15
5307.4 5.1172e-15
5309.2 5.1029e-15
5310.9 5.0765e-15
5312.7 5.0442e-15
5314.4 5.0126e-15
5316.1 4.9789e-15
5317.9 4.9421e-15
5319.6 4.9107e-15
5321.4 4.8922e-15
5323.1 4.8868e-15
5324.8 4.8920e-15
5326.6 4.8964e-15
5328.3 4.8902e-15
5330.1 4.8837e-15
5331.8 4.8875e-15
5333.5 4.8975e-15
5335.3 4.9076e-15
5337.0 4.9100e-15
5338.8 4.8989e-15
5340.5 4.8886e-15
5342.3 4.8945e-15
5344.0 4.9033e-15
5345.7 4.8999e-15
5347.5 4.8939e-15
5349.2 4.8970e-15
5351.0 4.9030e-15
5352.7 4.9038e-15
5354.4 4.9004e-15
5356.2 4.8962e-15
5357.9 4.9013e-15
5359.7 4.9258e-15
5361.4 4.9483e-15
5363.1 4.9432e-15
5364.9 4.9205e-15
5366.6 4.8988e-15
5368.4 4.8901e-15
5370.1 4.9033e-15
5371.8 4.9264e-15
5373.6 4.9416e-15
5375.3 4.9515e-15
5377.1 4.9647e-15
5378.8 4.9873e-15
5380.5 5.0248e-15
5382.3 5.0662e-15
5384.0 5.0953e-15
5385.8 5.1183e-15
5387.5 5.1493e-15
5389.2 5.1866e-15
5391.0 5.2229e-15
5392.7 5.2513e-15
5394.5 5.2648e-15
5396.2 5.2728e-15
5397.9 5.2919e-15
5399.7 5.3187e-15
5401.4 5.3416e-15
5403.2 5.3527e-15
5404.9 5.3454e-15
5406.6 5.3339e-15
5408.4 5.3431e-15
5410.1 5.3693e-15
5411.9 5.3930e-15
5413.6 5.4032e-15
5415.3 5.3917e-15
5417.1 5.3672e-15
5418.8 5.3490e-15
5420.6 5.3367e-15
5422.3 5.3173e-15
5424.0 5.2917e-15
5425.8 5.2698e-15
5427.5 5.2550e-15
5429.3 5.2458e-15
5431.0 5.2419e-15
5432.7 5.2434e-15
5434.5 5.2436e-15
5436.2 5.2298e-15
5438.0 5.2073e-15
5439.7 5.1968e-15
5441.4 5.1987e-15
5443.2 5.1953e-15
5444.9 5.1846e-15
5446.7 5.1808e-15
5448.4 5.1791e-15
5450.1 5.1578e-15
5451.9 5.1183e-15
5453.6 5.0832e-15
5455.4 5.0666e-15
5457.1 5.0745e-15
5458.8 5.0967e-15
5460.6 5.1025e-15
5462.3 5.0818e-15
5464.1 5.0500e-15
5465.8 5.0183e-15
5467.5 4.9935e-15
5469.3 4.9739e-15
5471.0 4.9446e-15
5472.8 4.9011e-15
5474.5 4.8547e-15
5476.2 4.8157e-15
5478.0 4.7965e-15
5479.7 4.7927e-15
5481.5 4.7721e-15
5483.2 4.7224e-15
5484.9 4.6647e-15
5486.7 4.6149e-15
5488.4 4.5813e-15
5490.2 4.5634e-15
5491.9 4.5401e-15
5493.6 4.5050e-15
5495.4 4.4839e-15
5497.1 4.4862e-15
5498.9 4.4898e-15
5500.6 4.4790e-15
5502.3 4.4510e-15
5504.1 4.4101e-15
5505.8 4.3734e-15
5507.6 4.3550e-15
5509.3 4.3605e-15
5511.0 4.3865e-15
5512.8 4.4069e-15
5514.5 4.4053e-15
5516.3 4.3904e-15
5518.0 4.3753e-15
5519.7 4.3827e-15
5521.5 4.4228e-15
5523.2 4.4647e-15
5525.0 4.4857e-15
5526.7 4.4983e-15
5528.4 4.5142e-15
5530.2 4.5376e-15
5531.9 4.5711e-15
5533.7 4.6122e-15
5535.4 4.6559e-15
5537.1 4.6940e-15
5538.9 4.7207e-15
5540.6 4.7405e-15
5542.4 4.7585e-15
5544.1 4.7746e-15
5545.8 4.7887e-15
5547.6 4.8005e-15
5549.3 4.8103e-15
5551.1 4.8229e-15
5552.8 4.8425e-15
5554.5 4.8683e-15
5556.3 4.8983e-15
5558.0 4.9330e-15
5559.8 4.9712e-15
5561.5 5.0051e-15
5563.2 5.0278e-15
5565.0 5.0439e-15
5566.7 5.0597e-15
5568.5 5.0767e-15
5570.2 5.0955e-15
5571.9 5.1184e-15
5573.7 5.1466e-15
5575.4 5.1703e-15
5577.2 5.1797e-15
5578.9 5.1756e-15
5580.6 5.1622e-15
5582.4 5.1615e-15
5584.1 5.1945e-15
5585.9 5.2331e-15
5587.6 5.2424e-15
5589.3 5.2368e-15
5591.1 5.2404e-15
5592.8 5.2551e-15
5594.6 5.2768e-15
5596.3 5.2890e-15
5598.0 5.2740e-15
5599.8 5.2354e-15
5601.5 5.1843e-15
5603.3 5.1411e-15
5605.0 5.1272e-15
5606.7 5.1301e-15
5608.5 5.1262e-15
5610.2 5.1038e-15
5612.0 5.0569e-15
5613.7 5.0021e-15
5615.4 4.9644e-15
5617.2 4.9491e-15
5618.9 4.9527e-15
5620.7 4.9688e-15
5622.4 4.9888e-15
5624.1 5.0027e-15
5625.9 5.0013e-15
5627.6 4.9868e-15
5629.4 4.9670e-15
5631.1 4.9521e-15
5632.8 4.9527e-15
5634.6 4.9673e-15
5636.3 4.9868e-15
5638.1 5.0089e-15
5639.8 5.0348e-15
5641.6 5.0587e-15
5643.3 5.0716e-15
5645.0 5.0800e-15
5646.8 5.0994e-15
5648.5 5.1268e-15
5650.3 5.1470e-15
5652.0 5.1624e-15
5653.7 5.1863e-15
5655.5 5.2170e-15
5657.2 5.2428e-15
5659.0 5.2613e-15
5660.7 5.2758e-15
5662.4 5.2892e-15
5664.2 5.3043e-15
5665.9 5.3209e-15
5667.7 5.3358e-15
5669.4 5.3465e-15
5671.1 5.3512e-15
5672.9 5.3530e-15
5674.6 5.3592e-15
5676.4 5.3714e-15
5678.1 5.3848e-15
5679.8 5.3965e-15
5681.6 5.4043e-15
5683.3 5.4076e-15
5685.1 5.4067e-15
5686.8 5.4062e-15
5688.5 5.4167e-15
5690.3 5.4341e-15
5692.0 5.4362e-15
5693.8 5.4238e-15
5695.5 5.4246e-15
5697.2 5.4503e-15
5699.0 5.4931e-15
5700.7 5.5391e-15
5702.5 5.5621e-15
5704.2 5.5584e-15
5705.9 5.5589e-15
5707.7 5.5744e-15
5709.4 5.5862e-15
5711.2 5.5858e-15
5712.9 5.5785e-15
5714.6 5.5710e-15
5716.4 5.5749e-15
5718.1 5.5930e-15
5719.9 5.6120e-15
5721.6 5.6240e-15
5723.3 5.6323e-15
5725.1 5.6388e-15
5726.8 5.6436e-15
5728.6 5.6471e-15
5730.3 5.6477e-15
5732.0 5.6447e-15
5733.8 5.6371e-15
5735.5 5.6273e-15
5737.3 5.6253e-15
5739.0 5.6347e-15
5740.7 5.6444e-15
5742.5 5.6444e-15
5744.2 5.6264e-15
5746.0 5.5908e-15
5747.7 5.5612e-15
5749.4 5.5530e-15
5751.2 5.5519e-15
5752.9 5.5476e-15
5754.7 5.5503e-15
5756.4 5.5627e-15
5758.1 5.5606e-15
5759.9 5.5299e-15
5761.6 5.4962e-15
5763.4 5.4799e-15
5765.1 5.4737e-15
5766.8 5.4694e-15
5768.6 5.4591e-15
5770.3 5.4380e-15
5772.1 5.4169e-15
5773.8 5.4054e-15
5775.5 5.4024e-15
5777.3 5.4039e-15
5779.0 5.3984e-15
5780.8 5.3767e-15
5782.5 5.3407e-15
5784.2 5.2969e-15
5786.0 5.2670e-15
5787.7 5.2681e-15
5789.5 5.2821e-15
5791.2 5.2891e-15
5792.9 5.2910e-15
5794.7 5.2914e-15
5796.4 5.2893e-15
5798.2 5.2834e-15
5799.9 5.2652e-15
5801.6 5.2281e-15
5803.4 5.1835e-15
5805.1 5.1451e-15
5806.9 5.1208e-15
5808.6 5.1149e-15
5810.3 5.1239e-15
5812.1 5.1405e-15
5813.8 5.1483e-15
5815.6 5.1316e-15
5817.3 5.1048e-15
5819.0 5.0876e-15
5820.8 5.0789e-15
5822.5 5.0723e-15
5824.3 5.0683e-15
5826.0 5.0678e-15
5827.7 5.0631e-15
5829.5 5.0466e-15
5831.2 5.0233e-15
5833.0 5.0019e-15
5834.7 4.9959e-15
5836.4 5.0178e-15
5838.2 5.0547e-15
5839.9 5.0856e-15
5841.7 5.0970e-15
5843.4 5.0801e-15
5845.1 5.0495e-15
5846.9 5.0282e-15
5848.6 5.0217e-15
5850.4 5.0286e-15
5852.1 5.0381e-15
5853.8 5.0364e-15
5855.6 5.0233e-15
5857.3 5.0053e-15
5859.1 4.9931e-15
5860.8 4.9986e-15
5862.5 5.0176e-15
5864.3 5.0377e-15
5866.0 5.0456e-15
5867.8 5.0278e-15
5869.5 4.9952e-15
5871.2 4.9715e-15
5873.0 4.9660e-15
5874.7 4.9811e-15
5876.5 5.0012e-15
5878.2 4.9999e-15
5879.9 4.9770e-15
5881.7 4.9487e-15
5883.4 4.9247e-15
5885.2 4.9124e-15
5886.9 4.9033e-15
5888.6 4.8768e-15
5890.4 4.8385e-15
5892.1 4.8126e-15
5893.9 4.8093e-15
5895.6 4.8271e-15
5897.3 4.8598e-15
5899.1 4.8967e-15
5900.8 4.9252e-15
5902.6 4.9305e-15
5904.3 4.9186e-15
5906.0 4.9154e-15
5907.8 4.9258e-15
5909.5 4.9345e-15
5911.3 4.9376e-15
5913.0 4.9405e-15
5914.7 4.9452e-15
5916.5 4.9509e-15
5918.2 4.9531e-15
5920.0 4.9403e-15
5921.7 4.9208e-15
5923.4 4.9290e-15
5925.2 4.9628e-15
5926.9 4.9749e-15
5928.7 4.9535e-15
5930.4 4.9332e-15
5932.1 4.9317e-15
5933.9 4.9468e-15
5935.6 4.9706e-15
5937.4 4.9834e-15
5939.1 4.9783e-15
5940.8 4.9676e-15
5942.6 4.9607e-15
5944.3 4.9624e-15
5946.1 4.9721e-15
5947.8 4.9790e-15
5949.6 4.9777e-15
5951.3 4.9750e-15
5953.0 4.9746e-15
5954.8 4.9759e-15
5956.5 4.9764e-15
5958.3 4.9691e-15
5960.0 4.9530e-15
5961.7 4.9419e-15
5963.5 4.9425e-15
5965.2 4.9452e-15
5967.0 4.9449e-15
5968.7 4.9488e-15
5970.4 4.9587e-15
5972.2 4.9614e-15
5973.9 4.9514e-15
5975.7 4.9460e-15
5977.4 4.9519e-15
5979.1 4.9441e-15
5980.9 4.9105e-15
5982.6 4.8794e-15
5984.4 4.8700e-15
5986.1 4.8663e-15
5987.8 4.8559e-15
5989.6 4.8447e-15
5991.3 4.8371e-15
5993.1 4.8287e-15
5994.8 4.8192e-15
5996.5 4.8245e-15
5998.3 4.8522e-15
6000.0 4.8717e-15
6001.8 4.8604e-15
6003.5 4.8393e-15
6005.2 4.8275e-15
6007.0 4.8199e-15
6008.7 4.8103e-15
6010.5 4.7943e-15
6012.2 4.7696e-15
6013.9 4.7459e-15
6015.7 4.7334e-15
6017.4 4.7361e-15
6019.2 4.7538e-15
6020.9 4.7660e-15
6022.6 4.7546e-15
6024.4 4.7305e-15
6026.1 4.7076e-15
6027.9 4.6919e-15
6029.6 4.6866e-15
6031.3 4.6815e-15
6033.1 4.6660e-15
6034.8 4.6484e-15
6036.6 4.6394e-15
6038.3 4.6358e-15
6040.0 4.6325e-15
6041.8 4.6360e-15
6043.5 4.6528e-15
6045.3 4.6587e-15
6047.0 4.6286e-15
6048.7 4.5904e-15
6050.5 4.5806e-15
6052.2 4.5918e-15
6054.0 4.6072e-15
6055.7 4.6001e-15
6057.4 4.5447e-15
6059.2 4.4785e-15
6060.9 4.4528e-15
6062.7 4.4559e-15
6064.4 4.4583e-15
6066.1 4.4486e-15
6067.9 4.4200e-15
6069.6 4.3858e-15
6071.4 4.3664e-15
6073.1 4.3614e-15
6074.8 4.3627e-15
6076.6 4.3678e-15
6078.3 4.3757e-15
6080.1 4.3748e-15
6081.8 4.3510e-15
6083.5 4.3151e-15
6085.3 4.2886e-15
6087.0 4.2713e-15
6088.8 4.2549e-15
6090.5 4.2348e-15
6092.2 4.2076e-15
6094.0 4.1795e-15
6095.7 4.1619e-15
6097.5 4.1496e-15
6099.2 4.1290e-15
6100.9 4.1036e-15
6102.7 4.0854e-15
6104.4 4.0734e-15
6106.2 4.0604e-15
6107.9 4.0360e-15
6109.6 3.9885e-15
6111.4 3.9254e-15
6113.1 3.8666e-15
6114.9 3.8224e-15
6116.6 3.7972e-15
6118.3 3.7801e-15
6120.1 3.7473e-15
6121.8 3.7013e-15
6123.6 3.6652e-15
6125.3 3.6396e-15
6127.0 3.6076e-15
6128.8 3.5688e-15
6130.5 3.5349e-15
6132.3 3.5065e-15
6134.0 3.4756e-15
6135.7 3.4385e-15
6137.5 3.3964e-15
6139.2 3.3478e-15
6141.0 3.2896e-15
6142.7 3.2257e-15
6144.4 3.1660e-15
6146.2 3.1179e-15
6147.9 3.0857e-15
6149.7 3.0663e-15
6151.4 3.0488e-15
6153.1 3.0254e-15
6154.9 2.9917e-15
6156.6 2.9502e-15
6158.4 2.9154e-15
6160.1 2.8867e-15
6161.8 2.8425e-15
6163.6 2.7824e-15
6165.3 2.7359e-15
6167.1 2.7100e-15
6168.8 2.6782e-15
6170.5 2.6326e-15
6172.3 2.5934e-15
6174.0 2.5680e-15
6175.8 2.5453e-15
6177.5 2.5194e-15
6179.2 2.4926e-15
6181.0 2.4652e-15
6182.7 2.4331e-15
6184.5 2.3984e-15
6186.2 2.3786e-15
6187.9 2.3759e-15
6189.7 2.3611e-15
6191.4 2.3225e-15
6193.2 2.2872e-15
6194.9 2.2712e-15
6196.6 2.2636e-15
6198.4 2.2579e-15
6200.1 2.2591e-15
6201.9 2.2678e-15
6203.6 2.2755e-15
6205.3 2.2772e-15
6207.1 2.2758e-15
6208.8 2.2758e-15
6210.6 2.2859e-15
6212.3 2.3104e-15
6214.0 2.3419e-15
6215.8 2.3722e-15
6217.5 2.3944e-15
6219.3 2.4057e-15
6221.0 2.4168e-15
6222.7 2.4363e-15
6224.5 2.4586e-15
6226.2 2.4797e-15
6228.0 2.5046e-15
6229.7 2.5363e-15
6231.4 2.5670e-15
6233.2 2.5907e-15
6234.9 2.6087e-15
6236.7 2.6239e-15
6238.4 2.6391e-15
6240.1 2.6579e-15
6241.9 2.6861e-15
6243.6 2.7265e-15
6245.4 2.7692e-15
6247.1 2.8053e-15
6248.8 2.8380e-15
6250.6 2.8717e-15
6252.3 2.9111e-15
6254.1 2.9592e-15
6255.8 3.0095e-15
6257.6 3.0540e-15
6259.3 3.0853e-15
6261.0 3.0986e-15
6262.8 3.1087e-15
6264.5 3.1311e-15
6266.3 3.1602e-15
6268.0 3.1870e-15
6269.7 3.2162e-15
6271.5 3.2533e-15
6273.2 3.2856e-15
6275.0 3.3003e-15
6276.7 3.3034e-15
6278.4 3.3051e-15
6280.2 3.3214e-15
6281.9 3.3670e-15
6283.7 3.4184e-15
6285.4 3.4454e-15
6287.1 3.4588e-15
6288.9 3.4784e-15
6290.6 3.5103e-15
6292.4 3.5564e-15
6294.1 3.6017e-15
6295.8 3.6274e-15
6297.6 3.6411e-15
6299.3 3.6590e-15
6301.1 3.6793e-15
6302.8 3.6958e-15
6304.5 3.7098e-15
6306.3 3.7255e-15
6308.0 3.7443e-15
6309.8 3.7672e-15
6311.5 3.7899e-15
6313.2 3.8064e-15
6315.0 3.8183e-15
6316.7 3.8312e-15
6318.5 3.8473e-15
6320.2 3.8663e-15
6321.9 3.8936e-15
6323.7 3.9369e-15
6325.4 3.9845e-15
6327.2 4.0158e-15
6328.9 4.0298e-15
6330.6 4.0351e-15
6332.4 4.0385e-15
6334.1 4.0458e-15
6335.9 4.0583e-15
6337.6 4.0750e-15
6339.3 4.0893e-15
6341.1 4.0915e-15
6342.8 4.0857e-15
6344.6 4.0852e-15
6346.3 4.0919e-15
6348.0 4.0992e-15
6349.8 4.1091e-15
6351.5 4.1294e-15
6353.3 4.1574e-15
6355.0 4.1834e-15
6356.7 4.2011e-15
6358.5 4.2057e-15
6360.2 4.2032e-15
6362.0 4.2096e-15
6363.7 4.2224e-15
6365.4 4.2225e-15
6367.2 4.2056e-15
6368.9 4.1801e-15
6370.7 4.1500e-15
6372.4 4.1145e-15
6374.1 4.0781e-15
6375.9 4.0489e-15
6377.6 4.0327e-15
6379.4 4.0330e-15
6381.1 4.0427e-15
6382.8 4.0424e-15
6384.6 4.0295e-15
6386.3 4.0238e-15
6388.1 4.0286e-15
6389.8 4.0255e-15
6391.5 4.0118e-15
6393.3 4.0043e-15
6395.0 4.0049e-15
6396.8 3.9942e-15
6398.5 3.9684e-15
6400.2 3.9476e-15
6402.0 3.9365e-15
6403.7 3.9137e-15
6405.5 3.8762e-15
6407.2 3.8512e-15
6408.9 3.8486e-15
6410.7 3.8476e-15
6412.4 3.8393e-15
6414.2 3.8372e-15
6415.9 3.8470e-15
6417.6 3.8628e-15
6419.4 3.8802e-15
6421.1 3.8989e-15
6422.9 3.9163e-15
6424.6 3.9258e-15
6426.3 3.9248e-15
6428.1 3.9207e-15
6429.8 3.9165e-15
6431.6 3.9035e-15
6433.3 3.8802e-15
6435.0 3.8647e-15
6436.8 3.8664e-15
6438.5 3.8714e-15
6440.3 3.8691e-15
6442.0 3.8630e-15
6443.7 3.8571e-15
6445.5 3.8549e-15
6447.2 3.8597e-15
6449.0 3.8705e-15
6450.7 3.8869e-15
6452.4 3.9134e-15
6454.2 3.9498e-15
6455.9 3.9782e-15
6457.7 3.9862e-15
6459.4 3.9892e-15
6461.1 3.9999e-15
6462.9 4.0126e-15
6464.6 4.0211e-15
6466.4 4.0255e-15
6468.1 4.0254e-15
6469.8 4.0168e-15
6471.6 3.9979e-15
6473.3 3.9775e-15
6475.1 3.9638e-15
6476.8 3.9537e-15
6478.5 3.9438e-15
6480.3 3.9372e-15
6482.0 3.9366e-15
6483.8 3.9407e-15
6485.5 3.9477e-15
6487.2 3.9619e-15
6489.0 3.9854e-15
6490.7 3.9973e-15
6492.5 3.9792e-15
6494.2 3.9560e-15
6495.9 3.9558e-15
6497.7 3.9691e-15
6499.4 3.9808e-15
6501.2 3.9841e-15
6502.9 3.9743e-15
6504.6 3.9564e-15
6506.4 3.9374e-15
6508.1 3.9180e-15
6509.9 3.8976e-15
6511.6 3.8739e-15
6513.3 3.8447e-15
6515.1 3.8215e-15
6516.8 3.8178e-15
6518.6 3.8237e-15
6520.3 3.8242e-15
6522.0 3.8197e-15
6523.8 3.8150e-15
6525.5 3.8092e-15
6527.3 3.8012e-15
6529.0 3.7929e-15
6530.7 3.7871e-15
6532.5 3.7823e-15
6534.2 3.7744e-15
6536.0 3.7692e-15
6537.7 3.7748e-15
6539.4 3.7792e-15
6541.2 3.7638e-15
6542.9 3.7403e-15
6544.7 3.7325e-15
6546.4 3.7336e-15
6548.1 3.7252e-15
6549.9 3.7056e-15
6551.6 3.6802e-15
6553.4 3.6577e-15
6555.1 3.6492e-15
6556.8 3.6546e-15
6558.6 3.6679e-15
6560.3 3.6827e-15
6562.1 3.6921e-15
6563.8 3.6939e-15
6565.6 3.6893e-15
6567.3 3.6796e-15
6569.0 3.6663e-15
6570.8 3.6564e-15
6572.5 3.6594e-15
6574.3 3.6741e-15
6576.0 3.6932e-15
6577.7 3.7029e-15
6579.5 3.6851e-15
6581.2 3.6451e-15
6583.0 3.6048e-15
6584.7 3.5788e-15
6586.4 3.5773e-15
6588.2 3.5919e-15
6589.9 3.5979e-15
6591.7 3.5895e-15
6593.4 3.5765e-15
6595.1 3.5663e-15
6596.9 3.5649e-15
6598.6 3.5725e-15
6600.4 3.5823e-15
6602.1 3.5923e-15
6603.8 3.6063e-15
6605.6 3.6168e-15
6607.3 3.6043e-15
6609.1 3.5711e-15
6610.8 3.5422e-15
6612.5 3.5311e-15
6614.3 3.5388e-15
6616.0 3.5568e-15
6617.8 3.5621e-15
6619.5 3.5491e-15
6621.2 3.5348e-15
6623.0 3.5292e-15
6624.7 3.5330e-15
6626.5 3.5440e-15
6628.2 3.5545e-15
6629.9 3.5580e-15
6631.7 3.5488e-15
6633.4 3.5333e-15
6635.2 3.5409e-15
6636.9 3.5737e-15
6638.6 3.5881e-15
6640.4 3.5650e-15
6642.1 3.5278e-15
6643.9 3.4963e-15
6645.6 3.4866e-15
6647.3 3.5000e-15
6649.1 3.5046e-15
6650.8 3.4849e-15
6652.6 3.4619e-15
6654.3 3.4474e-15
6656.0 3.4314e-15
6657.8 3.4115e-15
6659.5 3.4027e-15
6661.3 3.4108e-15
6663.0 3.4191e-15
6664.7 3.4175e-15
6666.5 3.4156e-15
6668.2 3.4194e-15
6670.0 3.4258e-15
6671.7 3.4327e-15
6673.4 3.4417e-15
6675.2 3.4516e-15
6676.9 3.4520e-15
6678.7 3.4375e-15
6680.4 3.4173e-15
6682.1 3.3996e-15
6683.9 3.3874e-15
6685.6 3.3811e-15
6687.4 3.3744e-15
6689.1 3.3624e-15
6690.8 3.3496e-15
6692.6 3.3398e-15
6694.3 3.3307e-15
6696.1 3.3205e-15
6697.8 3.3080e-15
6699.5 3.2925e-15
6701.3 3.2736e-15
6703.0 3.2531e-15
6704.8 3.2441e-15
6706.5 3.2560e-15
6708.2 3.2767e-15
6710.0 3.2920e-15
6711.7 3.2919e-15
6713.5 3.2710e-15
6715.2 3.2412e-15
6716.9 3.2172e-15
6718.7 3.2090e-15
6720.4 3.2227e-15
6722.2 3.2398e-15
6723.9 3.2403e-15
6725.6 3.2274e-15
6727.4 3.2091e-15
6729.1 3.1974e-15
6730.9 3.2023e-15
6732.6 3.2166e-15
6734.3 3.2289e-15
6736.1 3.2267e-15
6737.8 3.1999e-15
6739.6 3.1721e-15
6741.3 3.1709e-15
6743.0 3.1884e-15
6744.8 3.2080e-15
6746.5 3.2244e-15
6748.3 3.2346e-15
6750.0 3.2351e-15
6751.7 3.2248e-15
6753.5 3.2084e-15
6755.2 3.1923e-15
6757.0 3.1853e-15
6758.7 3.1952e-15
6760.4 3.2105e-15
6762.2 3.2138e-15
6763.9 3.2087e-15
6765.7 3.2064e-15
6767.4 3.2031e-15
6769.1 3.1912e-15
6770.9 3.1727e-15
6772.6 3.1539e-15
6774.4 3.1381e-15
6776.1 3.1279e-15
6777.8 3.1238e-15
6779.6 3.1253e-15
6781.3 3.1311e-15
6783.1 3.1398e-15
6784.8 3.1468e-15
6786.5 3.1466e-15
6788.3 3.1416e-15
6790.0 3.1394e-15
6791.8 3.1387e-15
6793.5 3.1352e-15
6795.2 3.1273e-15
6797.0 3.1136e-15
6798.7 3.1028e-15
6800.5 3.1100e-15
6802.2 3.1223e-15
6803.9 3.1089e-15
6805.7 3.0745e-15
6807.4 3.0464e-15
6809.2 3.0325e-15
6810.9 3.0283e-15
6812.6 3.0265e-15
6814.4 3.0161e-15
6816.1 2.9973e-15
6817.9 2.9785e-15
6819.6 2.9702e-15
6821.3 2.9864e-15
6823.1 3.0172e-15
6824.8 3.0331e-15
6826.6 3.0278e-15
6828.3 3.0154e-15
6830.0 3.0067e-15
6831.8 3.0120e-15
6833.5 3.0230e-15
6835.3 3.0108e-15
6837.0 2.9761e-15
6838.7 2.9506e-15
6840.5 2.9459e-15
6842.2 2.9539e-15
6844.0 2.9621e-15
6845.7 2.9500e-15
6847.4 2.9192e-15
6849.2 2.8996e-15
6850.9 2.9031e-15
6852.7 2.9177e-15
6854.4 2.9341e-15
6856.1 2.9462e-15
6857.9 2.9484e-15
6859.6 2.9364e-15
6861.4 2.9149e-15
6863.1 2.9029e-15
6864.9 2.9025e-15
6866.6 2.8888e-15
6868.3 2.8520e-15
6870.1 2.8062e-15
6871.8 2.7693e-15
6873.6 2.7686e-15
6875.3 2.8104e-15
6877.0 2.8626e-15
6878.8 2.9015e-15
6880.5 2.9227e-15
6882.3 2.9243e-15
6884.0 2.9107e-15
6885.7 2.8879e-15
6887.5 2.8649e-15
6889.2 2.8475e-15
6891.0 2.8329e-15
6892.7 2.8187e-15
6894.4 2.8058e-15
6896.2 2.7948e-15
6897.9 2.7867e-15
6899.7 2.7835e-15
6901.4 2.7943e-15
6903.1 2.8198e-15
6904.9 2.8366e-15
6906.6 2.8296e-15
6908.4 2.8104e-15
6910.1 2.7906e-15
6911.8 2.7769e-15
6913.6 2.7733e-15
6915.3 2.7736e-15
6917.1 2.7727e-15
6918.8 2.7732e-15
6920.5 2.7772e-15
6922.3 2.7851e-15
6924.0 2.7962e-15
6925.8 2.8079e-15
6927.5 2.8168e-15
6929.2 2.8161e-15
6931.0 2.8019e-15
6932.7 2.7828e-15
6934.5 2.7681e-15
6936.2 2.7585e-15
6937.9 2.7536e-15
6939.7 2.7509e-15
6941.4 2.7474e-15
6943.2 2.7419e-15
6944.9 2.7334e-15
6946.6 2.7199e-15
6948.4 2.7007e-15
6950.1 2.6862e-15
6951.9 2.6860e-15
6953.6 2.6953e-15
6955.3 2.7070e-15
6957.1 2.7169e-15
6958.8 2.7215e-15
6960.6 2.7177e-15
6962.3 2.7040e-15
6964.0 2.6856e-15
6965.8 2.6693e-15
6967.5 2.6627e-15
6969.3 2.6717e-15
6971.0 2.6786e-15
6972.7 2.6625e-15
6974.5 2.6373e-15
6976.2 2.6236e-15
6978.0 2.6186e-15
6979.7 2.6141e-15
6981.4 2.6107e-15
6983.2 2.6105e-15
6984.9 2.6128e-15
6986.7 2.6173e-15
6988.4 2.6214e-15
6990.1 2.6213e-15
6991.9 2.6292e-15
6993.6 2.6613e-15
6995.4 2.6946e-15
6997.1 2.6949e-15
6998.8 2.6674e-15
7000.6 2.6312e-15
7002.3 2.6043e-15
7004.1 2.6047e-15
7005.8 2.6184e-15
7007.5 2.6177e-15
7009.3 2.6091e-15
7011.0 2.6125e-15
7012.8 2.6238e-15
7014.5 2.6297e-15
7016.2 2.6220e-15
7018.0 2.5938e-15
7019.7 2.5622e-15
7021.5 2.5569e-15
7023.2 2.5691e-15
7024.9 2.5687e-15
7026.7 2.5557e-15
7028.4 2.5450e-15
7030.2 2.5449e-15
7031.9 2.5610e-15
7033.6 2.5845e-15
7035.4 2.5976e-15
7037.1 2.5965e-15
7038.9 2.5876e-15
7040.6 2.5723e-15
7042.3 2.5490e-15
7044.1 2.5225e-15
7045.8 2.5017e-15
7047.6 2.4916e-15
7049.3 2.4955e-15
7051.0 2.5038e-15
7052.8 2.4969e-15
7054.5 2.4739e-15
7056.3 2.4490e-15
7058.0 2.4342e-15
7059.7 2.4402e-15
7061.5 2.4601e-15
7063.2 2.4685e-15
7065.0 2.4623e-15
7066.7 2.4599e-15
7068.4 2.4691e-15
7070.2 2.4883e-15
7071.9 2.5084e-15
7073.7 2.5100e-15
7075.4 2.4944e-15
7077.1 2.4891e-15
7078.9 2.5001e-15
7080.6 2.5061e-15
7082.4 2.5007e-15
7084.1 2.4955e-15
7085.8 2.4991e-15
7087.6 2.5184e-15
7089.3 2.5473e-15
7091.1 2.5588e-15
7092.8 2.5440e-15
7094.5 2.5215e-15
7096.3 2.5057e-15
7098.0 2.5037e-15
7099.8 2.5159e-15
7101.5 2.5296e-15
7103.2 2.5351e-15
7105.0 2.5261e-15
7106.7 2.5085e-15
7108.5 2.5128e-15
7110.2 2.5497e-15
7111.9 2.5910e-15
7113.7 2.6167e-15
7115.4 2.6243e-15
7117.2 2.6171e-15
7118.9 2.6099e-15
7120.6 2.6125e-15
7122.4 2.6218e-15
7124.1 2.6330e-15
7125.9 2.6374e-15
7127.6 2.6317e-15
7129.3 2.6285e-15
7131.1 2.6359e-15
7132.8 2.6475e-15
7134.6 2.6575e-15
7136.3 2.6653e-15
7138.0 2.6701e-15
7139.8 2.6707e-15
7141.5 2.6672e-15
7143.3 2.6607e-15
7145.0 2.6528e-15
7146.7 2.6473e-15
7148.5 2.6464e-15
7150.2 2.6466e-15
7152.0 2.6452e-15
7153.7 2.6432e-15
7155.4 2.6418e-15
7157.2 2.6397e-15
7158.9 2.6373e-15
7160.7 2.6438e-15
7162.4 2.6659e-15
7164.1 2.6934e-15
7165.9 2.7164e-15
7167.6 2.7413e-15
7169.4 2.7727e-15
7171.1 2.7980e-15
7172.9 2.8060e-15
7174.6 2.8060e-15
7176.3 2.8080e-15
7178.1 2.8055e-15
7179.8 2.7933e-15
7181.6 2.7886e-15
7183.3 2.8061e-15
7185.0 2.8252e-15
7186.8 2.8236e-15
7188.5 2.8098e-15
7190.3 2.7968e-15
7192.0 2.7934e-15
7193.7 2.8057e-15
7195.5 2.8210e-15
7197.2 2.8241e-15
7199.0 2.8186e-15
7200.7 2.8116e-15
7202.4 2.8056e-15
7204.2 2.8020e-15
7205.9 2.7962e-15
7207.7 2.7833e-15
7209.4 2.7657e-15
7211.1 2.7479e-15
7212.9 2.7335e-15
7214.6 2.7254e-15
7216.4 2.7219e-15
7218.1 2.7195e-15
7219.8 2.7181e-15
7221.6 2.7189e-15
7223.3 2.7180e-15
7225.1 2.7102e-15
7226.8 2.7012e-15
7228.5 2.7002e-15
7230.3 2.7015e-15
7232.0 2.6952e-15
7233.8 2.6844e-15
7235.5 2.6768e-15
7237.2 2.6775e-15
7239.0 2.6904e-15
7240.7 2.7102e-15
7242.5 2.7282e-15
7244.2 2.7389e-15
7245.9 2.7382e-15
7247.7 2.7307e-15
7249.4 2.7247e-15
7251.2 2.7206e-15
7252.9 2.7147e-15
7254.6 2.7071e-15
7256.4 2.6994e-15
7258.1 2.6903e-15
7259.9 2.6762e-15
7261.6 2.6636e-15
7263.3 2.6651e-15
7265.1 2.6785e-15
7266.8 2.6931e-15
7268.6 2.6969e-15
7270.3 2.6767e-15
7272.0 2.6422e-15
7273.8 2.6199e-15
7275.5 2.6193e-15
7277.3 2.6391e-15
7279.0 2.6617e-15
7280.7 2.6559e-15
7282.5 2.6248e-15
7284.2 2.5999e-15
7286.0 2.5922e-15
7287.7 2.5961e-15
7289.4 2.6021e-15
7291.2 2.5954e-15
7292.9 2.5789e-15
7294.7 2.5740e-15
7296.4 2.5828e-15
7298.1 2.5878e-15
7299.9 2.5830e-15
7301.6 2.5760e-15
7303.4 2.5671e-15
7305.1 2.5485e-15
7306.8 2.5244e-15
7308.6 2.5137e-15
7310.3 2.5185e-15
7312.1 2.5213e-15
7313.8 2.5114e-15
7315.5 2.4846e-15
7317.3 2.4483e-15
7319.0 2.4277e-15
7320.8 2.4312e-15
7322.5 2.4413e-15
7324.2 2.4471e-15
7326.0 2.4483e-15
7327.7 2.4464e-15
7329.5 2.4479e-15
7331.2 2.4526e-15
7332.9 2.4477e-15
7334.7 2.4303e-15
7336.4 2.4159e-15
7338.2 2.4138e-15
7339.9 2.4215e-15
7341.6 2.4341e-15
7343.4 2.4413e-15
7345.1 2.4385e-15
7346.9 2.4327e-15
7348.6 2.4305e-15
7350.3 2.4370e-15
7352.1 2.4531e-15
7353.8 2.4706e-15
7355.6 2.4813e-15
7357.3 2.4766e-15
7359.0 2.4552e-15
7360.8 2.4344e-15
7362.5 2.4253e-15
7364.3 2.4161e-15
7366.0 2.4010e-15
7367.7 2.3983e-15
7369.5 2.4162e-15
7371.2 2.4289e-15
7373.0 2.4180e-15
7374.7 2.3930e-15
7376.4 2.3660e-15
7378.2 2.3547e-15
7379.9 2.3696e-15
7381.7 2.3903e-15
7383.4 2.3986e-15
7385.1 2.3989e-15
7386.9 2.3965e-15
7388.6 2.3973e-15
7390.4 2.4046e-15
7392.1 2.4029e-15
7393.8 2.3813e-15
7395.6 2.3643e-15
7397.3 2.3723e-15
7399.1 2.3850e-15
7400.8 2.3817e-15
7402.5 2.3666e-15
7404.3 2.3468e-15
7406.0 2.3303e-15
7407.8 2.3249e-15
7409.5 2.3280e-15
7411.2 2.3353e-15
7413.0 2.3421e-15
7414.7 2.3442e-15
7416.5 2.3444e-15
7418.2 2.3462e-15
7419.9 2.3463e-15
7421.7 2.3412e-15
7423.4 2.3303e-15
7425.2 2.3145e-15
7426.9 2.2929e-15
7428.6 2.2658e-15
7430.4 2.2499e-15
7432.1 2.2621e-15
7433.9 2.2869e-15
7435.6 2.3023e-15
7437.3 2.3061e-15
7439.1 2.3012e-15
7440.8 2.2941e-15
7442.6 2.2924e-15
7444.3 2.2962e-15
7446.0 2.3024e-15
7447.8 2.3072e-15
7449.5 2.3058e-15
7451.3 2.3012e-15
7453.0 2.2993e-15
7454.7 2.2895e-15
7456.5 2.2576e-15
7458.2 2.2177e-15
7460.0 2.1929e-15
7461.7 2.1908e-15
7463.4 2.2130e-15
7465.2 2.2378e-15
7466.9 2.2356e-15
7468.7 2.2156e-15
7470.4 2.2043e-15
7472.1 2.2060e-15
7473.9 2.2159e-15
7475.6 2.2302e-15
7477.4 2.2451e-15
7479.1 2.2552e-15
7480.9 2.2554e-15
7482.6 2.2502e-15
7484.3 2.2492e-15
7486.1 2.2522e-15
7487.8 2.2533e-15
7489.6 2.2537e-15
7491.3 2.2593e-15
7493.0 2.2670e-15
7494.8 2.2687e-15
7496.5 2.2654e-15
7498.3 2.2634e-15
7500.0 2.2639e-15
7501.7 2.2645e-15
7503.5 2.2639e-15
7505.2 2.2613e-15
7507.0 2.2534e-15
7508.7 2.2357e-15
7510.4 2.2087e-15
7512.2 2.1771e-15
7513.9 2.1477e-15
7515.7 2.1301e-15
7517.4 2.1241e-15
7519.1 2.1196e-15
7520.9 2.1176e-15
7522.6 2.1311e-15
7524.4 2.1524e-15
7526.1 2.1535e-15
7527.8 2.1361e-15
7529.6 2.1338e-15
7531.3 2.1526e-15
7533.1 2.1713e-15
7534.8 2.1775e-15
7536.5 2.1682e-15
7538.3 2.1453e-15
7540.0 2.1178e-15
7541.8 2.0958e-15
7543.5 2.0915e-15
7545.2 2.1025e-15
7547.0 2.1063e-15
7548.7 2.0937e-15
7550.5 2.0743e-15
7552.2 2.0559e-15
7553.9 2.0461e-15
7555.7 2.0456e-15
7557.4 2.0435e-15
7559.2 2.0358e-15
7560.9 2.0323e-15
7562.6 2.0352e-15
7564.4 2.0336e-15
7566.1 2.0247e-15
7567.9 2.0219e-15
7569.6 2.0314e-15
7571.3 2.0459e-15
7573.1 2.0588e-15
7574.8 2.0641e-15
7576.6 2.0615e-15
7578.3 2.0646e-15
7580.0 2.0802e-15
7581.8 2.1012e-15
7583.5 2.1189e-15
7585.3 2.1231e-15
7587.0 2.1106e-15
7588.7 2.0966e-15
7590.5 2.0910e-15
7592.2 2.0871e-15
7594.0 2.0762e-15
7595.7 2.0444e-15
7597.4 1.9858e-15
7599.2 1.9199e-15
7600.9 1.8648e-15
7602.7 1.8226e-15
7604.4 1.8003e-15
7606.1 1.8289e-15
7607.9 1.9223e-15
7609.6 2.0374e-15
7611.4 2.1352e-15
7613.1 2.2115e-15
7614.8 2.2640e-15
7616.6 2.2823e-15
7618.3 2.2642e-15
7620.1 2.2293e-15
7621.8 2.1966e-15
7623.5 2.1691e-15
7625.3 2.1477e-15
7627.0 2.1304e-15
7628.8 2.1153e-15
7630.5 2.1114e-15
7632.2 2.1249e-15
7634.0 2.1462e-15
7635.7 2.1642e-15
7637.5 2.1711e-15
7639.2 2.1629e-15
7640.9 2.1523e-15
7642.7 2.1524e-15
7644.4 2.1519e-15
7646.2 2.1388e-15
7647.9 2.1221e-15
7649.6 2.1128e-15
7651.4 2.1125e-15
7653.1 2.1202e-15
7654.9 2.1219e-15
7656.6 2.1045e-15
7658.3 2.0815e-15
7660.1 2.0707e-15
7661.8 2.0756e-15
7663.6 2.0951e-15
7665.3 2.1187e-15
7667.0 2.1338e-15
7668.8 2.1400e-15
7670.5 2.1411e-15
7672.3 2.1368e-15
7674.0 2.1266e-15
7675.7 2.1194e-15
7677.5 2.1254e-15
7679.2 2.1399e-15
7681.0 2.1536e-15
7682.7 2.1635e-15
7684.4 2.1692e-15
7686.2 2.1724e-15
7687.9 2.1759e-15
7689.7 2.1810e-15
7691.4 2.1891e-15
7693.1 2.1907e-15
7694.9 2.1725e-15
7696.6 2.1490e-15
7698.4 2.1463e-15
7700.1 2.1536e-15
7701.8 2.1459e-15
7703.6 2.1301e-15
7705.3 2.1262e-15
7707.1 2.1327e-15
7708.8 2.1383e-15
7710.5 2.1413e-15
7712.3 2.1438e-15
7714.0 2.1440e-15
7715.8 2.1389e-15
7717.5 2.1303e-15
7719.2 2.1222e-15
7721.0 2.1230e-15
7722.7 2.1430e-15
7724.5 2.1774e-15
7726.2 2.2119e-15
7727.9 2.2323e-15
7729.7 2.2224e-15
7731.4 2.1955e-15
7733.2 2.1852e-15
7734.9 2.1959e-15
7736.6 2.2102e-15
7738.4 2.2221e-15
7740.1 2.2326e-15
7741.9 2.2399e-15
7743.6 2.2412e-15
7745.3 2.2338e-15
7747.1 2.2132e-15
7748.8 2.1894e-15
7750.6 2.1853e-15
7752.3 2.2009e-15
7754.0 2.2149e-15
7755.8 2.2203e-15
7757.5 2.2244e-15
7759.3 2.2319e-15
7761.0 2.2483e-15
7762.7 2.2649e-15
7764.5 2.2552e-15
7766.2 2.2217e-15
7768.0 2.2010e-15
7769.7 2.2053e-15
7771.4 2.2195e-15
7773.2 2.2310e-15
7774.9 2.2287e-15
7776.7 2.2150e-15
7778.4 2.2130e-15
7780.1 2.2287e-15
7781.9 2.2423e-15
7783.6 2.2442e-15
7785.4 2.2384e-15
7787.1 2.2321e-15
7788.9 2.2409e-15
7790.6 2.2665e-15
7792.3 2.2833e-15
7794.1 2.2817e-15
7795.8 2.2813e-15
7797.6 2.2900e-15
7799.3 2.2933e-15
7801.0 2.2871e-15
7802.8 2.2899e-15
7804.5 2.3052e-15
7806.3 2.3059e-15
7808.0 2.2795e-15
7809.7 2.2440e-15
7811.5 2.2167e-15
7813.2 2.2128e-15
7815.0 2.2367e-15
7816.7 2.2649e-15
7818.4 2.2801e-15
7820.2 2.2847e-15
7821.9 2.2837e-15
7823.7 2.2895e-15
7825.4 2.3070e-15
7827.1 2.3133e-15
7828.9 2.2972e-15
7830.6 2.2852e-15
7832.4 2.2962e-15
7834.1 2.3201e-15
7835.8 2.3453e-15
7837.6 2.3595e-15
7839.3 2.3560e-15
7841.1 2.3507e-15
7842.8 2.3563e-15
7844.5 2.3640e-15
7846.3 2.3666e-15
7848.0 2.3739e-15
7849.8 2.3923e-15
7851.5 2.4095e-15
7853.2 2.4142e-15
7855.0 2.3972e-15
7856.7 2.3568e-15
7858.5 2.3271e-15
7860.2 2.3357e-15
7861.9 2.3519e-15
7863.7 2.3447e-15
7865.4 2.3236e-15
7867.2 2.3019e-15
7868.9 2.2894e-15
7870.6 2.2931e-15
7872.4 2.3036e-15
7874.1 2.3100e-15
7875.9 2.3165e-15
7877.6 2.3284e-15
7879.3 2.3435e-15
7881.1 2.3586e-15
7882.8 2.3705e-15
7884.6 2.3761e-15
7886.3 2.3813e-15
7888.0 2.3918e-15
7889.8 2.3974e-15
7891.5 2.3867e-15
7893.3 2.3698e-15
7895.0 2.3608e-15
7896.7 2.3547e-15
7898.5 2.3429e-15
7900.2 2.3398e-15
7902.0 2.3626e-15
7903.7 2.3894e-15
7905.4 2.3915e-15
7907.2 2.3816e-15
7908.9 2.3834e-15
7910.7 2.3918e-15
7912.4 2.3943e-15
7914.1 2.3884e-15
7915.9 2.3746e-15
7917.6 2.3560e-15
7919.4 2.3367e-15
7921.1 2.3181e-15
7922.8 2.2997e-15
7924.6 2.2897e-15
7926.3 2.2989e-15
7928.1 2.3115e-15
7929.8 2.3016e-15
7931.5 2.2791e-15
7933.3 2.2677e-15
7935.0 2.2717e-15
7936.8 2.2870e-15
7938.5 2.3016e-15
7940.2 2.2995e-15
7942.0 2.2816e-15
7943.7 2.2573e-15
7945.5 2.2402e-15
7947.2 2.2462e-15
7948.9 2.2656e-15
7950.7 2.2732e-15
7952.4 2.2716e-15
7954.2 2.2795e-15
7955.9 2.2949e-15
7957.6 2.3034e-15
7959.4 2.3029e-15
7961.1 2.2996e-15
7962.9 2.2931e-15
7964.6 2.2785e-15
7966.3 2.2598e-15
7968.1 2.2480e-15
7969.8 2.2422e-15
7971.6 2.2330e-15
7973.3 2.2152e-15
7975.0 2.1860e-15
7976.8 2.1558e-15
7978.5 2.1484e-15
7980.3 2.1619e-15
7982.0 2.1731e-15
7983.7 2.1704e-15
7985.5 2.1512e-15
7987.2 2.1246e-15
7989.0 2.1111e-15
7990.7 2.1151e-15
7992.4 2.1215e-15
7994.2 2.1245e-15
7995.9 2.1268e-15
7997.7 2.1304e-15
7999.4 2.1368e-15
8001.1 2.1410e-15
8002.9 2.1284e-15
8004.6 2.1005e-15
8006.4 2.0802e-15
8008.1 2.0777e-15
8009.8 2.0864e-15
8011.6 2.1002e-15
8013.3 2.1143e-15
8015.1 2.1246e-15
8016.8 2.1292e-15
8018.5 2.1248e-15
8020.3 2.1058e-15
8022.0 2.0732e-15
8023.8 2.0365e-15
8025.5 2.0063e-15
8027.2 1.9968e-15
8029.0 2.0047e-15
8030.7 1.9911e-15
8032.5 1.9441e-15
8034.2 1.9064e-15
8035.9 1.9013e-15
8037.7 1.9111e-15
8039.4 1.9184e-15
8041.2 1.9045e-15
8042.9 1.8646e-15
8044.6 1.8313e-15
8046.4 1.8241e-15
8048.1 1.8295e-15
8049.9 1.8358e-15
8051.6 1.8381e-15
8053.3 1.8363e-15
8055.1 1.8492e-15
8056.8 1.8822e-15
8058.6 1.8958e-15
8060.3 1.8695e-15
8062.0 1.8441e-15
8063.8 1.8507e-15
8065.5 1.8834e-15
8067.3 1.9281e-15
8069.0 1.9461e-15
8070.7 1.9149e-15
8072.5 1.8795e-15
8074.2 1.8772e-15
8076.0 1.8927e-15
8077.7 1.9087e-15
8079.4 1.9152e-15
8081.2 1.9058e-15
8082.9 1.8937e-15
8084.7 1.8898e-15
8086.4 1.8851e-15
8088.1 1.8710e-15
8089.9 1.8496e-15
8091.6 1.8258e-15
8093.4 1.8137e-15
8095.1 1.8243e-15
8096.9 1.8433e-15
8098.6 1.8549e-15
8100.3 1.8557e-15
8102.1 1.8460e-15
8103.8 1.8360e-15
8105.6 1.8358e-15
8107.3 1.8441e-15
8109.0 1.8565e-15
8110.8 1.8607e-15
8112.5 1.8459e-15
8114.3 1.8328e-15
8116.0 1.8443e-15
8117.7 1.8760e-15
8119.5 1.9177e-15
8121.2 1.9459e-15
8123.0 1.9387e-15
8124.7 1.9225e-15
8126.4 1.9327e-15
8128.2 1.9553e-15
8129.9 1.9670e-15
8131.7 1.9726e-15
8133.4 1.9822e-15
8135.1 1.9985e-15
8136.9 2.0218e-15
8138.6 2.0411e-15
8140.4 2.0430e-15
8142.1 2.0312e-15
8143.8 2.0149e-15
8145.6 2.0058e-15
8147.3 2.0151e-15
8149.1 2.0323e-15
8150.8 2.0396e-15
8152.5 2.0316e-15
8154.3 2.0072e-15
8156.0 1.9873e-15
8157.8 2.0005e-15
8159.5 2.0355e-15
8161.2 2.0650e-15
8163.0 2.0787e-15
8164.7 2.0740e-15
8166.5 2.0609e-15
8168.2 2.0557e-15
8169.9 2.0598e-15
8171.7 2.0675e-15
8173.4 2.0659e-15
8175.2 2.0373e-15
8176.9 2.0006e-15
8178.6 1.9951e-15
8180.4 2.0213e-15
8182.1 2.0588e-15
8183.9 2.0923e-15
8185.6 2.1080e-15
8187.3 2.1137e-15
8189.1 2.1300e-15
8190.8 2.1627e-15
8192.6 2.2084e-15
8194.3 2.2523e-15
8196.0 2.2716e-15
8197.8 2.2651e-15
8199.5 2.2492e-15
8201.3 2.2360e-15
8203.0 2.2355e-15
8204.7 2.2480e-15
8206.5 2.2643e-15
8208.2 2.2817e-15
8210.0 2.3029e-15
8211.7 2.3227e-15
8213.4 2.3298e-15
8215.2 2.3222e-15
8216.9 2.3077e-15
8218.7 2.2897e-15
8220.4 2.2642e-15
8222.1 2.2412e-15
8223.9 2.2449e-15
8225.6 2.2732e-15
8227.4 2.2934e-15
8229.1 2.2949e-15
8230.8 2.2915e-15
8232.6 2.2901e-15
8234.3 2.2921e-15
8236.1 2.2905e-15
8237.8 2.2621e-15
8239.5 2.2127e-15
8241.3 2.1921e-15
8243.0 2.2120e-15
8244.8 2.2287e-15
8246.5 2.2222e-15
8248.2 2.2102e-15
8250.0 2.2015e-15
8251.7 2.1932e-15
8253.5 2.1856e-15
8255.2 2.1829e-15
8256.9 2.1828e-15
8258.7 2.1697e-15
8260.4 2.1431e-15
8262.2 2.1331e-15
8263.9 2.1521e-15
8265.6 2.1779e-15
8267.4 2.1937e-15
8269.1 2.1969e-15
8270.9 2.1876e-15
8272.6 2.1705e-15
8274.3 2.1548e-15
8276.1 2.1612e-15
8277.8 2.1943e-15
8279.6 2.2184e-15
8281.3 2.2094e-15
8283.0 2.1770e-15
8284.8 2.1356e-15
8286.5 2.1108e-15
8288.3 2.1162e-15
8290.0 2.1248e-15
8291.7 2.1147e-15
8293.5 2.0890e-15
8295.2 2.0527e-15
8297.0 2.0149e-15
8298.7 1.9843e-15
8300.4 1.9593e-15
8302.2 1.9395e-15
8303.9 1.9319e-15
8305.7 1.9390e-15
8307.4 1.9421e-15
8309.1 1.9274e-15
8310.9 1.9115e-15
8312.6 1.9077e-15
8314.4 1.9006e-15
8316.1 1.8783e-15
8317.8 1.8578e-15
8319.6 1.8549e-15
8321.3 1.8655e-15
8323.1 1.8835e-15
8324.8 1.9078e-15
8326.5 1.9355e-15
8328.3 1.9595e-15
8330.0 1.9731e-15
8331.8 1.9692e-15
8333.5 1.9456e-15
8335.2 1.9251e-15
8337.0 1.9304e-15
8338.7 1.9540e-15
8340.5 1.9824e-15
8342.2 2.0020e-15
8343.9 2.0017e-15
8345.7 1.9907e-15
8347.4 1.9816e-15
8349.2 1.9812e-15
8350.9 1.9926e-15
8352.6 1.9966e-15
8354.4 1.9725e-15
8356.1 1.9371e-15
8357.9 1.9144e-15
8359.6 1.9111e-15
8361.3 1.9283e-15
8363.1 1.9464e-15
8364.8 1.9424e-15
8366.6 1.9271e-15
8368.3 1.9205e-15
8370.0 1.9211e-15
8371.8 1.9223e-15
8373.5 1.9233e-15
8375.3 1.9241e-15
8377.0 1.9281e-15
8378.7 1.9404e-15
8380.5 1.9478e-15
8382.2 1.9321e-15
8384.0 1.9091e-15
8385.7 1.9060e-15
8387.4 1.9243e-15
8389.2 1.9561e-15
8390.9 1.9860e-15
8392.7 1.9961e-15
8394.4 1.9877e-15
8396.2 1.9710e-15
8397.9 1.9628e-15
8399.6 1.9832e-15
8401.4 2.0159e-15
8403.1 2.0262e-15
8404.9 2.0120e-15
8406.6 1.9858e-15
8408.3 1.9651e-15
8410.1 1.9710e-15
8411.8 1.9908e-15
8413.6 1.9904e-15
8415.3 1.9704e-15
8417.0 1.9528e-15
8418.8 1.9437e-15
8420.5 1.9423e-15
8422.3 1.9416e-15
8424.0 1.9298e-15
8425.7 1.9082e-15
8427.5 1.8874e-15
8429.2 1.8754e-15
8431.0 1.8803e-15
8432.7 1.8951e-15
8434.4 1.9004e-15
8436.2 1.8967e-15
8437.9 1.9015e-15
8439.7 1.9178e-15
8441.4 1.9387e-15
8443.1 1.9523e-15
8444.9 1.9388e-15
8446.6 1.9122e-15
8448.4 1.9194e-15
8450.1 1.9690e-15
8451.8 2.0316e-15
8453.6 2.0838e-15
8455.3 2.1069e-15
8457.1 2.1049e-15
8458.8 2.1120e-15
8460.5 2.1352e-15
8462.3 2.1476e-15
8464.0 2.1441e-15
8465.8 2.1466e-15
8467.5 2.1600e-15
8469.2 2.1681e-15
8471.0 2.1638e-15
8472.7 2.1533e-15
8474.5 2.1394e-15
8476.2 2.1182e-15
8477.9 2.0969e-15
8479.7 2.0994e-15
8481.4 2.1291e-15
8483.2 2.1555e-15
8484.9 2.1623e-15
8486.6 2.1600e-15
8488.4 2.1540e-15
8490.1 2.1387e-15
8491.9 2.1203e-15
8493.6 2.1277e-15
8495.3 2.1679e-15
8497.1 2.1998e-15
8498.8 2.2044e-15
8500.6 2.2163e-15
8502.3 2.2495e-15
8504.0 2.2677e-15
8505.8 2.2558e-15
8507.5 2.2522e-15
8509.3 2.2791e-15
8511.0 2.3191e-15
8512.7 2.3559e-15
8514.5 2.3793e-15
8516.2 2.3839e-15
8518.0 2.3793e-15
8519.7 2.3745e-15
8521.4 2.3696e-15
8523.2 2.3658e-15
8524.9 2.3684e-15
8526.7 2.3799e-15
8528.4 2.3967e-15
8530.1 2.4123e-15
8531.9 2.4110e-15
8533.6 2.3855e-15
8535.4 2.3688e-15
8537.1 2.3839e-15
8538.8 2.3998e-15
8540.6 2.3907e-15
8542.3 2.3653e-15
8544.1 2.3370e-15
8545.8 2.3251e-15
8547.5 2.3423e-15
8549.3 2.3592e-15
8551.0 2.3506e-15
8552.8 2.3405e-15
8554.5 2.3519e-15
8556.2 2.3618e-15
8558.0 2.3494e-15
8559.7 2.3406e-15
8561.5 2.3604e-15
8563.2 2.3876e-15
8564.9 2.3994e-15
8566.7 2.4123e-15
8568.4 2.4433e-15
8570.2 2.4658e-15
8571.9 2.4533e-15
8573.6 2.4344e-15
8575.4 2.4426e-15
8577.1 2.4636e-15
8578.9 2.4764e-15
8580.6 2.4890e-15
8582.3 2.5120e-15
8584.1 2.5368e-15
8585.8 2.5521e-15
8587.6 2.5536e-15
8589.3 2.5401e-15
8591.0 2.5239e-15
8592.8 2.5200e-15
8594.5 2.5191e-15
8596.3 2.5063e-15
8598.0 2.4845e-15
8599.7 2.4618e-15
8601.5 2.4364e-15
8603.2 2.4049e-15
8605.0 2.3806e-15
8606.7 2.3812e-15
8608.4 2.3881e-15
8610.2 2.3735e-15
8611.9 2.3433e-15
8613.7 2.3168e-15
8615.4 2.2995e-15
8617.1 2.2919e-15
8618.9 2.3018e-15
8620.6 2.3399e-15
8622.4 2.3799e-15
8624.1 2.3815e-15
8625.8 2.3577e-15
8627.6 2.3453e-15
8629.3 2.3501e-15
8631.1 2.3635e-15
8632.8 2.3855e-15
8634.5 2.4197e-15
8636.3 2.4530e-15
8638.0 2.4646e-15
8639.8 2.4629e-15
8641.5 2.4719e-15
8643.2 2.4956e-15
8645.0 2.5276e-15
8646.7 2.5539e-15
8648.5 2.5551e-15
8650.2 2.5367e-15
8651.9 2.5205e-15
8653.7 2.5173e-15
8655.4 2.5302e-15
8657.2 2.5508e-15
8658.9 2.5613e-15
8660.6 2.5546e-15
8662.4 2.5321e-15
8664.1 2.5052e-15
8665.9 2.4969e-15
8667.6 2.4999e-15
8669.3 2.4806e-15
8671.1 2.4416e-15
8672.8 2.4183e-15
8674.6 2.4153e-15
8676.3 2.4094e-15
8678.0 2.3944e-15
8679.8 2.3801e-15
8681.5 2.3705e-15
8683.3 2.3659e-15
8685.0 2.3650e-15
8686.7 2.3650e-15
8688.5 2.3639e-15
8690.2 2.3612e-15
8692.0 2.3584e-15
8693.7 2.3606e-15
8695.4 2.3655e-15
8697.2 2.3600e-15
8698.9 2.3455e-15
8700.7 2.3415e-15
8702.4 2.3595e-15
8704.2 2.4016e-15
8705.9 2.4564e-15
8707.6 2.4941e-15
8709.4 2.4989e-15
8711.1 2.4770e-15
8712.9 2.4471e-15
8714.6 2.4483e-15
8716.3 2.4947e-15
8718.1 2.5578e-15
8719.8 2.6071e-15
8721.6 2.6079e-15
8723.3 2.5538e-15
8725.0 2.4955e-15
8726.8 2.4657e-15
8728.5 2.4556e-15
8730.3 2.4563e-15
8732.0 2.4636e-15
8733.7 2.4688e-15
8735.5 2.4593e-15
8737.2 2.4319e-15
8739.0 2.4027e-15
8740.7 2.3866e-15
8742.4 2.3952e-15
8744.2 2.4272e-15
8745.9 2.4457e-15
8747.7 2.4296e-15
8749.4 2.4086e-15
8751.1 2.4038e-15
8752.9 2.3959e-15
8754.6 2.3753e-15
8756.4 2.3666e-15
8758.1 2.3844e-15
8759.8 2.4051e-15
8761.6 2.4106e-15
8763.3 2.4139e-15
8765.1 2.4264e-15
8766.8 2.4398e-15
8768.5 2.4503e-15
8770.3 2.4790e-15
8772.0 2.5381e-15
8773.8 2.5958e-15
8775.5 2.6234e-15
8777.2 2.6164e-15
8779.0 2.5798e-15
8780.7 2.5519e-15
8782.5 2.5648e-15
8784.2 2.5962e-15
8785.9 2.6200e-15
8787.7 2.6354e-15
8789.4 2.6438e-15
8791.2 2.6424e-15
8792.9 2.6305e-15
8794.6 2.6180e-15
8796.4 2.6137e-15
8798.1 2.6068e-15
8799.9 2.5861e-15
8801.6 2.5632e-15
8803.3 2.5516e-15
8805.1 2.5480e-15
8806.8 2.5463e-15
8808.6 2.5383e-15
8810.3 2.5174e-15
8812.0 2.4812e-15
8813.8 2.4317e-15
8815.5 2.3953e-15
8817.3 2.3990e-15
8819.0 2.4268e-15
8820.7 2.4526e-15
8822.5 2.4613e-15
8824.2 2.4426e-15
8826.0 2.4137e-15
8827.7 2.3991e-15
8829.4 2.4082e-15
8831.2 2.4445e-15
8832.9 2.4790e-15
8834.7 2.4742e-15
8836.4 2.4548e-15
8838.1 2.4637e-15
8839.9 2.4858e-15
8841.6 2.4870e-15
8843.4 2.4808e-15
8845.1 2.4956e-15
8846.8 2.5241e-15
8848.6 2.5479e-15
8850.3 2.5593e-15
8852.1 2.5556e-15
8853.8 2.5505e-15
8855.5 2.5649e-15
8857.3 2.5924e-15
8859.0 2.6135e-15
8860.8 2.6238e-15
8862.5 2.6243e-15
8864.2 2.6160e-15
8866.0 2.5997e-15
8867.7 2.5835e-15
8869.5 2.5786e-15
8871.2 2.5768e-15
8872.9 2.5573e-15
8874.7 2.5221e-15
8876.4 2.4856e-15
8878.2 2.4542e-15
8879.9 2.4301e-15
8881.6 2.4084e-15
8883.4 2.3781e-15
8885.1 2.3449e-15
8886.9 2.3260e-15
8888.6 2.3262e-15
8890.3 2.3429e-15
8892.1 2.3647e-15
8893.8 2.3730e-15
8895.6 2.3678e-15
8897.3 2.3660e-15
8899.0 2.3684e-15
8900.8 2.3592e-15
8902.5 2.3502e-15
8904.3 2.3805e-15
8906.0 2.4332e-15
8907.7 2.4386e-15
8909.5 2.3889e-15
8911.2 2.3378e-15
8913.0 2.3086e-15
8914.7 2.2946e-15
8916.4 2.2945e-15
8918.2 2.3091e-15
8919.9 2.3380e-15
8921.7 2.3825e-15
8923.4 2.4320e-15
8925.1 2.4635e-15
8926.9 2.4697e-15
8928.6 2.4625e-15
8930.4 2.4565e-15
8932.1 2.4703e-15
8933.8 2.5028e-15
8935.6 2.5213e-15
8937.3 2.5129e-15
8939.1 2.4943e-15
8940.8 2.4775e-15
8942.5 2.4712e-15
8944.3 2.4761e-15
8946.0 2.4796e-15
8947.8 2.4724e-15
8949.5 2.4521e-15
8951.2 2.4206e-15
8953.0 2.3864e-15
8954.7 2.3618e-15
8956.5 2.3661e-15
8958.2 2.4032e-15
8959.9 2.4458e-15
8961.7 2.4719e-15
8963.4 2.4711e-15
8965.2 2.4427e-15
8966.9 2.4068e-15
8968.6 2.3813e-15
8970.4 2.3785e-15
8972.1 2.3975e-15
8973.9 2.4016e-15
8975.6 2.3702e-15
8977.3 2.3278e-15
8979.1 2.2959e-15
8980.8 2.2870e-15
8982.6 2.3031e-15
8984.3 2.3152e-15
8986.0 2.3051e-15
8987.8 2.3074e-15
8989.5 2.3421e-15
8991.3 2.3670e-15
8993.0 2.3546e-15
8994.7 2.3483e-15
8996.5 2.3793e-15
8998.2 2.4167e-15
9000.0 2.4335e-15
9001.7 2.4353e-15
9003.4 2.4302e-15
9005.2 2.4370e-15
9006.9 2.4663e-15
9008.7 2.4714e-15
9010.4 2.4186e-15
9012.2 2.3729e-15
9013.9 2.3917e-15
9015.6 2.4431e-15
9017.4 2.4877e-15
9019.1 2.5058e-15
9020.9 2.4853e-15
9022.6 2.4534e-15
9024.3 2.4392e-15
9026.1 2.4406e-15
9027.8 2.4498e-15
9029.6 2.4525e-15
9031.3 2.4356e-15
9033.0 2.4220e-15
9034.8 2.4351e-15
9036.5 2.4356e-15
9038.3 2.3820e-15
9040.0 2.3111e-15
9041.7 2.2699e-15
9043.5 2.2539e-15
9045.2 2.2476e-15
9047.0 2.2406e-15
9048.7 2.2233e-15
9050.4 2.2097e-15
9052.2 2.2180e-15
9053.9 2.2370e-15
9055.7 2.2478e-15
9057.4 2.2582e-15
9059.1 2.2810e-15
9060.9 2.2968e-15
9062.6 2.2815e-15
9064.4 2.2451e-15
9066.1 2.2069e-15
9067.8 2.2021e-15
9069.6 2.2675e-15
9071.3 2.3518e-15
9073.1 2.3762e-15
9074.8 2.3498e-15
9076.5 2.3134e-15
9078.3 2.2975e-15
9080.0 2.3294e-15
9081.8 2.3884e-15
9083.5 2.4312e-15
9085.2 2.4620e-15
9087.0 2.5059e-15
9088.7 2.5466e-15
9090.5 2.5532e-15
9092.2 2.5322e-15
9093.9 2.5086e-15
9095.7 2.4875e-15
9097.4 2.4621e-15
9099.2 2.4498e-15
9100.9 2.4779e-15
9102.6 2.5325e-15
9104.4 2.5786e-15
9106.1 2.5951e-15
9107.9 2.5693e-15
9109.6 2.5249e-15
9111.3 2.5094e-15
9113.1 2.5244e-15
9114.8 2.5427e-15
9116.6 2.5411e-15
9118.3 2.4969e-15
9120.0 2.4253e-15
9121.8 2.3716e-15
9123.5 2.3509e-15
9125.3 2.3570e-15
9127.0 2.3697e-15
9128.7 2.3550e-15
9130.5 2.3164e-15
9132.2 2.2905e-15
9134.0 2.2883e-15
9135.7 2.2967e-15
9137.4 2.3095e-15
9139.2 2.3269e-15
9140.9 2.3399e-15
9142.7 2.3321e-15
9144.4 2.3048e-15
9146.1 2.2781e-15
9147.9 2.2636e-15
9149.6 2.2643e-15
9151.4 2.2741e-15
9153.1 2.2736e-15
9154.8 2.2632e-15
9156.6 2.2698e-15
9158.3 2.2958e-15
9160.1 2.3121e-15
9161.8 2.3099e-15
9163.5 2.3041e-15
9165.3 2.3159e-15
9167.0 2.3845e-15
9168.8 2.4959e-15
9170.5 2.5522e-15
9172.2 2.5213e-15
9174.0 2.4797e-15
9175.7 2.4698e-15
9177.5 2.4717e-15
9179.2 2.4786e-15
9180.9 2.5060e-15
9182.7 2.5478e-15
9184.4 2.5598e-15
9186.2 2.5274e-15
9187.9 2.4979e-15
9189.6 2.4965e-15
9191.4 2.4990e-15
9193.1 2.4916e-15
9194.9 2.4849e-15
9196.6 2.4826e-15
9198.3 2.4731e-15
9200.1 2.4533e-15
9201.8 2.4409e-15
9203.6 2.4430e-15
9205.3 2.4360e-15
9207.0 2.4059e-15
9208.8 2.3702e-15
9210.5 2.3408e-15
9212.3 2.3131e-15
9214.0 2.2851e-15
9215.7 2.2623e-15
9217.5 2.2485e-15
9219.2 2.2414e-15
9221.0 2.2381e-15
9222.7 2.2359e-15
9224.4 2.2344e-15
9226.2 2.2393e-15
9227.9 2.2567e-15
9229.7 2.3017e-15
9231.4 2.3759e-15
9233.1 2.4158e-15
9234.9 2.3787e-15
9236.6 2.3436e-15
9238.4 2.3773e-15
9240.1 2.4284e-15
9241.8 2.4467e-15
9243.6 2.4544e-15
9245.3 2.4747e-15
9247.1 2.4989e-15
9248.8 2.5175e-15
9250.5 2.5321e-15
9252.3 2.5450e-15
9254.0 2.5510e-15
9255.8 2.5469e-15
9257.5 2.5414e-15
9259.2 2.5442e-15
9261.0 2.5735e-15
9262.7 2.6429e-15
9264.5 2.7076e-15
9266.2 2.7220e-15
9267.9 2.7001e-15
9269.7 2.6686e-15
9271.4 2.6353e-15
9273.2 2.6056e-15
9274.9 2.5988e-15
9276.6 2.6321e-15
9278.4 2.6588e-15
9280.1 2.6248e-15
9281.9 2.5823e-15
9283.6 2.6027e-15
9285.3 2.6403e-15
9287.1 2.6250e-15
9288.8 2.5972e-15
9290.6 2.6200e-15
9292.3 2.6675e-15
9294.0 2.6924e-15
9295.8 2.6874e-15
9297.5 2.6564e-15
9299.3 2.6488e-15
9301.0 2.7261e-15
9302.7 2.8341e-15
9304.5 2.8800e-15
9306.2 2.8910e-15
9308.0 2.9350e-15
9309.7 3.0169e-15
9311.4 3.1185e-15
9313.2 3.2249e-15
9314.9 3.3193e-15
9316.7 3.4037e-15
9318.4 3.4895e-15
9320.2 3.5614e-15
9321.9 3.5946e-15
9323.6 3.5961e-15
9325.4 3.5848e-15
9327.1 3.6081e-15
9328.9 3.7304e-15
9330.6 3.8934e-15
9332.3 3.9694e-15
9334.1 3.9892e-15
9335.8 4.0737e-15
9337.6 4.2193e-15
9339.3 4.3543e-15
9341.0 4.4348e-15
9342.8 4.4312e-15
9344.5 4.3658e-15
9346.3 4.3009e-15
9348.0 4.2592e-15
9349.7 4.2313e-15
9351.5 4.2274e-15
9353.2 4.2736e-15
9355.0 4.3256e-15
9356.7 4.2798e-15
9358.4 4.1594e-15
9360.2 4.0956e-15
9361.9 4.1010e-15
9363.7 4.0833e-15
9365.4 4.0311e-15
9367.1 4.0003e-15
9368.9 4.0019e-15
9370.6 4.0134e-15
9372.4 3.9960e-15
9374.1 3.8884e-15
9375.8 3.7047e-15
9377.6 3.5462e-15
9379.3 3.4434e-15
9381.1 3.3424e-15
9382.8 3.2425e-15
9384.5 3.2096e-15
9386.3 3.2324e-15
9388.0 3.2055e-15
9389.8 3.1012e-15
9391.5 2.9917e-15
9393.2 2.9203e-15
9395.0 2.8959e-15
9396.7 2.9075e-15
9398.5 2.9105e-15
9400.2 2.8819e-15
9401.9 2.8294e-15
9403.7 2.7794e-15
9405.4 2.7948e-15
9407.2 2.8810e-15
9408.9 2.9372e-15
9410.6 2.9237e-15
9412.4 2.9151e-15
9414.1 2.9571e-15
9415.9 3.0422e-15
9417.6 3.1555e-15
9419.3 3.2627e-15
9421.1 3.3393e-15
9422.8 3.3836e-15
9424.6 3.4064e-15
9426.3 3.4451e-15
9428.0 3.5160e-15
9429.8 3.5821e-15
9431.5 3.6138e-15
9433.3 3.5997e-15
9435.0 3.5471e-15
9436.7 3.5165e-15
9438.5 3.5394e-15
9440.2 3.5549e-15
9442.0 3.5243e-15
9443.7 3.4973e-15
9445.4 3.5007e-15
9447.2 3.4808e-15
9448.9 3.4020e-15
9450.7 3.2970e-15
9452.4 3.1971e-15
9454.1 3.1116e-15
9455.9 3.0506e-15
9457.6 3.0346e-15
9459.4 3.0672e-15
9461.1 3.0963e-15
9462.8 3.0767e-15
9464.6 3.0032e-15
9466.3 2.8906e-15
9468.1 2.8236e-15
9469.8 2.8668e-15
9471.5 2.9472e-15
9473.3 2.9908e-15
9475.0 3.0080e-15
9476.8 3.0144e-15
9478.5 3.0095e-15
9480.2 2.9935e-15
9482.0 2.9504e-15
9483.7 2.8723e-15
9485.5 2.8143e-15
9487.2 2.8273e-15
9488.9 2.8983e-15
9490.7 2.9964e-15
9492.4 3.0376e-15
9494.2 2.9504e-15
9495.9 2.8294e-15
9497.6 2.7882e-15
9499.4 2.8103e-15
9501.1 2.8547e-15
9502.9 2.9195e-15
9504.6 3.0032e-15
9506.3 3.0734e-15
9508.1 3.0969e-15
9509.8 3.0870e-15
9511.6 3.0697e-15
9513.3 3.0361e-15
9515.0 2.9746e-15
9516.8 2.9225e-15
9518.5 2.9235e-15
9520.3 2.9695e-15
9522.0 3.0356e-15
9523.7 3.0867e-15
9525.5 3.0864e-15
9527.2 3.0453e-15
9529.0 2.9902e-15
9530.7 2.9386e-15
9532.4 2.9045e-15
9534.2 2.8809e-15
9535.9 2.8518e-15
9537.7 2.8222e-15
9539.4 2.8032e-15
9541.1 2.7891e-15
9542.9 2.7696e-15
9544.6 2.7355e-15
9546.4 2.6786e-15
9548.1 2.6309e-15
9549.8 2.6412e-15
9551.6 2.6928e-15
9553.3 2.7392e-15
9555.1 2.7523e-15
9556.8 2.7128e-15
9558.5 2.6386e-15
9560.3 2.5714e-15
9562.0 2.5108e-15
9563.8 2.4305e-15
9565.5 2.3593e-15
9567.2 2.3570e-15
9569.0 2.3998e-15
9570.7 2.4124e-15
9572.5 2.3992e-15
9574.2 2.4154e-15
9575.9 2.4603e-15
9577.7 2.4974e-15
9579.4 2.5241e-15
9581.2 2.5590e-15
9582.9 2.6052e-15
9584.6 2.6576e-15
9586.4 2.6998e-15
9588.1 2.7050e-15
9589.9 2.6778e-15
9591.6 2.6474e-15
9593.3 2.6319e-15
9595.1 2.6460e-15
9596.8 2.6630e-15
9598.6 2.6102e-15
9600.3 2.5199e-15
9602.0 2.5315e-15
9603.8 2.6532e-15
9605.5 2.7577e-15
9607.3 2.7931e-15
9609.0 2.7848e-15
9610.7 2.7543e-15
9612.5 2.7248e-15
9614.2 2.7113e-15
9616.0 2.7157e-15
9617.7 2.7258e-15
9619.5 2.7089e-15
9621.2 2.6658e-15
9622.9 2.6446e-15
9624.7 2.6622e-15
9626.4 2.6915e-15
9628.2 2.7112e-15
9629.9 2.7105e-15
9631.6 2.6827e-15
9633.4 2.6283e-15
9635.1 2.5625e-15
9636.9 2.5223e-15
9638.6 2.5251e-15
9640.3 2.5574e-15
9642.1 2.5920e-15
9643.8 2.5749e-15
9645.6 2.4927e-15
9647.3 2.4106e-15
9649.0 2.3709e-15
9650.8 2.3660e-15
9652.5 2.3806e-15
9654.3 2.3784e-15
9656.0 2.3467e-15
9657.7 2.3357e-15
9659.5 2.3700e-15
9661.2 2.4101e-15
9663.0 2.4273e-15
9664.7 2.4226e-15
9666.4 2.4022e-15
9668.2 2.3908e-15
9669.9 2.3979e-15
9671.7 2.3736e-15
9673.4 2.3002e-15
9675.1 2.2731e-15
9676.9 2.3453e-15
9678.6 2.4133e-15
9680.4 2.4035e-15
9682.1 2.3763e-15
9683.8 2.3804e-15
9685.6 2.3948e-15
9687.3 2.4018e-15
9689.1 2.4049e-15
9690.8 2.4055e-15
9692.5 2.3910e-15
9694.3 2.3552e-15
9696.0 2.3170e-15
9697.8 2.2954e-15
9699.5 2.2948e-15
9701.2 2.3165e-15
9703.0 2.3696e-15
9704.7 2.4519e-15
9706.5 2.5038e-15
9708.2 2.4775e-15
9709.9 2.4154e-15
9711.7 2.3676e-15
9713.4 2.3466e-15
9715.2 2.3554e-15
9716.9 2.3699e-15
9718.6 2.3639e-15
9720.4 2.3385e-15
9722.1 2.3008e-15
9723.9 2.2761e-15
9725.6 2.2868e-15
9727.3 2.3119e-15
9729.1 2.3245e-15
9730.8 2.2930e-15
9732.6 2.1950e-15
9734.3 2.1161e-15
9736.0 2.1497e-15
9737.8 2.2304e-15
9739.5 2.2641e-15
9741.3 2.2501e-15
9743.0 2.2098e-15
9744.7 2.1671e-15
9746.5 2.1478e-15
9748.2 2.1528e-15
9750.0 2.1731e-15
9751.7 2.1874e-15
9753.4 2.1732e-15
9755.2 2.1364e-15
9756.9 2.0942e-15
9758.7 2.0592e-15
9760.4 2.0396e-15
9762.1 2.0427e-15
9763.9 2.0713e-15
9765.6 2.1099e-15
9767.4 2.1368e-15
9769.1 2.1209e-15
9770.8 2.0327e-15
9772.6 1.9156e-15
9774.3 1.8425e-15
9776.1 1.8362e-15
9777.8 1.8968e-15
9779.5 1.9712e-15
9781.3 1.9823e-15
9783.0 1.9462e-15
9784.8 1.9212e-15
9786.5 1.9479e-15
9788.2 2.0595e-15
9790.0 2.1882e-15
9791.7 2.2052e-15
9793.5 2.1324e-15
9795.2 2.0777e-15
9796.9 2.0509e-15
9798.7 2.0046e-15
9800.4 1.9658e-15
9802.2 2.0080e-15
9803.9 2.1032e-15
9805.6 2.1604e-15
9807.4 2.1738e-15
9809.1 2.1965e-15
9810.9 2.2279e-15
9812.6 2.2339e-15
9814.3 2.2003e-15
9816.1 2.1207e-15
9817.8 2.0349e-15
9819.6 2.0253e-15
9821.3 2.0756e-15
9823.0 2.0817e-15
9824.8 2.0417e-15
9826.5 2.0469e-15
9828.3 2.0972e-15
9830.0 2.1082e-15
9831.7 2.0741e-15
9833.5 2.0638e-15
9835.2 2.0914e-15
9837.0 2.1200e-15
9838.7 2.1214e-15
9840.4 2.0707e-15
9842.2 1.9853e-15
9843.9 1.9318e-15
9845.7 1.9314e-15
9847.4 1.9460e-15
9849.1 1.9466e-15
9850.9 1.9143e-15
9852.6 1.8507e-15
9854.4 1.7877e-15
9856.1 1.7518e-15
9857.8 1.7651e-15
9859.6 1.8194e-15
9861.3 1.8647e-15
9863.1 1.8667e-15
9864.8 1.8118e-15
9866.5 1.7282e-15
9868.3 1.7199e-15
9870.0 1.8153e-15
9871.8 1.9077e-15
9873.5 1.9284e-15
9875.2 1.8732e-15
9877.0 1.7701e-15
9878.7 1.7185e-15
9880.5 1.7614e-15
9882.2 1.8135e-15
9883.9 1.8219e-15
9885.7 1.8102e-15
9887.4 1.7976e-15
9889.2 1.7947e-15
9890.9 1.8085e-15
9892.6 1.8324e-15
9894.4 1.8573e-15
9896.1 1.8738e-15
9897.9 1.8741e-15
9899.6 1.8511e-15
9901.3 1.8107e-15
9903.1 1.8026e-15
9904.8 1.8507e-15
9906.6 1.8872e-15
9908.3 1.8724e-15
9910.0 1.8800e-15
9911.8 1.9544e-15
9913.5 2.0170e-15
9915.3 2.0108e-15
9917.0 1.9819e-15
9918.7 1.9773e-15
9920.5 2.0363e-15
9922.2 2.1707e-15
9924.0 2.2825e-15
9925.7 2.2909e-15
9927.5 2.2277e-15
9929.2 2.1422e-15
9930.9 2.0964e-15
9932.7 2.1407e-15
9934.4 2.2782e-15
9936.2 2.4816e-15
9937.9 2.6076e-15
9939.6 2.5401e-15
9941.4 2.3946e-15
9943.1 2.2993e-15
9944.9 2.2355e-15
9946.6 2.1720e-15
9948.3 2.1208e-15
9950.1 2.0919e-15
9951.8 2.0947e-15
9953.6 2.1315e-15
9955.3 2.1250e-15
9957.0 2.0059e-15
9958.8 1.8809e-15
9960.5 1.8678e-15
9962.3 1.9030e-15
9964.0 1.8960e-15
9965.7 1.8418e-15
9967.5 1.7549e-15
9969.2 1.6813e-15
9971.0 1.6710e-15
9972.7 1.7055e-15
9974.4 1.7489e-15
9976.2 1.7877e-15
9977.9 1.8146e-15
9979.7 1.8318e-15
9981.4 1.8450e-15
9983.1 1.8882e-15
9984.9 1.9984e-15
9986.6 2.1079e-15
9988.4 2.1205e-15
9990.1 2.0796e-15
9991.8 2.0707e-15
9993.6 2.0835e-15
9995.3 2.0815e-15
9997.1 2.0492e-15
9998.8 1.9740e-15
10000.5 1.9447e-15
