3501.2 2.3608e-15
3504.0 2.8090e-15
3506.9 3.3775e-15
3509.8 3.1314e-15
3512.6 2.3531e-15
3515.5 2.1562e-15
3518.3 2.9068e-15
3521.2 2.3800e-15
3524.1 3.4243e-15
3526.9 2.6918e-15
3529.8 2.9924e-15
3532.6 2.9615e-15
3535.5 3.1953e-15
3538.4 3.4225e-15
3541.2 2.6945e-15
3544.1 3.3260e-15
3547.0 2.6047e-15
3549.8 2.8877e-15
3552.7 3.1788e-15
3555.5 3.5669e-15
3558.4 3.0774e-15
3561.3 2.8605e-15
3564.1 2.7734e-15
3567.0 2.9551e-15
3569.8 3.9641e-15
3572.7 2.9435e-15
3575.6 3.4814e-15
3578.4 3.5243e-15
3581.3 3.7123e-15
3584.2 4.2532e-15
3587.0 4.8020e-15
3589.9 5.0598e-15
3592.7 5.0279e-15
3595.6 5.0192e-15
3598.5 5.4323e-15
3601.3 5.1430e-15
3604.2 5.0701e-15
3607.0 5.5575e-15
3609.9 5.0255e-15
3612.8 5.8642e-15
3615.6 5.8104e-15
3618.5 5.7194e-15
3621.3 5.1591e-15
3624.2 5.5084e-15
3627.1 5.9507e-15
3629.9 5.2774e-15
3632.8 6.0911e-15
3635.7 5.5396e-15
3638.5 5.7265e-15
3641.4 5.5277e-15
3644.2 4.7379e-15
3647.1 5.5355e-15
3650.0 5.0814e-15
3652.8 5.4227e-15
3655.7 5.3403e-15
3658.5 5.3153e-15
3661.4 5.1166e-15
3664.3 5.4805e-15
3667.1 5.5259e-15
3670.0 5.4737e-15
3672.9 4.6616e-15
3675.7 6.0015e-15
3678.6 4.9610e-15
3681.4 5.9041e-15
3684.3 6.2025e-15
3687.2 5.6552e-15
3690.0 6.5308e-15
3692.9 6.3285e-15
3695.7 6.4425e-15
3698.6 7.0359e-15
3701.5 7.4636e-15
3704.3 7.7757e-15
3707.2 7.5461e-15
3710.1 7.3368e-15
3712.9 6.5526e-15
3715.8 6.9739e-15
3718.6 7.1507e-15
3721.5 8.1448e-15
3724.4 8.3175e-15
3727.2 7.4658e-15
3730.1 7.5394e-15
3732.9 7.2135e-15
3735.8 7.3460e-15
3738.7 7.1480e-15
3741.5 7.2064e-15
3744.4 6.4035e-15
3747.2 5.9249e-15
3750.1 5.1740e-15
3753.0 5.2033e-15
3755.8 4.6109e-15
3758.7 4.8268e-15
3761.6 4.7424e-15
3764.4 5.0834e-15
3767.3 4.8342e-15
3770.1 4.0215e-15
3773.0 4.6457e-15
3775.9 4.3915e-15
3778.7 4.4132e-15
3781.6 4.2596e-15
3784.4 3.9693e-15
3787.3 3.5865e-15
3790.2 4.6807e-15
3793.0 3.8991e-15
3795.9 3.7977e-15
3798.8 3.9966e-15
3801.6 3.7858e-15
3804.5 3.3573e-15
3807.3 3.5751e-15
3810.2 3.1857e-15
3813.1 3.4599e-15
3815.9 3.8658e-15
3818.8 3.4436e-15
3821.6 3.4217e-15
3824.5 3.6470e-15
3827.4 3.2671e-15
3830.2 3.2999e-15
3833.1 3.2524e-15
3836.0 3.2705e-15
3838.8 3.1053e-15
3841.7 3.6946e-15
3844.5 3.4859e-15
3847.4 3.5849e-15
3850.3 3.1410e-15
3853.1 4.0783e-15
3856.0 3.6801e-15
3858.8 3.7064e-15
3861.7 3.7442e-15
3864.6 3.9265e-15
3867.4 4.1361e-15
3870.3 4.5186e-15
3873.1 4.2196e-15
3876.0 4.8892e-15
3878.9 4.8191e-15
3881.7 4.9098e-15
3884.6 5.1512e-15
3887.5 5.7446e-15
3890.3 5.7860e-15
3893.2 5.5739e-15
3896.0 6.0099e-15
3898.9 6.3956e-15
3901.8 6.0997e-15
3904.6 6.3452e-15
3907.5 6.6109e-15
3910.3 6.6146e-15
3913.2 7.2439e-15
3916.1 7.0002e-15
3918.9 7.6979e-15
3921.8 7.8260e-15
3924.7 7.9720e-15
3927.5 8.2233e-15
3930.4 8.5051e-15
3933.2 8.7799e-15
3936.1 8.6404e-15
3939.0 8.8906e-15
3941.8 9.1529e-15
3944.7 9.3140e-15
3947.5 9.7636e-15
3950.4 9.9787e-15
3953.3 9.5066e-15
3956.1 9.4991e-15
3959.0 9.1735e-15
3961.9 9.1094e-15
3964.7 1.0136e-14
3967.6 9.1457e-15
3970.4 9.4286e-15
3973.3 9.0636e-15
3976.2 9.4030e-15
3979.0 9.5297e-15
3981.9 9.7949e-15
3984.7 9.4299e-15
3987.6 9.5445e-15
3990.5 9.9231e-15
3993.3 9.1304e-15
3996.2 9.6357e-15
3999.0 9.9832e-15
4001.9 9.4949e-15
4004.8 9.4066e-15
4007.6 9.8723e-15
4010.5 9.2043e-15
4013.4 9.2481e-15
4016.2 8.6335e-15
4019.1 8.5593e-15
4021.9 8.7359e-15
4024.8 7.7599e-15
4027.7 7.8985e-15
4030.5 7.9710e-15
4033.4 7.8575e-15
4036.2 7.5488e-15
4039.1 7.4035e-15
4042.0 7.1398e-15
4044.8 7.3017e-15
4047.7 6.7258e-15
4050.6 6.6766e-15
4053.4 6.7026e-15
4056.3 6.6888e-15
4059.1 6.9594e-15
4062.0 7.1451e-15
4064.9 6.7988e-15
4067.7 6.8127e-15
4070.6 6.8654e-15
4073.4 6.6664e-15
4076.3 6.9223e-15
4079.2 6.9490e-15
4082.0 6.8997e-15
4084.9 6.9305e-15
4087.8 6.8454e-15
4090.6 6.5844e-15
4093.5 7.2639e-15
4096.3 7.0923e-15
4099.2 6.9707e-15
4102.1 6.9105e-15
4104.9 6.4737e-15
4107.8 6.3498e-15
4110.6 6.5903e-15
4113.5 6.6355e-15
4116.4 7.5981e-15
4119.2 6.8753e-15
4122.1 6.8697e-15
4124.9 6.6263e-15
4127.8 7.0476e-15
4130.7 6.6148e-15
4133.5 6.3753e-15
4136.4 6.6051e-15
4139.3 7.0524e-15
4142.1 7.2421e-15
4145.0 6.7069e-15
4147.8 6.6963e-15
4150.7 6.4408e-15
4153.6 6.7509e-15
4156.4 6.9099e-15
4159.3 6.9164e-15
4162.1 6.5392e-15
4165.0 6.7849e-15
4167.9 6.8299e-15
4170.7 6.6718e-15
4173.6 6.4474e-15
4176.5 6.5564e-15
4179.3 6.9344e-15
4182.2 6.6302e-15
4185.0 6.7939e-15
4187.9 6.8232e-15
4190.8 7.0182e-15
4193.6 7.1128e-15
4196.5 6.7611e-15
4199.3 7.1198e-15
4202.2 7.1600e-15
4205.1 7.2030e-15
4207.9 7.1527e-15
4210.8 7.5796e-15
4213.7 7.5117e-15
4216.5 7.6812e-15
4219.4 7.4372e-15
4222.2 7.5885e-15
4225.1 8.1134e-15
4228.0 7.7545e-15
4230.8 7.9759e-15
4233.7 7.9994e-15
4236.5 8.1175e-15
4239.4 8.0245e-15
4242.3 8.0312e-15
4245.1 8.0551e-15
4248.0 8.2071e-15
4250.9 8.0157e-15
4253.7 7.9069e-15
4256.6 7.8486e-15
4259.4 7.6460e-15
4262.3 7.7857e-15
4265.2 7.6311e-15
4268.0 7.6584e-15
4270.9 7.6969e-15
4273.7 7.3783e-15
4276.6 7.0424e-15
4279.5 7.3616e-15
4282.3 6.8616e-15
4285.2 7.1743e-15
4288.0 7.2109e-15
4290.9 7.0790e-15
4293.8 7.3667e-15
4296.6 6.9460e-15
4299.5 7.3776e-15
4302.4 6.8893e-15
4305.2 6.8471e-15
4308.1 6.8817e-15
4310.9 7.0016e-15
4313.8 6.8090e-15
4316.7 6.8747e-15
4319.5 6.5110e-15
4322.4 6.9671e-15
4325.2 6.5548e-15
4328.1 6.8472e-15
4331.0 6.2048e-15
4333.8 6.8826e-15
4336.7 6.8277e-15
4339.6 6.3518e-15
4342.4 6.5308e-15
4345.3 6.4273e-15
4348.1 6.8779e-15
4351.0 6.8189e-15
4353.9 6.3756e-15
4356.7 6.3260e-15
4359.6 6.6726e-15
4362.4 6.4885e-15
4365.3 6.3268e-15
4368.2 6.1070e-15
4371.0 6.1272e-15
4373.9 5.8601e-15
4376.8 5.8918e-15
4379.6 5.8338e-15
4382.5 5.7469e-15
4385.3 5.4173e-15
4388.2 5.3149e-15
4391.1 5.2425e-15
4393.9 5.3597e-15
4396.8 5.2055e-15
4399.6 5.1178e-15
4402.5 5.2309e-15
4405.4 5.1007e-15
4408.2 4.7655e-15
4411.1 4.6977e-15
4413.9 4.5431e-15
4416.8 4.7600e-15
4419.7 4.2110e-15
4422.5 4.4539e-15
4425.4 4.3541e-15
4428.3 4.1609e-15
4431.1 4.0861e-15
4434.0 3.9793e-15
4436.8 3.5393e-15
4439.7 3.7955e-15
4442.6 3.7372e-15
4445.4 3.8185e-15
4448.3 3.9753e-15
4451.1 3.6044e-15
4454.0 3.8873e-15
4456.9 3.6417e-15
4459.7 3.7795e-15
4462.6 3.8755e-15
4465.5 3.9655e-15
4468.3 3.9754e-15
4471.2 4.1156e-15
4474.0 3.8866e-15
4476.9 3.7256e-15
4479.8 3.8038e-15
4482.6 4.0882e-15
4485.5 3.9992e-15
4488.3 4.0953e-15
4491.2 4.2199e-15
4494.1 4.1460e-15
4496.9 4.3075e-15
4499.8 4.1401e-15
4502.7 4.4941e-15
4505.5 4.5707e-15
4508.4 4.7141e-15
4511.2 4.7074e-15
4514.1 4.8198e-15
4517.0 4.7666e-15
4519.8 4.9690e-15
4522.7 5.2513e-15
4525.5 5.0266e-15
4528.4 5.0699e-15
4531.3 5.1324e-15
4534.1 5.4181e-15
4537.0 5.5070e-15
4539.8 5.5186e-15
4542.7 5.2976e-15
4545.6 5.7954e-15
4548.4 5.5707e-15
4551.3 5.7136e-15
4554.2 5.8470e-15
4557.0 6.0888e-15
4559.9 6.0393e-15
4562.7 6.0134e-15
4565.6 6.0311e-15
4568.5 6.7734e-15
4571.3 6.5585e-15
4574.2 6.4322e-15
4577.0 6.5917e-15
4579.9 6.9208e-15
4582.8 6.8436e-15
4585.6 6.9947e-15
4588.5 7.1551e-15
4591.4 7.1447e-15
4594.2 7.6947e-15
4597.1 7.7393e-15
4599.9 7.7081e-15
4602.8 7.8362e-15
4605.7 7.9031e-15
4608.5 8.2841e-15
4611.4 8.2216e-15
4614.2 8.6295e-15
4617.1 8.4191e-15
4620.0 8.4493e-15
4622.8 8.5698e-15
4625.7 8.6922e-15
4628.6 8.8779e-15
4631.4 8.5767e-15
4634.3 8.6884e-15
4637.1 8.6115e-15
4640.0 8.8982e-15
4642.9 8.7522e-15
4645.7 8.7109e-15
4648.6 8.7465e-15
4651.4 8.9985e-15
4654.3 8.7575e-15
4657.2 8.8872e-15
4660.0 8.9304e-15
4662.9 8.8989e-15
4665.7 8.6942e-15
4668.6 8.7857e-15
4671.5 8.7265e-15
4674.3 8.2359e-15
4677.2 8.3511e-15
4680.1 8.5040e-15
4682.9 8.4482e-15
4685.8 7.8895e-15
4688.6 8.0153e-15
4691.5 7.4394e-15
4694.4 7.6601e-15
4697.2 7.4610e-15
4700.1 7.1254e-15
4702.9 7.0770e-15
4705.8 6.9919e-15
4708.7 6.9372e-15
4711.5 6.8175e-15
4714.4 6.7163e-15
4717.3 6.6617e-15
4720.1 6.4455e-15
4723.0 6.1128e-15
4725.8 6.2255e-15
4728.7 5.8336e-15
4731.6 5.8762e-15
4734.4 5.6488e-15
4737.3 5.4144e-15
4740.1 5.5582e-15
4743.0 5.4101e-15
4745.9 5.4081e-15
4748.7 5.1474e-15
4751.6 5.1495e-15
4754.5 5.1061e-15
4757.3 4.8926e-15
4760.2 4.9201e-15
4763.0 5.1706e-15
4765.9 4.6265e-15
4768.8 4.8288e-15
4771.6 4.5898e-15
4774.5 4.6994e-15
4777.3 4.5790e-15
4780.2 4.4502e-15
4783.1 4.3624e-15
4785.9 4.3639e-15
4788.8 4.3450e-15
4791.7 4.2733e-15
4794.5 4.1902e-15
4797.4 3.8220e-15
4800.2 4.1142e-15
4803.1 3.7118e-15
4806.0 4.1448e-15
4808.8 4.0344e-15
4811.7 3.7905e-15
4814.5 3.8902e-15
4817.4 3.8356e-15
4820.3 3.6615e-15
4823.1 3.8520e-15
4826.0 3.6845e-15
4828.8 3.7213e-15
4831.7 3.8190e-15
4834.6 3.7675e-15
4837.4 3.5115e-15
4840.3 3.8535e-15
4843.2 3.8941e-15
4846.0 3.8463e-15
4848.9 4.0537e-15
4851.7 3.8653e-15
4854.6 3.9449e-15
4857.5 3.8836e-15
4860.3 3.9238e-15
4863.2 3.7643e-15
4866.0 3.8641e-15
4868.9 3.8031e-15
4871.8 3.8460e-15
4874.6 3.8369e-15
4877.5 3.7376e-15
4880.4 3.9428e-15
4883.2 3.8474e-15
4886.1 3.6327e-15
4888.9 3.7736e-15
4891.8 3.4957e-15
4894.7 3.5987e-15
4897.5 3.8365e-15
4900.4 3.4913e-15
4903.2 3.5407e-15
4906.1 3.6905e-15
4909.0 3.4652e-15
4911.8 3.4453e-15
4914.7 3.3560e-15
4917.6 3.5358e-15
4920.4 3.5936e-15
4923.3 3.6558e-15
4926.1 3.8326e-15
4929.0 3.7333e-15
4931.9 3.8951e-15
4934.7 3.9962e-15
4937.6 3.6690e-15
4940.4 4.0479e-15
4943.3 3.9705e-15
4946.2 4.0486e-15
4949.0 4.1330e-15
4951.9 4.1075e-15
4954.7 4.2423e-15
4957.6 4.0286e-15
4960.5 4.5320e-15
4963.3 4.4006e-15
4966.2 4.4497e-15
4969.1 4.6649e-15
4971.9 4.9345e-15
4974.8 4.7616e-15
4977.6 4.6243e-15
4980.5 4.8346e-15
4983.4 4.9450e-15
4986.2 4.8823e-15
4989.1 4.9385e-15
4991.9 4.4606e-15
4994.8 4.7665e-15
4997.7 4.7358e-15
5000.5 4.9030e-15
5003.4 4.6789e-15
5006.3 4.5011e-15
5009.1 4.5379e-15
5012.0 4.4970e-15
5014.8 4.4072e-15
5017.7 4.4836e-15
5020.6 4.4045e-15
5023.4 4.0215e-15
5026.3 4.0335e-15
5029.1 4.0402e-15
5032.0 4.0227e-15
5034.9 3.8624e-15
5037.7 3.9512e-15
5040.6 3.6251e-15
5043.5 3.5025e-15
5046.3 3.4349e-15
5049.2 3.8460e-15
5052.0 3.5669e-15
5054.9 3.6426e-15
5057.8 3.5737e-15
5060.6 3.5555e-15
5063.5 3.5568e-15
5066.3 3.6514e-15
5069.2 3.4934e-15
5072.1 3.2015e-15
5074.9 3.1283e-15
5077.8 3.4157e-15
5080.6 3.4129e-15
5083.5 3.5362e-15
5086.4 3.5419e-15
5089.2 3.8847e-15
5092.1 3.5947e-15
5095.0 3.6703e-15
5097.8 3.7809e-15
5100.7 3.6930e-15
5103.5 3.9934e-15
5106.4 3.8076e-15
5109.3 3.8352e-15
5112.1 4.0101e-15
5115.0 4.1397e-15
5117.8 4.3073e-15
5120.7 4.0373e-15
5123.6 4.2454e-15
5126.4 4.2267e-15
5129.3 4.1635e-15
5132.2 4.3261e-15
5135.0 4.3016e-15
5137.9 4.3768e-15
5140.7 4.4459e-15
5143.6 4.4351e-15
5146.5 4.1377e-15
5149.3 4.4674e-15
5152.2 4.3570e-15
5155.0 4.6696e-15
5157.9 4.4364e-15
5160.8 4.6132e-15
5163.6 4.6177e-15
5166.5 4.4296e-15
5169.4 4.2051e-15
5172.2 4.5682e-15
5175.1 4.6983e-15
5177.9 4.5968e-15
5180.8 4.6291e-15
5183.7 4.4948e-15
5186.5 4.5473e-15
5189.4 4.6405e-15
5192.2 4.7552e-15
5195.1 4.6671e-15
5198.0 4.7194e-15
5200.8 4.8027e-15
5203.7 5.0720e-15
5206.5 5.2264e-15
5209.4 4.9235e-15
5212.3 5.2743e-15
5215.1 5.0486e-15
5218.0 5.3617e-15
5220.9 5.2145e-15
5223.7 5.3781e-15
5226.6 5.4139e-15
5229.4 5.7146e-15
5232.3 5.2819e-15
5235.2 5.4610e-15
5238.0 5.9102e-15
5240.9 5.4018e-15
5243.7 5.8783e-15
5246.6 5.8471e-15
5249.5 5.8532e-15
5252.3 5.9953e-15
5255.2 6.0297e-15
5258.1 6.1258e-15
5260.9 6.0926e-15
5263.8 6.2779e-15
5266.6 6.1624e-15
5269.5 6.3470e-15
5272.4 6.3021e-15
5275.2 6.8831e-15
5278.1 6.9196e-15
5280.9 6.8135e-15
5283.8 6.4622e-15
5286.7 6.2886e-15
5289.5 6.0927e-15
5292.4 6.6353e-15
5295.3 6.3587e-15
5298.1 6.3566e-15
5301.0 6.4090e-15
5303.8 6.5316e-15
5306.7 6.1245e-15
5309.6 6.3954e-15
5312.4 6.6077e-15
5315.3 6.3947e-15
5318.1 6.1412e-15
5321.0 5.9811e-15
5323.9 6.1136e-15
5326.7 6.1336e-15
5329.6 5.9740e-15
5332.4 5.8435e-15
5335.3 5.9749e-15
5338.2 6.0004e-15
5341.0 5.7071e-15
5343.9 5.9125e-15
5346.8 5.7984e-15
5349.6 5.4902e-15
5352.5 5.4561e-15
5355.3 5.5936e-15
5358.2 5.5318e-15
5361.1 5.6097e-15
5363.9 5.6831e-15
5366.8 5.3311e-15
5369.6 5.4415e-15
5372.5 5.4196e-15
5375.4 5.0930e-15
5378.2 5.4132e-15
5381.1 5.3652e-15
5384.0 5.3997e-15
5386.8 5.4012e-15
5389.7 5.2432e-15
5392.5 5.4818e-15
5395.4 5.0957e-15
5398.3 5.2701e-15
5401.1 5.2325e-15
5404.0 5.2251e-15
5406.8 5.2359e-15
5409.7 4.9563e-15
5412.6 5.1675e-15
5415.4 4.9666e-15
5418.3 5.1988e-15
5421.2 5.0573e-15
5424.0 5.0370e-15
5426.9 4.7870e-15
5429.7 5.0574e-15
5432.6 4.8385e-15
5435.5 4.8684e-15
5438.3 4.8233e-15
5441.2 5.0358e-15
5444.0 4.8970e-15
5446.9 4.8593e-15
5449.8 4.9029e-15
5452.6 5.0334e-15
5455.5 5.1881e-15
5458.4 4.7726e-15
5461.2 4.8788e-15
5464.1 4.7289e-15
5466.9 4.8255e-15
5469.8 4.8109e-15
5472.7 4.7297e-15
5475.5 4.4889e-15
5478.4 4.7756e-15
5481.2 4.7838e-15
5484.1 4.6168e-15
5487.0 4.5076e-15
5489.8 4.8234e-15
5492.7 4.5465e-15
5495.5 4.6012e-15
5498.4 4.4534e-15
5501.3 4.5400e-15
5504.1 4.5926e-15
5507.0 4.3365e-15
5509.9 4.3784e-15
5512.7 4.4592e-15
5515.6 4.1894e-15
5518.4 4.4088e-15
5521.3 4.1938e-15
5524.2 4.0918e-15
5527.0 4.2303e-15
5529.9 3.9866e-15
5532.7 3.9230e-15
5535.6 3.9946e-15
5538.5 3.8804e-15
5541.3 3.8800e-15
5544.2 3.8018e-15
5547.1 3.8099e-15
5549.9 3.6517e-15
5552.8 3.5089e-15
5555.6 3.5878e-15
5558.5 3.5770e-15
5561.4 3.4884e-15
5564.2 3.6523e-15
5567.1 3.6511e-15
5569.9 3.6579e-15
5572.8 3.6206e-15
5575.7 3.7332e-15
5578.5 3.4889e-15
5581.4 3.5356e-15
5584.3 3.8434e-15
5587.1 3.6147e-15
5590.0 3.6437e-15
5592.8 3.6369e-15
5595.7 3.5735e-15
5598.6 3.7060e-15
5601.4 3.5540e-15
5604.3 3.3541e-15
5607.1 3.6072e-15
5610.0 3.1638e-15
5612.9 3.4667e-15
5615.7 3.2631e-15
5618.6 3.5367e-15
5621.4 3.6491e-15
5624.3 3.3169e-15
5627.2 3.3726e-15
5630.0 3.4044e-15
5632.9 3.1577e-15
5635.8 3.1188e-15
5638.6 3.1261e-15
5641.5 3.1716e-15
5644.3 3.2102e-15
5647.2 3.1893e-15
5650.1 3.1730e-15
5652.9 3.2912e-15
5655.8 2.9351e-15
5658.6 3.0328e-15
5661.5 3.2868e-15
5664.4 2.9700e-15
5667.2 2.9512e-15
5670.1 3.1516e-15
5673.0 2.7546e-15
5675.8 3.0020e-15
5678.7 2.9003e-15
5681.5 2.7830e-15
5684.4 2.7133e-15
5687.3 2.7298e-15
5690.1 2.6889e-15
5693.0 2.6453e-15
5695.8 2.7300e-15
5698.7 2.6382e-15
5701.6 2.3223e-15
5704.4 2.6185e-15
5707.3 2.5802e-15
5710.2 2.5675e-15
5713.0 2.5018e-15
5715.9 2.2725e-15
5718.7 2.5242e-15
5721.6 2.4718e-15
5724.5 2.2735e-15
5727.3 2.4700e-15
5730.2 2.3301e-15
5733.0 2.2597e-15
5735.9 2.3173e-15
5738.8 2.3409e-15
5741.6 2.2222e-15
5744.5 2.3395e-15
5747.3 2.2317e-15
5750.2 2.1332e-15
5753.1 2.2292e-15
5755.9 2.0862e-15
5758.8 2.1487e-15
5761.7 2.1033e-15
5764.5 2.1947e-15
5767.4 2.2546e-15
5770.2 2.0027e-15
5773.1 2.0054e-15
5776.0 1.9717e-15
5778.8 2.0975e-15
5781.7 2.1738e-15
5784.5 2.1900e-15
5787.4 2.3257e-15
5790.3 2.2307e-15
5793.1 2.3033e-15
5796.0 2.3265e-15
5798.9 2.1958e-15
5801.7 2.4155e-15
5804.6 2.4524e-15
5807.4 2.4582e-15
5810.3 2.7387e-15
5813.2 2.5025e-15
5816.0 2.9880e-15
5818.9 3.0373e-15
5821.7 2.9147e-15
5824.6 2.7493e-15
5827.5 2.9524e-15
5830.3 3.2263e-15
5833.2 2.9475e-15
5836.1 3.2312e-15
5838.9 3.1454e-15
5841.8 3.7464e-15
5844.6 3.5821e-15
5847.5 3.8012e-15
5850.4 3.4660e-15
5853.2 3.6577e-15
5856.1 3.9486e-15
5858.9 3.8977e-15
5861.8 3.7576e-15
5864.7 3.9306e-15
5867.5 4.1802e-15
5870.4 4.1759e-15
5873.2 4.2654e-15
5876.1 4.3488e-15
5879.0 4.1237e-15
5881.8 4.4110e-15
5884.7 4.4764e-15
5887.6 4.7366e-15
5890.4 4.6991e-15
5893.3 4.6583e-15
5896.1 4.8077e-15
5899.0 4.8079e-15
5901.9 4.9799e-15
5904.7 5.0914e-15
5907.6 5.0389e-15
5910.4 5.2362e-15
5913.3 4.7914e-15
5916.2 5.0010e-15
5919.0 5.2956e-15
5921.9 5.0262e-15
5924.8 5.1353e-15
5927.6 5.0125e-15
5930.5 5.1267e-15
5933.3 5.3093e-15
5936.2 5.1129e-15
5939.1 5.0292e-15
5941.9 5.1260e-15
5944.8 5.2236e-15
5947.6 5.1834e-15
5950.5 5.0154e-15
5953.4 4.8359e-15
5956.2 4.9346e-15
5959.1 5.0737e-15
5962.0 5.0095e-15
5964.8 4.8015e-15
5967.7 4.6985e-15
5970.5 4.7958e-15
5973.4 4.6913e-15
5976.3 4.6304e-15
5979.1 4.6912e-15
5982.0 4.6665e-15
5984.8 4.5268e-15
5987.7 4.4267e-15
5990.6 4.4003e-15
5993.4 4.3234e-15
5996.3 4.2918e-15
5999.1 4.1923e-15
6002.0 3.9930e-15
6004.9 4.1615e-15
6007.7 4.1211e-15
6010.6 3.8968e-15
6013.5 4.1120e-15
6016.3 4.0725e-15
6019.2 3.9387e-15
6022.0 3.8951e-15
6024.9 3.7552e-15
6027.8 3.8195e-15
6030.6 3.9796e-15
6033.5 3.5096e-15
6036.3 3.5972e-15
6039.2 3.6314e-15
6042.1 3.4812e-15
6044.9 3.6070e-15
6047.8 3.8368e-15
6050.7 3.4914e-15
6053.5 3.4726e-15
6056.4 3.5917e-15
6059.2 3.5203e-15
6062.1 3.6548e-15
6065.0 3.4062e-15
6067.8 3.3931e-15
6070.7 3.3194e-15
6073.5 3.4577e-15
6076.4 3.4700e-15
6079.3 3.4068e-15
6082.1 3.3251e-15
6085.0 3.3620e-15
6087.9 3.3254e-15
6090.7 3.4012e-15
6093.6 3.4614e-15
6096.4 3.1083e-15
6099.3 3.1393e-15
6102.2 3.3879e-15
6105.0 3.3277e-15
6107.9 3.1685e-15
6110.7 3.1729e-15
6113.6 3.1831e-15
6116.5 3.1521e-15
6119.3 3.3817e-15
6122.2 3.3261e-15
6125.1 3.2099e-15
6127.9 2.9673e-15
6130.8 3.0533e-15
6133.6 3.1997e-15
6136.5 2.9343e-15
6139.4 3.0486e-15
6142.2 2.9802e-15
6145.1 2.9343e-15
6147.9 2.8005e-15
6150.8 2.5655e-15
6153.7 2.6701e-15
6156.5 2.4851e-15
6159.4 2.3314e-15
6162.2 2.3317e-15
6165.1 2.3608e-15
6168.0 2.2864e-15
6170.8 1.9427e-15
6173.7 1.9354e-15
6176.6 2.1429e-15
6179.4 1.9227e-15
6182.3 1.7547e-15
6185.1 1.7723e-15
6188.0 1.6719e-15
6190.9 1.7498e-15
6193.7 1.4888e-15
6196.6 1.3772e-15
6199.4 1.5381e-15
6202.3 1.5846e-15
6205.2 1.4593e-15
6208.0 1.2559e-15
6210.9 1.3271e-15
6213.8 1.6251e-15
6216.6 1.6559e-15
6219.5 1.2977e-15
6222.3 1.2966e-15
6225.2 1.4024e-15
6228.1 1.3501e-15
6230.9 1.5868e-15
6233.8 1.6302e-15
6236.6 1.4797e-15
6239.5 1.4735e-15
6242.4 1.4997e-15
6245.2 1.4581e-15
6248.1 1.3579e-15
6251.0 1.4115e-15
6253.8 1.6570e-15
6256.7 1.7137e-15
6259.5 1.8411e-15
6262.4 1.8263e-15
6265.3 1.9671e-15
6268.1 1.9249e-15
6271.0 2.0869e-15
6273.8 1.9808e-15
6276.7 2.1958e-15
6279.6 2.2739e-15
6282.4 2.4472e-15
6285.3 2.4592e-15
6288.1 2.4719e-15
6291.0 2.3969e-15
6293.9 2.3984e-15
6296.7 2.2739e-15
6299.6 2.8235e-15
6302.5 2.8896e-15
6305.3 2.6029e-15
6308.2 2.7136e-15
6311.0 2.9641e-15
6313.9 2.7875e-15
6316.8 2.6089e-15
6319.6 3.0004e-15
6322.5 2.7935e-15
6325.3 2.9392e-15
6328.2 2.9031e-15
6331.1 2.8409e-15
6333.9 3.0956e-15
6336.8 3.0087e-15
6339.7 3.1545e-15
6342.5 3.0210e-15
6345.4 3.0789e-15
6348.2 2.8191e-15
6351.1 3.0824e-15
6354.0 3.0390e-15
6356.8 3.2982e-15
6359.7 3.0359e-15
6362.5 3.1047e-15
6365.4 3.2987e-15
6368.3 3.2512e-15
6371.1 3.2339e-15
6374.0 3.0808e-15
6376.9 3.1261e-15
6379.7 3.0738e-15
6382.6 3.0302e-15
6385.4 3.2513e-15
6388.3 3.2499e-15
6391.2 3.3488e-15
6394.0 3.0500e-15
6396.9 2.9869e-15
6399.7 3.0183e-15
6402.6 3.0385e-15
6405.5 3.2087e-15
6408.3 3.0647e-15
6411.2 3.2184e-15
6414.0 3.2759e-15
6416.9 3.0765e-15
6419.8 3.2232e-15
6422.6 3.2009e-15
6425.5 3.0846e-15
6428.4 3.3284e-15
6431.2 3.2350e-15
6434.1 3.2684e-15
6436.9 3.0820e-15
6439.8 2.8970e-15
6442.7 3.1402e-15
6445.5 3.2406e-15
6448.4 3.1633e-15
6451.2 3.0801e-15
6454.1 3.0490e-15
6457.0 2.9226e-15
6459.8 2.9510e-15
6462.7 3.0379e-15
6465.6 3.0395e-15
6468.4 3.1448e-15
6471.3 3.1304e-15
6474.1 2.9140e-15
6477.0 3.0251e-15
6479.9 3.0719e-15
6482.7 2.9896e-15
6485.6 2.9904e-15
6488.4 3.0827e-15
6491.3 2.9601e-15
6494.2 2.6527e-15
6497.0 2.8241e-15
6499.9 2.9034e-15
6502.8 3.0141e-15
6505.6 2.9619e-15
6508.5 3.1177e-15
6511.3 3.1873e-15
6514.2 3.0785e-15
6517.1 3.2150e-15
6519.9 3.1333e-15
6522.8 3.0798e-15
6525.6 3.0595e-15
6528.5 3.1567e-15
6531.4 3.0948e-15
6534.2 3.1552e-15
6537.1 3.1343e-15
6539.9 3.0815e-15
6542.8 3.3196e-15
6545.7 3.1713e-15
6548.5 3.1590e-15
6551.4 2.9303e-15
6554.3 3.1624e-15
6557.1 3.0736e-15
6560.0 2.9810e-15
6562.8 3.3555e-15
6565.7 3.0158e-15
6568.6 3.0641e-15
6571.4 2.9517e-15
6574.3 3.0255e-15
6577.1 3.0644e-15
6580.0 3.1547e-15
6582.9 3.3668e-15
6585.7 3.2677e-15
6588.6 3.3286e-15
6591.5 3.2337e-15
6594.3 3.2063e-15
6597.2 3.1684e-15
6600.0 3.1092e-15
6602.9 3.0306e-15
6605.8 2.8779e-15
6608.6 3.3138e-15
6611.5 3.2151e-15
6614.3 3.0068e-15
6617.2 3.1623e-15
6620.1 3.0151e-15
6622.9 2.8226e-15
6625.8 3.0664e-15
6628.7 2.8070e-15
6631.5 2.5503e-15
6634.4 2.7992e-15
6637.2 2.5059e-15
6640.1 2.6352e-15
6643.0 2.9139e-15
6645.8 2.5332e-15
6648.7 2.6378e-15
6651.5 2.5826e-15
6654.4 2.5370e-15
6657.3 2.5012e-15
6660.1 2.4000e-15
6663.0 2.3918e-15
6665.9 2.2706e-15
6668.7 2.4584e-15
6671.6 2.3009e-15
6674.4 2.2617e-15
6677.3 2.2726e-15
6680.2 2.4993e-15
6683.0 2.5265e-15
6685.9 2.3949e-15
6688.7 2.2923e-15
6691.6 2.4571e-15
6694.5 2.3907e-15
6697.3 2.2470e-15
6700.2 2.1829e-15
6703.0 2.2578e-15
6705.9 2.1919e-15
6708.8 1.9671e-15
6711.6 2.0483e-15
6714.5 2.3229e-15
6717.4 1.7084e-15
6720.2 2.0232e-15
6723.1 1.9477e-15
6725.9 1.8111e-15
6728.8 2.0535e-15
6731.7 2.0044e-15
6734.5 2.1184e-15
6737.4 1.8756e-15
6740.2 1.8031e-15
6743.1 1.7741e-15
6746.0 1.8032e-15
6748.8 1.9898e-15
6751.7 1.8999e-15
6754.6 1.6603e-15
6757.4 1.6012e-15
6760.3 1.9030e-15
6763.1 1.8777e-15
6766.0 1.9406e-15
6768.9 1.8831e-15
6771.7 1.7002e-15
6774.6 1.8156e-15
6777.4 1.7531e-15
6780.3 1.9039e-15
6783.2 1.6363e-15
6786.0 1.6567e-15
6788.9 1.7456e-15
6791.8 1.6563e-15
6794.6 2.0567e-15
6797.5 1.7019e-15
6800.3 1.7587e-15
6803.2 1.6944e-15
6806.1 1.5238e-15
6808.9 1.4134e-15
6811.8 1.7170e-15
6814.6 1.5850e-15
6817.5 1.5376e-15
6820.4 1.6003e-15
6823.2 1.7747e-15
6826.1 1.6493e-15
6828.9 1.4619e-15
6831.8 1.7243e-15
6834.7 1.8814e-15
6837.5 1.6240e-15
6840.4 1.7785e-15
6843.3 1.6064e-15
6846.1 1.5250e-15
6849.0 1.6312e-15
6851.8 1.5609e-15
6854.7 1.5488e-15
6857.6 1.5937e-15
6860.4 1.6212e-15
6863.3 1.5116e-15
6866.1 1.4363e-15
6869.0 1.5155e-15
6871.9 1.4051e-15
6874.7 1.4748e-15
6877.6 1.5384e-15
6880.5 1.8437e-15
6883.3 1.4622e-15
6886.2 1.3677e-15
6889.0 1.4719e-15
6891.9 1.6130e-15
6894.8 1.5113e-15
6897.6 1.2420e-15
6900.5 1.7160e-15
6903.3 1.6337e-15
6906.2 1.5062e-15
6909.1 1.7019e-15
6911.9 1.4067e-15
6914.8 1.6044e-15
6917.7 1.6653e-15
6920.5 1.3952e-15
6923.4 1.7246e-15
6926.2 1.5998e-15
6929.1 1.4420e-15
6932.0 1.4927e-15
6934.8 1.4186e-15
6937.7 1.4726e-15
6940.5 1.6150e-15
6943.4 1.4732e-15
6946.3 1.4934e-15
6949.1 1.4738e-15
6952.0 1.1742e-15
6954.8 1.3266e-15
6957.7 1.5489e-15
6960.6 1.4869e-15
6963.4 1.4716e-15
6966.3 1.5093e-15
6969.2 1.5383e-15
6972.0 1.4258e-15
6974.9 1.4115e-15
6977.7 1.3511e-15
6980.6 1.5964e-15
6983.5 1.4326e-15
6986.3 1.5067e-15
6989.2 1.7531e-15
6992.0 1.4513e-15
6994.9 1.5251e-15
6997.8 1.6326e-15
7000.6 1.5384e-15
7003.5 1.5049e-15
7006.4 1.4864e-15
7009.2 1.3875e-15
7012.1 1.5775e-15
7014.9 1.5319e-15
7017.8 1.3853e-15
7020.7 1.5568e-15
7023.5 1.5468e-15
7026.4 1.6271e-15
7029.2 1.5353e-15
7032.1 1.4048e-15
7035.0 1.5171e-15
7037.8 1.4645e-15
7040.7 1.5518e-15
7043.6 1.5514e-15
7046.4 1.4719e-15
7049.3 1.6559e-15
7052.1 1.7549e-15
7055.0 1.3547e-15
7057.9 1.4757e-15
7060.7 1.5366e-15
7063.6 1.6059e-15
7066.4 1.3093e-15
7069.3 1.6176e-15
7072.2 1.5731e-15
7075.0 1.4769e-15
7077.9 1.5978e-15
7080.7 1.5407e-15
7083.6 1.5227e-15
7086.5 1.3940e-15
7089.3 1.6004e-15
7092.2 1.5848e-15
7095.1 1.4344e-15
7097.9 1.4693e-15
7100.8 1.5587e-15
7103.6 1.4130e-15
7106.5 1.4509e-15
7109.4 1.6515e-15
7112.2 1.6642e-15
7115.1 1.5719e-15
7117.9 1.3789e-15
7120.8 1.3780e-15
7123.7 1.5666e-15
7126.5 1.4462e-15
7129.4 1.2479e-15
7132.3 1.5362e-15
7135.1 1.4104e-15
7138.0 1.7335e-15
7140.8 1.8293e-15
7143.7 1.9269e-15
7146.6 1.5292e-15
7149.4 1.6473e-15
7152.3 1.3460e-15
7155.1 1.5588e-15
7158.0 1.5364e-15
7160.9 1.4569e-15
7163.7 1.6984e-15
7166.6 1.3889e-15
7169.5 1.3497e-15
7172.3 1.5386e-15
7175.2 1.6381e-15
7178.0 1.5638e-15
7180.9 1.5379e-15
7183.8 1.6128e-15
7186.6 1.6322e-15
7189.5 1.5418e-15
7192.3 1.6781e-15
7195.2 1.6429e-15
7198.1 1.5256e-15
7200.9 1.3877e-15
7203.8 1.6541e-15
7206.6 1.7191e-15
7209.5 1.5919e-15
7212.4 1.6755e-15
7215.2 1.7255e-15
7218.1 1.7792e-15
7221.0 1.4709e-15
7223.8 1.5852e-15
7226.7 1.4546e-15
7229.5 1.4074e-15
7232.4 1.5609e-15
7235.3 1.6667e-15
7238.1 1.3689e-15
7241.0 1.3496e-15
7243.8 1.6760e-15
7246.7 1.7418e-15
7249.6 1.5049e-15
7252.4 1.4120e-15
7255.3 1.4133e-15
7258.2 1.3211e-15
7261.0 1.4050e-15
7263.9 1.4753e-15
7266.7 1.4571e-15
7269.6 1.4607e-15
7272.5 1.3543e-15
7275.3 1.4475e-15
7278.2 1.7827e-15
7281.0 1.6867e-15
7283.9 1.6329e-15
7286.8 1.4050e-15
7289.6 1.5835e-15
7292.5 1.7768e-15
7295.4 1.5013e-15
7298.2 1.5712e-15
7301.1 1.5693e-15
7303.9 1.5178e-15
7306.8 1.7099e-15
7309.7 1.7212e-15
7312.5 1.5278e-15
7315.4 1.5570e-15
7318.2 1.5412e-15
7321.1 1.2784e-15
7324.0 1.1995e-15
7326.8 1.5850e-15
7329.7 1.4275e-15
7332.6 1.2207e-15
7335.4 1.3450e-15
7338.3 1.4664e-15
7341.1 1.3957e-15
7344.0 1.4684e-15
7346.9 1.3804e-15
7349.7 1.5913e-15
7352.6 1.5674e-15
7355.4 1.3287e-15
7358.3 1.2646e-15
7361.2 1.6204e-15
7364.0 1.6250e-15
7366.9 1.2629e-15
7369.7 1.4341e-15
7372.6 1.3887e-15
7375.5 1.2346e-15
7378.3 1.3904e-15
7381.2 1.5937e-15
7384.1 1.3130e-15
7386.9 1.3187e-15
7389.8 1.3555e-15
7392.6 1.2200e-15
7395.5 1.1894e-15
7398.4 1.2842e-15
7401.2 1.3943e-15
7404.1 1.6527e-15
7406.9 1.4141e-15
7409.8 1.3777e-15
7412.7 1.3687e-15
7415.5 1.1768e-15
7418.4 1.1574e-15
7421.3 1.3680e-15
7424.1 1.5937e-15
7427.0 1.4293e-15
7429.8 1.2723e-15
7432.7 1.4090e-15
7435.6 1.0716e-15
7438.4 1.2079e-15
7441.3 1.5837e-15
7444.1 1.1577e-15
7447.0 1.1560e-15
7449.9 1.2494e-15
7452.7 1.2480e-15
7455.6 1.1697e-15
7458.5 1.2790e-15
7461.3 1.2800e-15
7464.2 1.2162e-15
7467.0 1.2921e-15
7469.9 1.3324e-15
7472.8 1.1914e-15
7475.6 1.2722e-15
7478.5 1.4609e-15
7481.3 1.1885e-15
7484.2 9.5061e-16
7487.1 1.0444e-15
7489.9 1.1118e-15
7492.8 1.1872e-15
7495.6 1.4711e-15
7498.5 1.5251e-15
7501.4 1.1719e-15
7504.2 1.2630e-15
7507.1 1.0015e-15
7510.0 1.0748e-15
7512.8 1.2043e-15
7515.7 1.3988e-15
7518.5 1.0662e-15
7521.4 1.1662e-15
7524.3 1.0367e-15
7527.1 1.0912e-15
7530.0 1.2730e-15
7532.8 1.0367e-15
7535.7 1.1151e-15
7538.6 1.2277e-15
7541.4 1.1491e-15
7544.3 1.4398e-15
7547.2 1.5658e-15
7550.0 1.1485e-15
7552.9 1.2166e-15
7555.7 9.4564e-16
7558.6 9.1994e-16
7561.5 1.5144e-15
7564.3 1.2253e-15
7567.2 1.0161e-15
7570.0 9.1675e-16
7572.9 1.1389e-15
7575.8 1.1561e-15
7578.6 1.0633e-15
7581.5 1.0730e-15
7584.4 8.0118e-16
7587.2 8.5606e-16
7590.1 8.9203e-16
7592.9 1.0299e-15
7595.8 1.1965e-15
7598.7 9.7797e-16
7601.5 1.0411e-15
7604.4 1.1055e-15
7607.2 1.5400e-15
7610.1 1.0221e-15
7613.0 1.1630e-15
7615.8 1.1664e-15
7618.7 1.0086e-15
7621.5 6.5395e-16
7624.4 1.0588e-15
7627.3 1.2235e-15
7630.1 9.8333e-16
7633.0 1.1335e-15
7635.9 9.0380e-16
7638.7 9.3418e-16
7641.6 1.2405e-15
7644.4 1.0988e-15
7647.3 1.2242e-15
7650.2 1.0771e-15
7653.0 1.2439e-15
7655.9 1.0697e-15
7658.7 1.2599e-15
7661.6 1.2043e-15
7664.5 1.1000e-15
7667.3 1.1193e-15
7670.2 1.2317e-15
7673.1 1.3643e-15
7675.9 1.2602e-15
7678.8 1.0580e-15
7681.6 9.9057e-16
7684.5 1.1844e-15
7687.4 1.2310e-15
7690.2 1.0018e-15
7693.1 1.3014e-15
7695.9 1.2776e-15
7698.8 1.4330e-15
7701.7 1.3491e-15
7704.5 1.0523e-15
7707.4 1.3532e-15
7710.3 1.4599e-15
7713.1 1.2562e-15
7716.0 1.1074e-15
7718.8 1.3782e-15
7721.7 1.4124e-15
7724.6 1.2749e-15
7727.4 1.5659e-15
7730.3 1.3970e-15
7733.1 1.0822e-15
7736.0 1.3804e-15
7738.9 1.4669e-15
7741.7 1.1980e-15
7744.6 1.1790e-15
7747.4 1.2302e-15
7750.3 1.2364e-15
7753.2 1.4195e-15
7756.0 1.5121e-15
7758.9 1.4738e-15
7761.8 1.4204e-15
7764.6 1.2238e-15
7767.5 1.2421e-15
7770.3 1.3437e-15
7773.2 1.1714e-15
7776.1 1.2361e-15
7778.9 1.3439e-15
7781.8 1.2956e-15
7784.6 1.0651e-15
7787.5 1.3671e-15
7790.4 1.3712e-15
7793.2 1.2715e-15
7796.1 1.2218e-15
7799.0 1.2712e-15
7801.8 1.4518e-15
7804.7 1.6029e-15
7807.5 1.4548e-15
7810.4 1.1647e-15
7813.3 1.3076e-15
7816.1 1.3869e-15
7819.0 1.4021e-15
7821.8 1.5567e-15
7824.7 1.3194e-15
7827.6 1.4031e-15
7830.4 1.2076e-15
7833.3 1.3664e-15
7836.2 1.4611e-15
7839.0 1.4683e-15
7841.9 1.4688e-15
7844.7 1.2121e-15
7847.6 1.4487e-15
7850.5 1.5011e-15
7853.3 1.3601e-15
7856.2 1.6943e-15
7859.0 1.6503e-15
7861.9 1.5740e-15
7864.8 1.5146e-15
7867.6 1.7530e-15
7870.5 1.5094e-15
7873.4 1.5222e-15
7876.2 1.3216e-15
7879.1 1.5646e-15
7881.9 1.2600e-15
7884.8 1.3711e-15
7887.7 1.8831e-15
7890.5 1.5785e-15
7893.4 1.5081e-15
7896.2 1.5482e-15
7899.1 1.1086e-15
7902.0 1.5498e-15
7904.8 1.7593e-15
7907.7 1.4246e-15
7910.5 1.5262e-15
7913.4 1.5527e-15
7916.3 1.3830e-15
7919.1 1.4311e-15
7922.0 1.6799e-15
7924.9 1.6832e-15
7927.7 1.5304e-15
7930.6 1.7174e-15
7933.4 1.8490e-15
7936.3 1.3231e-15
7939.2 1.3019e-15
7942.0 1.5691e-15
7944.9 1.9987e-15
7947.7 1.7354e-15
7950.6 1.6022e-15
7953.5 1.6287e-15
7956.3 1.5360e-15
7959.2 1.5495e-15
7962.1 1.7245e-15
7964.9 1.5363e-15
7967.8 1.3740e-15
7970.6 1.8166e-15
7973.5 1.9079e-15
7976.4 1.6686e-15
7979.2 1.8160e-15
7982.1 1.4927e-15
7984.9 1.6209e-15
7987.8 1.5294e-15
7990.7 1.5823e-15
7993.5 1.7951e-15
7996.4 1.6683e-15
7999.3 1.5323e-15
8002.1 1.4412e-15
8005.0 1.4765e-15
8007.8 1.4058e-15
8010.7 1.2118e-15
8013.6 1.5959e-15
8016.4 1.3283e-15
8019.3 1.4983e-15
8022.1 1.0912e-15
8025.0 1.4812e-15
8027.9 1.4890e-15
8030.7 1.4540e-15
8033.6 1.2665e-15
8036.4 1.3518e-15
8039.3 1.6303e-15
8042.2 1.5697e-15
8045.0 1.5700e-15
8047.9 1.4768e-15
8050.8 1.2457e-15
8053.6 1.8188e-15
8056.5 1.8350e-15
8059.3 1.2761e-15
8062.2 1.3356e-15
8065.1 1.7505e-15
8067.9 1.6261e-15
8070.8 1.6004e-15
8073.6 1.3361e-15
8076.5 1.3077e-15
8079.4 1.5131e-15
8082.2 1.2730e-15
8085.1 1.3313e-15
8088.0 1.5201e-15
8090.8 1.5780e-15
8093.7 1.3051e-15
8096.5 1.1961e-15
8099.4 1.5411e-15
8102.3 1.2292e-15
8105.1 1.3353e-15
8108.0 1.3644e-15
8110.8 1.0429e-15
8113.7 1.1446e-15
8116.6 1.3659e-15
8119.4 1.0032e-15
8122.3 8.6248e-16
8125.2 1.3229e-15
8128.0 1.2548e-15
8130.9 1.2222e-15
8133.7 1.4072e-15
8136.6 1.3167e-15
8139.5 1.2683e-15
8142.3 1.4445e-15
8145.2 1.2266e-15
8148.0 1.1078e-15
8150.9 1.2343e-15
8153.8 1.0395e-15
8156.6 1.3226e-15
8159.5 1.1822e-15
8162.3 1.1015e-15
8165.2 1.2094e-15
8168.1 1.3788e-15
8170.9 8.6550e-16
8173.8 9.2033e-16
8176.7 1.2046e-15
8179.5 1.1425e-15
8182.4 1.3649e-15
8185.2 1.3848e-15
8188.1 1.3638e-15
8191.0 1.2863e-15
8193.8 1.2582e-15
8196.7 1.4677e-15
8199.5 1.4458e-15
8202.4 1.2167e-15
8205.3 9.2859e-16
8208.1 1.0804e-15
8211.0 1.0087e-15
8213.9 9.3511e-16
8216.7 1.0230e-15
8219.6 9.9183e-16
8222.4 1.2436e-15
8225.3 8.2404e-16
8228.2 1.0190e-15
8231.0 7.9446e-16
8233.9 9.9418e-16
8236.7 8.0816e-16
8239.6 8.0583e-16
8242.5 8.3345e-16
8245.3 7.3711e-16
8248.2 7.3009e-16
8251.1 7.4512e-16
8253.9 7.6634e-16
8256.8 8.8143e-16
8259.6 7.7574e-16
8262.5 1.1038e-15
8265.4 6.0392e-16
8268.2 9.6088e-16
8271.1 1.1000e-15
8273.9 7.0624e-16
8276.8 8.8564e-16
8279.7 9.0059e-16
8282.5 5.5253e-16
8285.4 8.9856e-16
8288.2 8.6280e-16
8291.1 7.6413e-16
8294.0 7.6903e-16
8296.8 3.0261e-16
8299.7 6.5552e-16
8302.6 4.5671e-16
8305.4 4.0756e-16
8308.3 5.4450e-16
8311.1 6.9636e-16
8314.0 9.5749e-16
8316.9 4.1464e-16
8319.7 5.7629e-16
8322.6 5.5219e-16
8325.4 7.4737e-16
8328.3 6.1653e-16
8331.2 6.8560e-16
8334.0 7.0183e-16
8336.9 8.1096e-16
8339.8 7.4148e-16
8342.6 5.5028e-16
8345.5 6.3610e-16
8348.3 5.2396e-16
8351.2 6.1777e-16
8354.1 8.4612e-16
8356.9 5.1915e-16
8359.8 1.0022e-15
8362.6 8.2947e-16
8365.5 6.6732e-16
8368.4 8.0123e-16
8371.2 6.6770e-16
8374.1 5.3970e-16
8377.0 5.6632e-16
8379.8 9.1131e-16
8382.7 8.9035e-16
8385.5 7.2268e-16
8388.4 8.7717e-16
8391.3 9.3550e-16
8394.1 1.0194e-15
8397.0 6.8798e-16
8399.8 7.1826e-16
8402.7 1.0742e-15
8405.6 8.9099e-16
8408.4 6.4826e-16
8411.3 1.0762e-15
8414.1 6.5670e-16
8417.0 5.8402e-16
8419.9 7.5445e-16
8422.7 1.0625e-15
8425.6 9.7387e-16
8428.5 9.1822e-16
8431.3 1.3141e-15
8434.2 1.1559e-15
8437.0 4.2230e-16
8439.9 7.4621e-16
8442.8 9.4442e-16
8445.6 7.6055e-16
8448.5 9.6461e-16
8451.3 1.1593e-15
8454.2 9.2260e-16
8457.1 8.9042e-16
8459.9 1.2264e-15
8462.8 1.1362e-15
8465.7 1.0830e-15
8468.5 1.2318e-15
8471.4 1.1867e-15
8474.2 9.6674e-16
8477.1 1.0020e-15
8480.0 1.1608e-15
8482.8 1.1459e-15
8485.7 1.1623e-15
8488.5 1.2265e-15
8491.4 1.3492e-15
8494.3 1.2139e-15
8497.1 8.7360e-16
8500.0 1.4623e-15
8502.9 1.1902e-15
8505.7 1.3530e-15
8508.6 1.6056e-15
8511.4 1.3421e-15
8514.3 1.1190e-15
8517.2 1.4179e-15
8520.0 1.5664e-15
8522.9 1.4992e-15
8525.7 1.8970e-15
8528.6 1.5705e-15
8531.5 1.3495e-15
8534.3 1.4719e-15
8537.2 1.4264e-15
8540.1 1.8149e-15
8542.9 2.0112e-15
8545.8 1.7780e-15
8548.6 1.8780e-15
8551.5 1.7027e-15
8554.4 2.0279e-15
8557.2 1.9063e-15
8560.1 2.0793e-15
8562.9 1.9601e-15
8565.8 2.0776e-15
8568.7 2.2495e-15
8571.5 2.0546e-15
8574.4 2.1027e-15
8577.2 1.9812e-15
8580.1 1.9561e-15
8583.0 2.0252e-15
8585.8 2.3595e-15
8588.7 2.4727e-15
8591.6 2.0669e-15
8594.4 2.0417e-15
8597.3 2.2934e-15
8600.1 2.3855e-15
8603.0 1.9405e-15
8605.9 2.0734e-15
8608.7 2.6422e-15
8611.6 2.5620e-15
8614.4 2.3941e-15
8617.3 2.2168e-15
8620.2 2.0201e-15
8623.0 2.0646e-15
8625.9 2.3339e-15
8628.8 2.3817e-15
8631.6 2.1982e-15
8634.5 2.8306e-15
8637.3 2.4977e-15
8640.2 2.3063e-15
8643.1 2.2641e-15
8645.9 2.3528e-15
8648.8 2.5358e-15
8651.6 2.2621e-15
8654.5 2.3001e-15
8657.4 2.7760e-15
8660.2 2.0685e-15
8663.1 2.2196e-15
8666.0 2.2644e-15
8668.8 2.2540e-15
8671.7 2.3406e-15
8674.5 2.5474e-15
8677.4 2.9210e-15
8680.3 2.6299e-15
8683.1 2.8540e-15
8686.0 2.7956e-15
8688.8 2.6582e-15
8691.7 2.5307e-15
8694.6 2.6296e-15
8697.4 2.7547e-15
8700.3 2.8366e-15
8703.1 2.9840e-15
8706.0 2.9660e-15
8708.9 2.9132e-15
8711.7 3.0206e-15
8714.6 3.3075e-15
8717.5 2.9588e-15
8720.3 2.9519e-15
8723.2 3.1504e-15
8726.0 2.6964e-15
8728.9 2.4501e-15
8731.8 2.7369e-15
8734.6 3.2168e-15
8737.5 3.6324e-15
8740.3 3.1595e-15
8743.2 3.3692e-15
8746.1 3.4236e-15
8748.9 2.8635e-15
8751.8 2.9426e-15
8754.7 3.0542e-15
8757.5 3.0337e-15
8760.4 3.3432e-15
8763.2 3.2052e-15
8766.1 3.0011e-15
8769.0 2.8678e-15
8771.8 3.2136e-15
8774.7 3.3356e-15
8777.5 3.3368e-15
8780.4 3.2955e-15
8783.3 2.9549e-15
8786.1 3.3213e-15
8789.0 3.0975e-15
8791.9 3.1631e-15
8794.7 3.2833e-15
8797.6 3.2902e-15
8800.4 3.1674e-15
8803.3 3.2412e-15
8806.2 3.2729e-15
8809.0 3.5789e-15
8811.9 3.1540e-15
8814.7 3.3675e-15
8817.6 4.2224e-15
8820.5 3.7160e-15
8823.3 3.0253e-15
8826.2 3.5368e-15
8829.0 3.3306e-15
8831.9 3.6007e-15
8834.8 3.8199e-15
8837.6 3.2968e-15
8840.5 3.3784e-15
8843.4 3.7085e-15
8846.2 3.3972e-15
8849.1 2.8977e-15
8851.9 3.2721e-15
8854.8 3.2052e-15
8857.7 3.4927e-15
8860.5 3.0530e-15
8863.4 3.1643e-15
8866.2 3.3497e-15
8869.1 3.2369e-15
8872.0 3.2770e-15
8874.8 2.7268e-15
8877.7 3.3997e-15
8880.6 3.2769e-15
8883.4 3.2887e-15
8886.3 3.3108e-15
8889.1 2.6976e-15
8892.0 2.6564e-15
8894.9 3.1712e-15
8897.7 3.1945e-15
8900.6 2.9327e-15
8903.4 3.4466e-15
8906.3 2.9644e-15
8909.2 3.6461e-15
8912.0 3.5867e-15
8914.9 2.3731e-15
8917.8 2.9729e-15
8920.6 4.4467e-15
8923.5 3.5899e-15
8926.3 3.2029e-15
8929.2 3.4630e-15
8932.1 3.0118e-15
8934.9 2.8871e-15
8937.8 3.0122e-15
8940.6 2.9007e-15
8943.5 3.4298e-15
8946.4 3.3292e-15
8949.2 3.0045e-15
8952.1 3.1106e-15
8954.9 3.3744e-15
8957.8 3.3496e-15
8960.7 3.0299e-15
8963.5 2.3917e-15
8966.4 3.0065e-15
8969.3 2.7898e-15
8972.1 2.8027e-15
8975.0 3.2527e-15
8977.8 3.4951e-15
8980.7 3.1986e-15
8983.6 3.0064e-15
8986.4 3.1545e-15
8989.3 2.1531e-15
8992.1 2.4982e-15
8995.0 2.8281e-15
8997.9 2.8480e-15
9000.7 3.3305e-15
9003.6 3.2526e-15
9006.5 2.4940e-15
9009.3 2.1797e-15
9012.2 2.5267e-15
9015.0 3.4499e-15
9017.9 2.4037e-15
9020.8 2.0816e-15
9023.6 2.7167e-15
9026.5 2.2106e-15
9029.3 2.4945e-15
9032.2 3.2589e-15
9035.1 2.8627e-15
9037.9 2.6038e-15
9040.8 2.2992e-15
9043.7 2.2285e-15
9046.5 2.7517e-15
9049.4 2.7506e-15
9052.2 2.5271e-15
9055.1 2.5281e-15
9058.0 2.2594e-15
9060.8 2.0709e-15
9063.7 1.8684e-15
9066.5 1.4446e-15
9069.4 1.7578e-15
9072.3 2.3306e-15
9075.1 1.1780e-15
9078.0 1.8626e-15
9080.9 2.1367e-15
9083.7 1.3448e-15
9086.6 1.6042e-15
9089.4 2.2032e-15
9092.3 2.3654e-15
9095.2 1.9961e-15
9098.0 1.7746e-15
9100.9 1.5822e-15
9103.7 9.6385e-16
9106.6 1.1287e-15
9109.5 1.5253e-15
9112.3 1.6072e-15
9115.2 2.1457e-15
9118.0 1.3215e-15
9120.9 1.6637e-15
9123.8 1.1878e-15
9126.6 9.1493e-16
9129.5 1.2339e-15
9132.4 6.7754e-16
9135.2 6.9624e-16
9138.1 7.0937e-16
9140.9 7.2279e-16
9143.8 7.3646e-16
9146.7 7.5038e-16
9149.5 7.6457e-16
9152.4 7.7897e-16
9155.2 7.9364e-16
9158.1 8.0859e-16
9161.0 8.2377e-16
9163.8 8.3920e-16
9166.7 8.5494e-16
