3180.0 6.6558e-15
3182.4 8.1887e-15
3184.9 9.6436e-15
3187.3 8.1066e-15
3189.8 1.0399e-14
3192.2 9.4964e-15
3194.7 7.6358e-15
3197.2 7.9954e-15
3199.6 7.8943e-15
3202.1 7.9663e-15
3204.5 7.6557e-15
3206.9 6.5211e-15
3209.4 4.9373e-15
3211.8 6.1805e-15
3214.3 6.9272e-15
3216.8 7.8573e-15
3219.2 7.1681e-15
3221.7 6.2799e-15
3224.1 8.1982e-15
3226.6 5.3179e-15
3229.0 6.3463e-15
3231.4 7.7829e-15
3233.9 5.8870e-15
3236.3 6.5749e-15
3238.8 5.0240e-15
3241.2 5.5842e-15
3243.7 5.7073e-15
3246.2 5.9617e-15
3248.6 6.3915e-15
3251.1 5.7352e-15
3253.5 5.6133e-15
3256.0 6.0846e-15
3258.4 5.8439e-15
3260.9 6.2305e-15
3263.3 5.5953e-15
3265.8 5.7191e-15
3268.2 5.2751e-15
3270.7 6.6773e-15
3273.1 6.4826e-15
3275.6 5.7310e-15
3278.0 7.1787e-15
3280.5 6.6102e-15
3282.9 5.9748e-15
3285.4 6.7788e-15
3287.8 6.4727e-15
3290.3 6.3724e-15
3292.7 6.0240e-15
3295.2 6.3476e-15
3297.6 6.7805e-15
3300.1 6.6512e-15
3302.5 6.3071e-15
3305.0 6.5466e-15
3307.4 6.0863e-15
3309.9 7.1315e-15
3312.3 6.7159e-15
3314.8 6.0414e-15
3317.2 6.5499e-15
3319.7 6.4805e-15
3322.1 6.7105e-15
3324.6 6.4272e-15
3327.0 6.6716e-15
3329.5 6.6905e-15
3331.9 6.6232e-15
3334.4 7.0873e-15
3336.8 6.8052e-15
3339.3 6.8092e-15
3341.7 7.5607e-15
3344.2 7.5234e-15
3346.6 8.1151e-15
3349.1 8.0191e-15
3351.5 7.3600e-15
3354.0 7.7186e-15
3356.4 7.2600e-15
3358.9 8.0664e-15
3361.3 8.4108e-15
3363.8 7.7265e-15
3366.2 8.2144e-15
3368.7 8.4479e-15
3371.1 8.1842e-15
3373.6 8.6868e-15
3376.0 8.5551e-15
3378.5 8.6160e-15
3380.9 8.6014e-15
3383.4 8.2491e-15
3385.8 8.3159e-15
3388.3 8.1772e-15
3390.7 8.5389e-15
3393.2 8.1950e-15
3395.6 8.5129e-15
3398.1 8.1175e-15
3400.5 8.1811e-15
3403.0 8.4662e-15
3405.4 8.4772e-15
3407.9 8.5832e-15
3410.3 8.1886e-15
3412.8 8.3418e-15
3415.2 8.2290e-15
3417.7 8.4364e-15
3420.1 8.0526e-15
3422.6 8.4264e-15
3425.0 8.3463e-15
3427.5 7.9188e-15
3429.9 8.1422e-15
3432.4 8.3307e-15
3434.8 8.2482e-15
3437.3 8.5674e-15
3439.7 8.3146e-15
3442.2 8.4084e-15
3444.6 8.6414e-15
3447.1 8.8332e-15
3449.5 8.9550e-15
3452.0 9.3228e-15
3454.4 9.2866e-15
3456.9 9.2599e-15
3459.3 9.6835e-15
3461.8 1.0029e-14
3464.2 1.0115e-14
3466.7 1.0066e-14
3469.1 1.0269e-14
3471.6 1.0538e-14
3474.0 1.0959e-14
3476.5 1.1159e-14
3478.9 1.1404e-14
3481.4 1.1173e-14
3483.8 1.1723e-14
3486.3 1.1776e-14
3488.7 1.1717e-14
3491.2 1.1911e-14
3493.6 1.1936e-14
3496.1 1.1846e-14
3498.5 1.2116e-14
3501.0 1.1989e-14
3503.4 1.2024e-14
3505.9 1.2173e-14
3508.3 1.2077e-14
3510.8 1.1789e-14
3513.2 1.1911e-14
3515.7 1.1937e-14
3518.1 1.1758e-14
3520.6 1.2024e-14
3523.0 1.1614e-14
3525.5 1.1928e-14
3527.9 1.1949e-14
3530.4 1.2343e-14
3532.8 1.2420e-14
3535.3 1.2576e-14
3537.7 1.2218e-14
3540.2 1.2816e-14
3542.6 1.2274e-14
3545.1 1.2218e-14
3547.5 1.2188e-14
3550.0 1.1929e-14
3552.4 1.1854e-14
3554.9 1.1844e-14
3557.3 1.1825e-14
3559.8 1.1956e-14
3562.2 1.1625e-14
3564.7 1.1893e-14
3567.1 1.2169e-14
3569.6 1.1986e-14
3572.0 1.1827e-14
3574.5 1.2051e-14
3576.9 1.2109e-14
3579.4 1.1970e-14
3581.8 1.2267e-14
3584.3 1.2215e-14
3586.7 1.2274e-14
3589.2 1.2387e-14
3591.6 1.2457e-14
3594.1 1.2304e-14
3596.5 1.2624e-14
3599.0 1.2745e-14
3601.4 1.2665e-14
3603.9 1.2867e-14
3606.3 1.2972e-14
3608.8 1.3008e-14
3611.2 1.2832e-14
3613.7 1.2967e-14
3616.1 1.3161e-14
3618.6 1.3075e-14
3621.0 1.3206e-14
3623.5 1.2767e-14
3625.9 1.2917e-14
3628.4 1.2654e-14
3630.8 1.2799e-14
3633.3 1.2382e-14
3635.7 1.2488e-14
3638.2 1.2291e-14
3640.6 1.2714e-14
3643.1 1.2422e-14
3645.5 1.2533e-14
3648.0 1.2612e-14
3650.4 1.2628e-14
3652.9 1.2444e-14
3655.3 1.2319e-14
3657.8 1.2139e-14
3660.2 1.2183e-14
3662.7 1.2031e-14
3665.1 1.1834e-14
3667.6 1.1568e-14
3670.0 1.1214e-14
3672.5 1.1175e-14
3674.9 1.1063e-14
3677.4 1.0905e-14
3679.8 1.0556e-14
3682.3 1.0096e-14
3684.7 9.9718e-15
3687.2 9.9743e-15
3689.6 9.4051e-15
3692.1 9.1161e-15
3694.5 8.8530e-15
3697.0 8.3282e-15
3699.4 8.1186e-15
3701.9 7.9413e-15
3704.3 7.6731e-15
3706.8 7.5052e-15
3709.2 7.2641e-15
3711.7 7.1585e-15
3714.1 7.0889e-15
3716.6 6.9805e-15
3719.0 6.8446e-15
3721.5 6.7292e-15
3723.9 6.5779e-15
3726.4 6.1782e-15
3728.8 6.1278e-15
3731.3 5.8324e-15
3733.8 5.8953e-15
3736.2 5.7546e-15
3738.7 5.5599e-15
3741.1 5.5452e-15
3743.6 5.4988e-15
3746.0 5.4776e-15
3748.4 5.4610e-15
3750.9 5.3623e-15
3753.3 5.4582e-15
3755.8 5.3991e-15
3758.2 5.3717e-15
3760.7 5.3829e-15
3763.2 5.5110e-15
3765.6 5.8830e-15
3768.1 5.7382e-15
3770.5 5.9003e-15
3772.9 5.9646e-15
3775.4 6.1354e-15
3777.8 6.1833e-15
3780.3 6.4073e-15
3782.8 6.6705e-15
3785.2 6.7155e-15
3787.7 6.6663e-15
3790.1 6.8928e-15
3792.6 6.9285e-15
3795.0 6.8765e-15
3797.4 6.7508e-15
3799.9 7.0407e-15
3802.3 7.0015e-15
3804.8 6.9350e-15
3807.2 6.9840e-15
3809.7 6.8175e-15
3812.2 6.9669e-15
3814.6 7.0710e-15
3817.1 7.0436e-15
3819.5 6.8337e-15
3821.9 6.8822e-15
3824.4 6.9860e-15
3826.8 6.9272e-15
3829.3 6.9451e-15
3831.8 6.7986e-15
3834.2 7.0066e-15
3836.7 6.9798e-15
3839.1 6.8592e-15
3841.6 7.1852e-15
3844.0 7.1790e-15
3846.4 7.2763e-15
3848.9 7.3578e-15
3851.3 7.5463e-15
3853.8 7.5567e-15
3856.3 7.7552e-15
3858.7 7.7034e-15
3861.2 7.9173e-15
3863.6 7.7950e-15
3866.1 7.9083e-15
3868.5 8.1417e-15
3871.0 8.2124e-15
3873.4 8.3482e-15
3875.9 8.7165e-15
3878.3 8.8896e-15
3880.8 9.0412e-15
3883.2 9.4767e-15
3885.7 9.6262e-15
3888.1 9.8334e-15
3890.6 1.0173e-14
3893.0 1.0247e-14
3895.5 1.0310e-14
3897.9 1.0280e-14
3900.4 1.0424e-14
3902.8 1.0602e-14
3905.3 1.0705e-14
3907.7 1.0822e-14
3910.2 1.1064e-14
3912.6 1.1169e-14
3915.1 1.1484e-14
3917.5 1.1410e-14
3920.0 1.1659e-14
3922.4 1.1849e-14
3924.9 1.2023e-14
3927.3 1.1904e-14
3929.8 1.1713e-14
3932.2 1.1645e-14
3934.7 1.2055e-14
3937.1 1.2607e-14
3939.6 1.2720e-14
3942.0 1.2691e-14
3944.5 1.2947e-14
3946.9 1.2845e-14
3949.4 1.3251e-14
3951.8 1.3344e-14
3954.3 1.3384e-14
3956.7 1.3509e-14
3959.2 1.3629e-14
3961.6 1.3924e-14
3964.1 1.3707e-14
3966.5 1.3692e-14
3969.0 1.4145e-14
3971.4 1.4141e-14
3973.9 1.3953e-14
3976.3 1.4119e-14
3978.8 1.4206e-14
3981.2 1.4262e-14
3983.7 1.4153e-14
3986.1 1.4181e-14
3988.6 1.4121e-14
3991.0 1.4154e-14
3993.5 1.4132e-14
3995.9 1.3727e-14
3998.4 1.3688e-14
4000.8 1.3573e-14
4003.3 1.3418e-14
4005.7 1.3271e-14
4008.2 1.2892e-14
4010.6 1.2939e-14
4013.1 1.2926e-14
4015.5 1.2580e-14
4018.0 1.2468e-14
4020.4 1.2456e-14
4022.9 1.2503e-14
4025.3 1.2158e-14
4027.8 1.2370e-14
4030.2 1.2191e-14
4032.7 1.2016e-14
4035.1 1.1941e-14
4037.6 1.1970e-14
4040.0 1.1904e-14
4042.5 1.2001e-14
4044.9 1.2196e-14
4047.4 1.2179e-14
4049.8 1.2106e-14
4052.3 1.2162e-14
4054.7 1.2306e-14
4057.2 1.2459e-14
4059.6 1.2529e-14
4062.1 1.2582e-14
4064.5 1.2653e-14
4067.0 1.2785e-14
4069.4 1.2725e-14
4071.9 1.2784e-14
4074.3 1.2802e-14
4076.8 1.2971e-14
4079.2 1.3210e-14
4081.7 1.3085e-14
4084.1 1.3258e-14
4086.6 1.3128e-14
4089.0 1.3351e-14
4091.5 1.3290e-14
4093.9 1.3506e-14
4096.4 1.3662e-14
4098.8 1.3560e-14
4101.3 1.3505e-14
4103.7 1.3615e-14
4106.2 1.3495e-14
4108.6 1.3677e-14
4111.1 1.3858e-14
4113.5 1.3676e-14
4116.0 1.3730e-14
4118.4 1.3703e-14
4120.9 1.3676e-14
4123.3 1.3757e-14
4125.8 1.3614e-14
4128.2 1.3578e-14
4130.7 1.3585e-14
4133.1 1.3566e-14
4135.6 1.3636e-14
4138.0 1.3533e-14
4140.5 1.3304e-14
4142.9 1.3361e-14
4145.4 1.3204e-14
4147.8 1.3070e-14
4150.3 1.2964e-14
4152.7 1.2637e-14
4155.2 1.2549e-14
4157.6 1.2426e-14
4160.1 1.2277e-14
4162.5 1.2159e-14
4165.0 1.2107e-14
4167.4 1.1971e-14
4169.9 1.1944e-14
4172.3 1.1967e-14
4174.8 1.1851e-14
4177.2 1.1893e-14
4179.7 1.1918e-14
4182.1 1.1855e-14
4184.6 1.1699e-14
4187.0 1.1611e-14
4189.5 1.1471e-14
4191.9 1.1496e-14
4194.4 1.1370e-14
4196.8 1.1423e-14
4199.3 1.1319e-14
4201.7 1.1342e-14
4204.2 1.1462e-14
4206.6 1.1320e-14
4209.1 1.1371e-14
4211.5 1.1216e-14
4214.0 1.1245e-14
4216.4 1.1149e-14
4218.9 1.1084e-14
4221.3 1.0896e-14
4223.8 1.0836e-14
4226.2 1.0912e-14
4228.7 1.0518e-14
4231.1 1.0365e-14
4233.6 1.0261e-14
4236.0 1.0181e-14
4238.5 9.9894e-15
4240.9 9.9338e-15
4243.4 9.8306e-15
4245.8 9.6359e-15
4248.3 9.5617e-15
4250.7 9.6199e-15
4253.2 9.4717e-15
4255.6 9.3241e-15
4258.1 9.2303e-15
4260.5 9.1729e-15
4263.0 9.1539e-15
4265.4 8.9857e-15
4267.9 9.0001e-15
4270.3 8.9262e-15
4272.8 8.7567e-15
4275.2 8.8403e-15
4277.7 8.7572e-15
4280.1 8.7940e-15
4282.6 8.7641e-15
4285.0 8.8008e-15
4287.5 8.7277e-15
4289.9 8.6219e-15
4292.4 8.4261e-15
4294.8 8.5062e-15
4297.3 8.4786e-15
4299.7 8.3970e-15
4302.2 8.3093e-15
4304.6 8.3111e-15
4307.1 8.2085e-15
4309.5 8.1572e-15
4312.0 8.0157e-15
4314.4 7.9113e-15
4316.9 7.7724e-15
4319.3 7.7180e-15
4321.8 7.7737e-15
4324.2 7.6009e-15
4326.7 7.6398e-15
4329.1 7.5439e-15
4331.6 7.5558e-15
4334.0 7.5334e-15
4336.5 7.3781e-15
4338.9 7.5611e-15
4341.4 7.5571e-15
4343.9 7.4622e-15
4346.3 7.4139e-15
4348.8 7.5014e-15
4351.2 7.6081e-15
4353.6 7.5854e-15
4356.1 7.7462e-15
4358.6 7.6855e-15
4361.0 7.6935e-15
4363.4 7.6583e-15
4365.9 7.7984e-15
4368.4 7.7288e-15
4370.8 7.8477e-15
4373.2 7.9546e-15
4375.7 7.9275e-15
4378.1 7.9908e-15
4380.6 8.1139e-15
4383.1 8.1693e-15
4385.5 8.2032e-15
4387.9 8.4156e-15
4390.4 8.4460e-15
4392.9 8.4372e-15
4395.3 8.5284e-15
4397.8 8.5803e-15
4400.2 8.6744e-15
4402.6 8.6325e-15
4405.1 8.7774e-15
4407.6 8.8021e-15
4410.0 8.6977e-15
4412.4 8.8434e-15
4414.9 8.8592e-15
4417.4 8.7869e-15
4419.8 8.8882e-15
4422.2 8.8290e-15
4424.7 8.6918e-15
4427.1 8.6603e-15
4429.6 8.5888e-15
4432.1 8.5031e-15
4434.5 8.3090e-15
4436.9 8.2906e-15
4439.4 8.1386e-15
4441.9 8.0424e-15
4444.3 7.8099e-15
4446.8 7.5959e-15
4449.2 7.6515e-15
4451.6 7.5496e-15
4454.1 7.3773e-15
4456.6 7.2439e-15
4459.0 7.2450e-15
4461.4 7.1732e-15
4463.9 7.2456e-15
4466.4 7.1805e-15
4468.8 7.0469e-15
4471.3 7.0334e-15
4473.7 7.0554e-15
4476.2 7.0489e-15
4478.6 7.2231e-15
4481.1 7.2792e-15
4483.5 7.3772e-15
4486.0 7.4733e-15
4488.4 7.5640e-15
4490.9 7.6179e-15
4493.3 7.7288e-15
4495.8 7.8715e-15
4498.2 8.0055e-15
4500.7 8.1157e-15
4503.1 8.1540e-15
4505.6 8.3472e-15
4508.0 8.4478e-15
4510.5 8.5152e-15
4512.9 8.5994e-15
4515.4 8.6895e-15
4517.8 8.7683e-15
4520.3 8.7212e-15
4522.7 8.7733e-15
4525.2 8.8874e-15
4527.6 8.8373e-15
4530.1 8.8477e-15
4532.5 8.9980e-15
4535.0 8.8545e-15
4537.4 8.8251e-15
4539.9 8.7622e-15
4542.3 8.7921e-15
4544.8 8.7770e-15
4547.2 8.7292e-15
4549.7 8.8559e-15
4552.1 8.8356e-15
4554.6 8.7811e-15
4557.0 8.7190e-15
4559.5 8.6947e-15
4561.9 8.7558e-15
4564.4 8.7735e-15
4566.8 8.8424e-15
4569.3 8.7454e-15
4571.7 8.7165e-15
4574.2 8.5933e-15
4576.6 8.6644e-15
4579.1 8.6745e-15
4581.5 8.6484e-15
4584.0 8.5628e-15
4586.4 8.6235e-15
4588.9 8.6457e-15
4591.3 8.6792e-15
4593.8 8.8008e-15
4596.2 8.7456e-15
4598.7 8.6554e-15
4601.1 8.6944e-15
4603.6 8.7203e-15
4606.0 8.7612e-15
4608.5 8.8403e-15
4610.9 8.8396e-15
4613.4 8.7833e-15
4615.8 8.7336e-15
4618.3 8.8906e-15
4620.7 8.9349e-15
4623.2 8.7521e-15
4625.6 8.3272e-15
4628.1 8.6479e-15
4630.5 8.9944e-15
4633.0 8.8839e-15
4635.4 8.8960e-15
4637.9 8.8749e-15
4640.3 8.9068e-15
4642.8 8.9510e-15
4645.2 8.9445e-15
4647.7 8.9230e-15
4650.1 8.9089e-15
4652.6 8.9089e-15
4655.0 8.9186e-15
4657.5 8.8929e-15
4659.9 8.7643e-15
4662.4 8.7625e-15
4664.8 8.6744e-15
4667.3 8.7304e-15
4669.7 8.6617e-15
4672.2 8.5259e-15
4674.6 8.4359e-15
4677.1 8.3787e-15
4679.5 8.1623e-15
4682.0 8.1857e-15
4684.4 8.1169e-15
4686.9 8.0070e-15
4689.3 7.9023e-15
4691.8 7.7620e-15
4694.2 7.7591e-15
4696.7 7.6449e-15
4699.1 7.5633e-15
4701.6 7.5280e-15
4704.0 7.4675e-15
4706.5 7.3960e-15
4708.9 7.3507e-15
4711.4 7.3698e-15
4713.8 7.3171e-15
4716.3 7.2362e-15
4718.7 7.2901e-15
4721.2 7.1493e-15
4723.6 7.2648e-15
4726.1 7.3051e-15
4728.5 7.2445e-15
4731.0 7.1532e-15
4733.4 7.1122e-15
4735.9 7.1218e-15
4738.3 7.1031e-15
4740.8 7.0763e-15
4743.2 7.1685e-15
4745.7 7.1713e-15
4748.1 7.2304e-15
4750.6 7.2703e-15
4753.0 7.2613e-15
4755.5 7.2005e-15
4757.9 7.2453e-15
4760.4 7.2337e-15
4762.8 7.2017e-15
4765.3 7.1319e-15
4767.7 7.1807e-15
4770.2 7.1177e-15
4772.6 7.1360e-15
4775.1 7.0648e-15
4777.5 7.0415e-15
4780.0 7.0382e-15
4782.4 7.0064e-15
4784.9 6.9183e-15
4787.3 6.8981e-15
4789.8 6.8662e-15
4792.2 6.8602e-15
4794.7 6.7829e-15
4797.1 6.7563e-15
4799.6 6.7937e-15
4802.0 6.8349e-15
4804.5 6.8486e-15
4806.9 6.8450e-15
4809.4 7.0001e-15
4811.8 7.0324e-15
4814.3 6.9985e-15
4816.7 7.0803e-15
4819.2 7.2482e-15
4821.6 7.1688e-15
4824.1 7.1852e-15
4826.5 7.1040e-15
4829.0 7.1644e-15
4831.4 7.1209e-15
4833.9 7.2263e-15
4836.3 6.9963e-15
4838.8 7.0810e-15
4841.2 7.0985e-15
4843.7 7.0806e-15
4846.1 6.9598e-15
4848.6 6.9489e-15
4851.0 6.9640e-15
4853.5 6.9117e-15
4855.9 6.8946e-15
4858.4 6.8095e-15
4860.8 6.7682e-15
4863.3 6.6531e-15
4865.7 6.5684e-15
4868.2 6.5638e-15
4870.6 6.4118e-15
4873.1 6.2838e-15
4875.5 6.2036e-15
4878.0 6.1458e-15
4880.4 6.1058e-15
4882.9 6.0422e-15
4885.3 5.9344e-15
4887.8 5.8955e-15
4890.2 5.8020e-15
4892.7 5.7683e-15
4895.1 5.7079e-15
4897.6 5.6411e-15
4900.0 5.6227e-15
4902.5 5.6193e-15
4904.9 5.5751e-15
4907.4 5.5298e-15
4909.8 5.6071e-15
4912.3 5.5050e-15
4914.7 5.4908e-15
4917.2 5.4320e-15
4919.6 5.5409e-15
4922.1 5.4138e-15
4924.5 5.4863e-15
4927.0 5.4980e-15
4929.4 5.5104e-15
4931.9 5.5673e-15
4934.3 5.5685e-15
4936.8 5.5671e-15
4939.2 5.5088e-15
4941.7 5.5375e-15
4944.1 5.6083e-15
4946.6 5.6563e-15
4949.0 5.5814e-15
4951.5 5.5945e-15
4953.9 5.5776e-15
4956.4 5.6125e-15
4958.9 5.5995e-15
4961.3 5.6084e-15
4963.8 5.6115e-15
4966.2 5.6022e-15
4968.6 5.6385e-15
4971.1 5.6651e-15
4973.6 5.6952e-15
4976.0 5.6857e-15
4978.4 5.7183e-15
4980.9 5.6139e-15
4983.4 5.7131e-15
4985.8 5.7357e-15
4988.2 5.7185e-15
4990.7 5.7123e-15
4993.1 5.8051e-15
4995.6 5.7236e-15
4998.1 5.7280e-15
5000.5 5.6194e-15
5002.9 5.6177e-15
5005.4 5.6918e-15
5007.9 5.6510e-15
5010.3 5.6052e-15
5012.8 5.6422e-15
5015.2 5.6256e-15
5017.6 5.6074e-15
5020.1 5.5813e-15
5022.6 5.5754e-15
5025.0 5.6417e-15
5027.4 5.6486e-15
5029.9 5.5275e-15
5032.4 5.5856e-15
5034.8 5.5986e-15
5037.2 5.5109e-15
5039.7 5.5485e-15
5042.1 5.5424e-15
5044.6 5.4995e-15
5047.1 5.2144e-15
5049.5 5.6291e-15
5051.9 5.6185e-15
5054.4 5.6531e-15
5056.9 5.7033e-15
5059.3 5.8077e-15
5061.8 5.7802e-15
5064.2 5.7856e-15
5066.6 5.7719e-15
5069.1 5.6890e-15
5071.6 5.7904e-15
5074.0 5.8674e-15
5076.5 5.9018e-15
5078.9 5.9216e-15
5081.4 5.9651e-15
5083.8 6.0267e-15
5086.3 6.0285e-15
5088.7 6.1053e-15
5091.2 6.1467e-15
5093.6 6.1750e-15
5096.1 6.1470e-15
5098.5 6.1461e-15
5101.0 6.1753e-15
5103.4 6.1698e-15
5105.9 6.1581e-15
5108.3 6.1416e-15
5110.8 6.2749e-15
5113.2 6.2152e-15
5115.7 6.2445e-15
5118.1 6.2425e-15
5120.6 6.2999e-15
5123.0 6.3194e-15
5125.5 6.4604e-15
5127.9 6.3840e-15
5130.4 6.4110e-15
5132.8 6.4348e-15
5135.3 6.4690e-15
5137.7 6.5224e-15
5140.2 6.6094e-15
5142.6 6.5892e-15
5145.1 6.5937e-15
5147.5 6.6998e-15
5150.0 6.6322e-15
5152.4 6.7639e-15
5154.9 6.7004e-15
5157.3 6.7014e-15
5159.8 6.7320e-15
5162.2 6.7003e-15
5164.7 6.5662e-15
5167.1 6.6648e-15
5169.6 6.5164e-15
5172.0 6.6543e-15
5174.5 6.5989e-15
5176.9 6.6929e-15
5179.4 6.6308e-15
5181.8 6.5748e-15
5184.3 6.6452e-15
5186.7 6.6145e-15
5189.2 6.6047e-15
5191.6 6.5201e-15
5194.1 6.5039e-15
5196.5 6.4823e-15
5199.0 6.3996e-15
5201.4 6.5043e-15
5203.9 6.4999e-15
5206.3 6.5290e-15
5208.8 6.4873e-15
5211.2 6.5157e-15
5213.7 6.5569e-15
5216.1 6.6361e-15
5218.6 6.5650e-15
5221.0 6.5942e-15
5223.5 6.5956e-15
5225.9 6.5870e-15
5228.4 6.5733e-15
5230.8 6.5819e-15
5233.3 6.5675e-15
5235.7 6.5778e-15
5238.2 6.5914e-15
5240.6 6.6019e-15
5243.1 6.5590e-15
5245.5 6.5387e-15
5248.0 6.5347e-15
5250.4 6.4551e-15
5252.9 6.5465e-15
5255.3 6.4275e-15
5257.8 6.4074e-15
5260.2 6.3116e-15
5262.7 6.2931e-15
5265.1 6.1809e-15
5267.6 6.0474e-15
5270.0 5.9703e-15
5272.5 5.9243e-15
5274.9 5.7981e-15
5277.4 5.7387e-15
5279.8 5.6573e-15
5282.3 5.5045e-15
5284.7 5.5394e-15
5287.2 5.4187e-15
5289.6 5.3136e-15
5292.1 5.2536e-15
5294.5 5.1454e-15
5297.0 5.2023e-15
5299.4 5.1005e-15
5301.9 5.0046e-15
5304.3 4.9310e-15
5306.8 4.8734e-15
5309.2 4.8966e-15
5311.7 4.8171e-15
5314.1 4.7711e-15
5316.6 4.7148e-15
5319.0 4.8123e-15
5321.5 4.7335e-15
5323.9 4.7252e-15
5326.4 4.7526e-15
5328.8 4.7329e-15
5331.3 4.7754e-15
5333.7 4.6992e-15
5336.2 4.6374e-15
5338.6 4.6671e-15
5341.1 4.7566e-15
5343.5 4.7450e-15
5346.0 4.6837e-15
5348.4 4.7486e-15
5350.9 4.8378e-15
5353.3 4.7540e-15
5355.8 4.7772e-15
5358.2 4.6617e-15
5360.7 4.7451e-15
5363.1 4.8158e-15
5365.6 4.7687e-15
5368.0 4.7993e-15
5370.5 4.8058e-15
5372.9 4.8408e-15
5375.4 4.8409e-15
5377.8 4.8981e-15
5380.3 4.9572e-15
5382.7 4.9569e-15
5385.2 4.9991e-15
5387.6 5.0300e-15
5390.1 5.1047e-15
5392.5 5.0713e-15
5395.0 5.1496e-15
5397.4 5.1865e-15
5399.9 5.1947e-15
5402.3 5.1884e-15
5404.8 5.1906e-15
5407.2 5.2378e-15
5409.7 5.1822e-15
5412.1 5.1467e-15
5414.6 5.2062e-15
5417.0 5.1259e-15
5419.5 5.1798e-15
5421.9 5.0740e-15
5424.4 5.0905e-15
5426.8 5.0540e-15
5429.3 5.1152e-15
5431.7 5.0788e-15
5434.2 5.0911e-15
5436.6 5.1122e-15
5439.1 5.1761e-15
5441.5 5.0605e-15
5444.0 5.0992e-15
5446.4 5.0425e-15
5448.9 5.0025e-15
5451.3 4.9309e-15
5453.8 4.9764e-15
5456.2 4.9765e-15
5458.7 4.8132e-15
5461.1 4.9113e-15
5463.6 4.8124e-15
5466.0 4.8326e-15
5468.5 4.8495e-15
5470.9 4.6848e-15
5473.4 4.6822e-15
5475.8 4.6404e-15
5478.3 4.5870e-15
5480.7 4.5577e-15
5483.2 4.4919e-15
5485.6 4.5015e-15
5488.1 4.5115e-15
5490.5 4.5009e-15
5493.0 4.4428e-15
5495.4 4.2773e-15
5497.9 4.3755e-15
5500.3 4.2776e-15
5502.8 4.3202e-15
5505.2 4.3318e-15
5507.7 4.3327e-15
5510.1 4.3160e-15
5512.6 4.3095e-15
5515.0 4.3748e-15
5517.5 4.4732e-15
5519.9 4.4944e-15
5522.4 4.5012e-15
5524.8 4.4443e-15
5527.3 4.5843e-15
5529.7 4.4984e-15
5532.2 4.5873e-15
5534.6 4.6643e-15
5537.1 4.6526e-15
5539.5 4.7398e-15
5542.0 4.7689e-15
5544.4 4.7665e-15
5546.9 4.7794e-15
5549.3 4.7898e-15
5551.8 4.8665e-15
5554.2 4.9184e-15
5556.7 4.9116e-15
5559.1 4.9073e-15
5561.4 5.0035e-15
5563.9 5.0377e-15
5566.3 4.9720e-15
5568.8 4.9968e-15
5571.2 5.0746e-15
5573.6 5.1211e-15
5576.1 5.0672e-15
5578.6 5.1449e-15
5581.0 5.1717e-15
5583.4 5.1664e-15
5585.9 5.2548e-15
5588.4 5.1708e-15
5590.8 5.1754e-15
5593.2 5.2096e-15
5595.7 5.1908e-15
5598.1 5.1824e-15
5600.6 5.1225e-15
5603.1 5.0701e-15
5605.5 5.0542e-15
5607.9 5.0389e-15
5610.4 4.9199e-15
5612.9 4.8774e-15
5615.3 4.9247e-15
5617.8 4.9245e-15
5620.2 4.9032e-15
5622.6 4.8953e-15
5625.1 4.8583e-15
5627.6 4.8700e-15
5630.0 4.8558e-15
5632.4 4.8667e-15
5634.9 4.9846e-15
5637.4 5.0437e-15
5639.8 5.0262e-15
5642.2 4.9666e-15
5644.7 5.0617e-15
5647.1 5.0448e-15
5649.6 5.0430e-15
5652.1 5.0309e-15
5654.5 5.0959e-15
5656.9 5.0549e-15
5659.4 5.0721e-15
5661.9 5.0631e-15
5664.3 5.0525e-15
5666.8 5.0464e-15
5669.2 5.0132e-15
5671.6 4.9640e-15
5674.1 4.9601e-15
5676.6 4.9768e-15
5679.0 4.9370e-15
5681.4 4.9192e-15
5683.9 4.9533e-15
5686.4 5.0138e-15
5688.8 5.0266e-15
5691.2 5.0815e-15
5693.7 5.1418e-15
5696.1 5.1876e-15
5698.6 5.2202e-15
5701.1 5.2448e-15
5703.5 5.2489e-15
5705.9 5.2565e-15
5708.4 5.2391e-15
5710.9 5.2190e-15
5713.3 5.2256e-15
5715.8 5.2250e-15
5718.2 5.3016e-15
5720.6 5.2671e-15
5723.1 5.2678e-15
5725.6 5.2643e-15
5728.0 5.2818e-15
5730.4 5.3272e-15
5732.9 5.2885e-15
5735.4 5.2850e-15
5737.8 5.3088e-15
5740.2 5.3159e-15
5742.7 5.2663e-15
5745.1 5.2682e-15
5747.6 5.2496e-15
5750.1 5.2573e-15
5752.5 5.2426e-15
5754.9 5.2174e-15
5757.4 5.2069e-15
5759.9 5.1831e-15
5762.3 5.1889e-15
5764.8 5.1695e-15
5767.2 5.1635e-15
5769.6 5.1644e-15
5772.1 5.1597e-15
5774.6 5.1165e-15
5777.0 5.1383e-15
5779.4 5.1114e-15
5781.9 5.1137e-15
5784.4 5.0880e-15
5786.8 5.0572e-15
5789.2 5.0673e-15
5791.7 5.0261e-15
5794.1 4.9632e-15
5796.6 4.9642e-15
5799.1 4.9795e-15
5801.5 4.9764e-15
5803.9 4.9484e-15
5806.4 4.9182e-15
5808.9 4.9110e-15
5811.3 4.8723e-15
5813.8 4.8811e-15
5816.2 4.8719e-15
5818.6 4.8638e-15
5821.1 4.8219e-15
5823.6 4.8361e-15
5826.0 4.8255e-15
5828.4 4.8226e-15
5830.9 4.8380e-15
5833.4 4.8442e-15
5835.8 4.8459e-15
5838.2 4.8161e-15
5840.7 4.8084e-15
5843.1 4.8079e-15
5845.6 4.8458e-15
5848.1 4.8203e-15
5850.5 4.8010e-15
5852.9 4.8328e-15
5855.4 4.7934e-15
5857.9 4.7816e-15
5860.3 4.7862e-15
5862.8 4.7753e-15
5865.2 4.7883e-15
5867.6 4.7734e-15
5870.1 4.7697e-15
5872.6 4.7462e-15
5875.0 4.7521e-15
5877.4 4.7573e-15
5879.9 4.6420e-15
5882.4 4.5097e-15
5884.8 4.6425e-15
5887.2 4.7652e-15
5889.7 4.6893e-15
5892.1 4.6141e-15
5894.6 4.5521e-15
5897.1 4.5212e-15
5899.5 4.5568e-15
5901.9 4.6043e-15
5904.4 4.6377e-15
5906.9 4.6909e-15
5909.3 4.6928e-15
5911.8 4.6747e-15
5914.2 4.6842e-15
5916.6 4.6908e-15
5919.1 4.7004e-15
5921.6 4.7153e-15
5924.0 4.7241e-15
5926.4 4.7411e-15
5928.9 4.7484e-15
5931.4 4.7429e-15
5933.8 4.7540e-15
5936.2 4.8013e-15
5938.7 4.8043e-15
5941.1 4.7811e-15
5943.6 4.7839e-15
5946.1 4.7440e-15
5948.5 4.7209e-15
5950.9 4.7057e-15
5953.4 4.7172e-15
5955.9 4.7225e-15
5958.3 4.7141e-15
5960.8 4.7351e-15
5963.2 4.7368e-15
5965.6 4.7395e-15
5968.1 4.7035e-15
5970.6 4.6945e-15
5973.0 4.6990e-15
5975.4 4.6784e-15
5977.9 4.6847e-15
5980.4 4.6902e-15
5982.8 4.7016e-15
5985.2 4.6936e-15
5987.7 4.6520e-15
5990.1 4.6590e-15
5992.6 4.6603e-15
5995.1 4.6402e-15
5997.5 4.6726e-15
5999.9 4.6737e-15
6002.4 4.6432e-15
6004.9 4.6513e-15
6007.3 4.6280e-15
6009.8 4.6055e-15
6012.2 4.6355e-15
6014.6 4.6326e-15
6017.1 4.6121e-15
6019.6 4.6198e-15
6022.0 4.6005e-15
6024.4 4.5605e-15
6026.9 4.5405e-15
6029.4 4.5447e-15
6031.8 4.5390e-15
6034.2 4.4915e-15
6036.7 4.4711e-15
6039.1 4.4739e-15
6041.6 4.4698e-15
6044.1 4.4548e-15
6046.5 4.4214e-15
6048.9 4.4145e-15
6051.4 4.4222e-15
6053.9 4.3854e-15
6056.3 4.3577e-15
6058.8 4.3868e-15
6061.2 4.3984e-15
6063.6 4.3763e-15
6066.1 4.3752e-15
6068.6 4.3510e-15
6071.0 4.3066e-15
6073.4 4.2969e-15
6075.9 4.2622e-15
6078.4 4.2377e-15
6080.8 4.2399e-15
6083.2 4.2156e-15
6085.7 4.1974e-15
6088.1 4.1742e-15
6090.6 4.1583e-15
6093.1 4.1412e-15
6095.5 4.1253e-15
6097.9 4.0731e-15
6100.4 4.0413e-15
6102.9 4.0086e-15
6105.3 3.9735e-15
6107.8 3.9442e-15
6110.2 3.9019e-15
6112.6 3.8461e-15
6115.1 3.7924e-15
6117.6 3.7654e-15
6120.0 3.7310e-15
6122.4 3.6485e-15
6124.9 3.5819e-15
6127.4 3.5546e-15
6129.8 3.5364e-15
6132.2 3.5118e-15
6134.7 3.4398e-15
6137.1 3.3652e-15
6139.6 3.3011e-15
6142.1 3.2534e-15
6144.5 3.2219e-15
6146.9 3.1669e-15
6149.4 3.1070e-15
6151.9 3.0781e-15
6154.3 3.0563e-15
6156.8 3.0124e-15
6159.2 2.9570e-15
6161.6 2.8926e-15
6164.1 2.8501e-15
6166.6 2.7708e-15
6169.0 2.7181e-15
6171.4 2.7005e-15
6173.9 2.6612e-15
6176.4 2.6294e-15
6178.8 2.5931e-15
6181.2 2.5644e-15
6183.7 2.5433e-15
6186.1 2.5123e-15
6188.6 2.4817e-15
6191.1 2.4561e-15
6193.5 2.3933e-15
6195.9 2.3666e-15
6198.4 2.3800e-15
6200.9 2.3806e-15
6203.3 2.3814e-15
6205.8 2.3716e-15
6208.2 2.3890e-15
6210.6 2.4108e-15
6213.1 2.4360e-15
6215.6 2.4472e-15
6218.0 2.4614e-15
6220.4 2.4821e-15
6222.9 2.5105e-15
6225.4 2.5298e-15
6227.8 2.5569e-15
6230.2 2.6084e-15
6232.7 2.6682e-15
6235.1 2.7005e-15
6237.6 2.7233e-15
6240.1 2.7696e-15
6242.5 2.7975e-15
6244.9 2.8238e-15
6247.4 2.8793e-15
6249.9 2.9312e-15
6252.3 2.9732e-15
6254.8 3.0083e-15
6257.2 3.0509e-15
6259.6 3.1009e-15
6262.1 3.1117e-15
6264.6 3.1656e-15
6267.0 3.1940e-15
6269.4 3.1842e-15
6271.9 3.2265e-15
6274.4 3.2597e-15
6276.8 3.2853e-15
6279.2 3.2874e-15
6281.7 3.3203e-15
6284.1 3.3469e-15
6286.6 3.3308e-15
6289.1 3.3942e-15
6291.5 3.4478e-15
6293.9 3.4652e-15
6296.4 3.5023e-15
6298.9 3.5287e-15
6301.3 3.5684e-15
6303.8 3.6225e-15
6306.2 3.6477e-15
6308.6 3.6680e-15
6311.1 3.7118e-15
6313.6 3.7191e-15
6316.0 3.7222e-15
6318.4 3.7769e-15
6320.9 3.8181e-15
6323.4 3.8286e-15
6325.8 3.8764e-15
6328.2 3.8674e-15
6330.7 3.8804e-15
6333.1 3.9437e-15
6335.6 3.9538e-15
6338.1 3.9805e-15
6340.5 3.9763e-15
6342.9 3.9594e-15
6345.4 4.0071e-15
6347.9 4.0548e-15
6350.3 4.0997e-15
6352.8 4.0194e-15
6355.2 3.9947e-15
6357.6 4.0278e-15
6360.1 4.0522e-15
6362.6 4.0121e-15
6365.0 4.0098e-15
6367.4 4.0048e-15
6369.9 3.9763e-15
6372.4 3.9601e-15
6374.8 3.9886e-15
6377.2 3.9316e-15
6379.7 3.9268e-15
6382.1 3.9113e-15
6384.6 3.9104e-15
6387.1 3.8721e-15
6389.5 3.8406e-15
6391.9 3.8314e-15
6394.4 3.8147e-15
6396.9 3.8234e-15
6399.3 3.8235e-15
6401.8 3.8172e-15
6404.2 3.7995e-15
6406.6 3.7895e-15
6409.1 3.7946e-15
6411.6 3.7969e-15
6414.0 3.7906e-15
6416.4 3.7853e-15
6418.9 3.8006e-15
6421.4 3.7597e-15
6423.8 3.7510e-15
6426.2 3.7759e-15
6428.7 3.7749e-15
6431.1 3.7809e-15
6433.6 3.8041e-15
6436.1 3.8319e-15
6438.5 3.8317e-15
6440.9 3.8295e-15
6443.4 3.8666e-15
6445.9 3.8723e-15
6448.3 3.8306e-15
6450.8 3.8686e-15
6453.2 3.8752e-15
6455.6 3.8853e-15
6458.1 3.9199e-15
6460.6 3.9074e-15
6463.0 3.8935e-15
6465.4 3.8762e-15
6467.9 3.8990e-15
6470.4 3.8786e-15
6472.8 3.8664e-15
6475.2 3.8991e-15
6477.7 3.8529e-15
6480.1 3.8505e-15
6482.6 3.8765e-15
6485.1 3.8713e-15
6487.5 3.8570e-15
6489.9 3.8918e-15
6492.4 3.8781e-15
6494.9 3.8389e-15
6497.3 3.8838e-15
6499.8 3.8440e-15
6502.2 3.8613e-15
6504.6 3.8545e-15
6507.1 3.8650e-15
6509.6 3.8699e-15
6512.0 3.8592e-15
6514.4 3.8176e-15
6516.9 3.8049e-15
6519.4 3.7788e-15
6521.8 3.7794e-15
6524.2 3.7808e-15
6526.7 3.7968e-15
6529.1 3.7884e-15
6531.6 3.7994e-15
6534.1 3.7858e-15
6536.5 3.7581e-15
6538.9 3.7718e-15
6541.4 3.7922e-15
6543.9 3.7612e-15
6546.3 3.7334e-15
6548.8 3.7617e-15
6551.2 3.7468e-15
6553.6 3.7412e-15
6556.1 3.7503e-15
6558.6 3.7297e-15
6561.0 3.7226e-15
6563.4 3.7121e-15
6565.9 3.7031e-15
6568.4 3.6964e-15
6570.8 3.7066e-15
6573.2 3.6911e-15
6575.7 3.6601e-15
6578.1 3.6517e-15
6580.6 3.6168e-15
6583.1 3.6236e-15
6585.5 3.6322e-15
6587.9 3.5982e-15
6590.4 3.5859e-15
6592.9 3.5869e-15
6595.3 3.5854e-15
6597.8 3.5707e-15
6600.2 3.5466e-15
6602.6 3.5403e-15
6605.1 3.5374e-15
6607.6 3.5325e-15
6610.0 3.5514e-15
6612.4 3.5491e-15
6614.9 3.5290e-15
6617.4 3.5207e-15
6619.8 3.4876e-15
6622.2 3.4767e-15
6624.7 3.4858e-15
6627.1 3.4879e-15
6629.6 3.4778e-15
6632.1 3.5117e-15
6634.5 3.5324e-15
6636.9 3.5596e-15
6639.4 3.6075e-15
6641.9 3.6006e-15
6644.3 3.5193e-15
6646.8 3.4640e-15
6649.2 3.4390e-15
6651.6 3.4262e-15
6654.1 3.4029e-15
6656.6 3.3894e-15
6659.0 3.4172e-15
6661.4 3.4184e-15
6663.9 3.3857e-15
6666.4 3.3933e-15
6668.8 3.3894e-15
6671.2 3.3562e-15
6673.7 3.3454e-15
6676.1 3.3491e-15
6678.6 3.3439e-15
6681.1 3.3470e-15
6683.5 3.3159e-15
6685.9 3.3132e-15
6688.4 3.2997e-15
6690.9 3.2825e-15
6693.3 3.2708e-15
6695.8 3.2574e-15
6698.2 3.2597e-15
6700.6 3.2650e-15
6703.1 3.2594e-15
6705.6 3.2366e-15
6708.0 3.2216e-15
6710.4 3.2381e-15
6712.9 3.2300e-15
6715.4 3.1991e-15
6717.8 3.2091e-15
6720.2 3.2180e-15
6722.7 3.2145e-15
6725.1 3.2242e-15
6727.6 3.2196e-15
6730.1 3.1994e-15
6732.5 3.1924e-15
6734.9 3.1907e-15
6737.4 3.1913e-15
6739.9 3.1895e-15
6742.3 3.1943e-15
6744.8 3.1747e-15
6747.2 3.1656e-15
6749.6 3.1657e-15
6752.1 3.1459e-15
6754.6 3.1625e-15
6757.0 3.1711e-15
6759.4 3.1465e-15
6761.9 3.1281e-15
6764.4 3.1063e-15
6766.8 3.1025e-15
6769.2 3.1276e-15
6771.7 3.1171e-15
6774.1 3.0857e-15
6776.6 3.1073e-15
6779.1 3.0928e-15
6781.5 3.0681e-15
6783.9 3.0561e-15
6786.4 3.0620e-15
6788.9 3.0649e-15
6791.3 3.0405e-15
6793.8 3.0438e-15
6796.2 3.0640e-15
6798.6 3.0227e-15
6801.1 2.9880e-15
6803.6 2.9939e-15
6806.0 3.0138e-15
6808.4 3.0268e-15
6810.9 3.0134e-15
6813.4 2.9896e-15
6815.8 2.9795e-15
6818.2 2.9745e-15
6820.7 2.9579e-15
6823.1 2.9557e-15
6825.6 2.9580e-15
6828.1 2.9500e-15
6830.5 2.9204e-15
6832.9 2.9023e-15
6835.4 2.9150e-15
6837.9 2.9114e-15
6840.3 2.9011e-15
6842.8 2.9096e-15
6845.2 2.9077e-15
6847.6 2.9019e-15
6850.1 2.9032e-15
6852.6 2.8809e-15
6855.0 2.8730e-15
6857.4 2.8991e-15
6859.9 2.9088e-15
6862.4 2.8636e-15
6864.8 2.8574e-15
6867.2 2.8596e-15
6869.7 2.8665e-15
6872.1 2.9024e-15
6874.6 2.8924e-15
6877.1 2.8350e-15
6879.5 2.8078e-15
6881.9 2.8108e-15
6884.4 2.8250e-15
6886.9 2.8129e-15
6889.3 2.8039e-15
6891.8 2.8272e-15
6894.2 2.7886e-15
6896.6 2.7272e-15
6899.1 2.7237e-15
6901.6 2.7538e-15
6904.0 2.7778e-15
6906.4 2.7643e-15
6908.9 2.7536e-15
6911.4 2.7597e-15
6913.8 2.7482e-15
6916.2 2.7351e-15
6918.7 2.7563e-15
6921.1 2.7540e-15
6923.6 2.7190e-15
6926.1 2.6907e-15
6928.5 2.6841e-15
6930.9 2.7117e-15
6933.4 2.7033e-15
6935.9 2.6911e-15
6938.3 2.6785e-15
6940.8 2.6856e-15
6943.2 2.6934e-15
6945.6 2.6521e-15
6948.1 2.6338e-15
6950.6 2.6438e-15
6953.0 2.6584e-15
6955.4 2.6350e-15
6957.9 2.6186e-15
6960.4 2.6330e-15
6962.8 2.6285e-15
6965.2 2.6152e-15
6967.7 2.6155e-15
6970.1 2.6113e-15
6972.6 2.6034e-15
6975.1 2.6106e-15
6977.5 2.6309e-15
6979.9 2.6325e-15
6982.4 2.6019e-15
6984.9 2.5931e-15
6987.3 2.6059e-15
6989.8 2.5997e-15
6992.2 2.5824e-15
6994.6 2.5829e-15
6997.1 2.5902e-15
6999.6 2.5847e-15
7002.0 2.5909e-15
7004.4 2.5812e-15
7006.9 2.5597e-15
7009.4 2.5592e-15
7011.8 2.5649e-15
7014.2 2.5562e-15
7016.7 2.5465e-15
7019.1 2.5376e-15
7021.6 2.5300e-15
7024.1 2.5306e-15
7026.5 2.4981e-15
7028.9 2.4843e-15
7031.4 2.4898e-15
7033.9 2.4727e-15
7036.3 2.4622e-15
7038.8 2.4564e-15
7041.2 2.4382e-15
7043.6 2.4265e-15
7046.1 2.4367e-15
7048.6 2.4174e-15
7051.0 2.3995e-15
7053.4 2.4059e-15
7055.9 2.4116e-15
7058.4 2.3893e-15
7060.8 2.3793e-15
7063.2 2.4122e-15
7065.7 2.4039e-15
7068.1 2.3840e-15
7070.6 2.4010e-15
7073.1 2.3977e-15
7075.5 2.3947e-15
7077.9 2.4165e-15
7080.4 2.4132e-15
7082.9 2.4010e-15
7085.3 2.4013e-15
7087.8 2.4237e-15
7090.2 2.4101e-15
7092.6 2.4175e-15
7095.1 2.4335e-15
7097.6 2.4275e-15
7100.0 2.4370e-15
7102.4 2.4729e-15
7104.9 2.4752e-15
7107.4 2.4764e-15
7109.8 2.4519e-15
7112.2 2.4770e-15
7114.7 2.4619e-15
7117.1 2.4502e-15
7119.6 2.4781e-15
7122.1 2.4843e-15
7124.5 2.4813e-15
7126.9 2.4854e-15
7129.4 2.5107e-15
7131.9 2.5143e-15
7134.3 2.5110e-15
7136.8 2.4966e-15
7139.2 2.4689e-15
7141.6 2.4793e-15
7144.1 2.5067e-15
7146.6 2.5186e-15
7149.0 2.5168e-15
7151.4 2.5291e-15
7153.9 2.5208e-15
7156.4 2.5115e-15
7158.8 2.4950e-15
7161.2 2.4923e-15
7163.7 2.5095e-15
7166.1 2.5143e-15
7168.6 2.5084e-15
7171.1 2.5233e-15
7173.5 2.5082e-15
7175.9 2.4967e-15
7178.4 2.4911e-15
7180.9 2.5286e-15
7183.3 2.4896e-15
7185.8 2.4732e-15
7188.2 2.5039e-15
7190.6 2.5150e-15
7193.1 2.4886e-15
7195.6 2.5042e-15
7198.0 2.5056e-15
7200.4 2.4947e-15
7202.9 2.4876e-15
7205.4 2.4870e-15
7207.8 2.4885e-15
7210.2 2.4827e-15
7212.7 2.4594e-15
7215.1 2.4694e-15
7217.6 2.4929e-15
7220.1 2.4864e-15
7222.5 2.4920e-15
7224.9 2.4611e-15
7227.4 2.4596e-15
7229.9 2.4519e-15
7232.3 2.4588e-15
7234.8 2.4666e-15
7237.2 2.4984e-15
7239.6 2.4638e-15
7242.1 2.4498e-15
7244.6 2.4486e-15
7247.0 2.4600e-15
7249.4 2.4532e-15
7251.9 2.4136e-15
7254.4 2.4398e-15
7256.8 2.4334e-15
7259.2 2.4054e-15
7261.7 2.4241e-15
7264.1 2.4242e-15
7266.6 2.4301e-15
7269.1 2.3991e-15
7271.5 2.3997e-15
7273.9 2.4082e-15
7276.4 2.4227e-15
7278.9 2.4176e-15
7281.3 2.3765e-15
7283.8 2.3619e-15
7286.2 2.3803e-15
7288.6 2.3692e-15
7291.1 2.3566e-15
7293.6 2.3668e-15
7296.0 2.3246e-15
7298.4 2.3223e-15
7300.9 2.3160e-15
7303.4 2.2924e-15
7305.8 2.2869e-15
7308.2 2.2725e-15
7310.7 2.2636e-15
7313.1 2.2674e-15
7315.6 2.2437e-15
7318.1 2.2303e-15
7320.5 2.2339e-15
7322.9 2.2547e-15
7325.4 2.2479e-15
7327.9 2.2422e-15
7330.3 2.2565e-15
7332.8 2.2264e-15
7335.2 2.2292e-15
7337.6 2.2032e-15
7340.1 2.2269e-15
7342.6 2.2204e-15
7345.0 2.2289e-15
7347.4 2.2512e-15
7349.9 2.2267e-15
7352.4 2.2368e-15
7354.8 2.2662e-15
7357.2 2.2599e-15
7359.7 2.2384e-15
7362.1 2.2334e-15
7364.6 2.2359e-15
7367.1 2.2306e-15
7369.5 2.2289e-15
7371.9 2.2324e-15
7374.4 2.2427e-15
7376.9 2.2290e-15
7379.3 2.2169e-15
7381.8 2.2155e-15
7384.2 2.2115e-15
7386.6 2.2010e-15
7389.1 2.1982e-15
7391.6 2.2307e-15
7394.0 2.2368e-15
7396.4 2.2286e-15
7398.9 2.2123e-15
7401.4 2.2246e-15
7403.8 2.2111e-15
7406.2 2.1832e-15
7408.7 2.2063e-15
7411.1 2.2158e-15
7413.6 2.1914e-15
7416.1 2.1759e-15
7418.5 2.1603e-15
7420.9 2.1822e-15
7423.4 2.1908e-15
7425.9 2.1713e-15
7428.3 2.1682e-15
7430.8 2.1768e-15
7433.2 2.1791e-15
7435.6 2.1562e-15
7438.1 2.1598e-15
7440.6 2.1581e-15
7443.0 2.1419e-15
7445.4 2.1414e-15
7447.9 2.1620e-15
7450.4 2.1517e-15
7452.8 2.1409e-15
7455.2 2.1479e-15
7457.7 2.1442e-15
7460.1 2.1369e-15
7462.6 2.1260e-15
7465.1 2.1134e-15
7467.5 2.1089e-15
7469.9 2.1096e-15
7472.4 2.1117e-15
7474.9 2.1260e-15
7477.3 2.1337e-15
7479.8 2.1179e-15
7482.2 2.1154e-15
7484.6 2.1199e-15
7487.1 2.1083e-15
7489.6 2.1068e-15
7492.0 2.1196e-15
7494.4 2.1142e-15
7496.9 2.0858e-15
7499.4 2.0815e-15
7501.8 2.0883e-15
7504.2 2.0841e-15
7506.7 2.0935e-15
7509.1 2.0849e-15
7511.6 2.0776e-15
7514.1 2.0640e-15
7516.5 2.0406e-15
7518.9 2.0273e-15
7521.4 2.0384e-15
7523.9 2.0273e-15
7526.3 2.0136e-15
7528.8 2.0133e-15
7531.2 1.9937e-15
7533.6 1.9913e-15
7536.1 1.9873e-15
7538.6 1.9523e-15
7541.0 1.9488e-15
7543.4 1.9601e-15
7545.9 1.9359e-15
7548.4 1.9214e-15
7550.8 1.9223e-15
7553.2 1.9082e-15
7555.7 1.9064e-15
7558.1 1.9073e-15
7560.6 1.8888e-15
7563.1 1.8791e-15
7565.5 1.8848e-15
7567.9 1.8842e-15
7570.4 1.8780e-15
7572.9 1.8641e-15
7575.3 1.8674e-15
7577.8 1.8596e-15
7580.2 1.8626e-15
7582.6 1.8491e-15
7585.1 1.8364e-15
7587.6 1.8410e-15
7590.0 1.8561e-15
7592.4 1.8268e-15
7594.9 1.7987e-15
7597.4 1.8591e-15
7599.8 1.9108e-15
7602.2 1.8720e-15
7604.7 1.8439e-15
7607.1 1.8304e-15
7609.6 1.7756e-15
7612.1 1.7604e-15
7614.5 1.8128e-15
7616.9 1.8363e-15
7619.4 1.8127e-15
7621.9 1.8049e-15
7624.3 1.8520e-15
7626.8 1.9019e-15
7629.2 1.8955e-15
7631.6 1.8745e-15
7634.1 1.8582e-15
7636.6 1.8623e-15
7639.0 1.8402e-15
7641.4 1.8392e-15
7643.9 1.8519e-15
7646.4 1.8540e-15
7648.8 1.8511e-15
7651.2 1.8444e-15
7653.7 1.8681e-15
7656.1 1.8644e-15
7658.6 1.8549e-15
7661.1 1.8632e-15
7663.5 1.8633e-15
7665.9 1.8693e-15
7668.4 1.8859e-15
7670.9 1.8825e-15
7673.3 1.8640e-15
7675.8 1.8676e-15
7678.2 1.8770e-15
7680.6 1.8748e-15
7683.1 1.8858e-15
7685.6 1.8945e-15
7688.0 1.8942e-15
7690.4 1.8913e-15
7692.9 1.8907e-15
7695.4 1.8908e-15
7697.8 1.8903e-15
7700.2 1.8808e-15
7702.7 1.8906e-15
7705.1 1.9009e-15
7707.6 1.8766e-15
7710.1 1.8814e-15
7712.5 1.8956e-15
7714.9 1.9031e-15
7717.4 1.9150e-15
7719.9 1.9170e-15
7722.3 1.9279e-15
7724.8 1.9074e-15
7727.2 1.8712e-15
7729.6 1.8742e-15
7732.1 1.8886e-15
7734.6 1.8928e-15
7737.0 1.8893e-15
7739.4 1.8824e-15
7741.9 1.8814e-15
7744.4 1.8743e-15
7746.8 1.8712e-15
7749.2 1.8837e-15
7751.7 1.8830e-15
7754.1 1.8958e-15
7756.6 1.8961e-15
7759.1 1.8882e-15
7761.5 1.9025e-15
7763.9 1.8781e-15
7766.4 1.8659e-15
7768.9 1.8898e-15
7771.3 1.8980e-15
7773.8 1.8875e-15
7776.2 1.8876e-15
7778.6 1.8882e-15
7781.1 1.8787e-15
7783.6 1.8845e-15
7786.0 1.8918e-15
7788.4 1.8883e-15
7790.9 1.8957e-15
7793.4 1.8930e-15
7795.8 1.8932e-15
7798.2 1.9101e-15
7800.7 1.9090e-15
7803.1 1.9143e-15
7805.6 1.9084e-15
7808.1 1.8944e-15
7810.5 1.8992e-15
7812.9 1.9070e-15
7815.4 1.9092e-15
7817.9 1.9033e-15
7820.3 1.8959e-15
7822.8 1.8878e-15
7825.2 1.8996e-15
7827.6 1.9295e-15
7830.1 1.9151e-15
7832.6 1.8902e-15
7835.0 1.9051e-15
7837.4 1.9081e-15
7839.9 1.9005e-15
7842.4 1.9101e-15
7844.8 1.9170e-15
7847.2 1.9175e-15
7849.7 1.9193e-15
7852.1 1.9203e-15
7854.6 1.9177e-15
7857.1 1.9310e-15
7859.5 1.9427e-15
7861.9 1.9357e-15
7864.4 1.9230e-15
7866.9 1.9210e-15
7869.3 1.9362e-15
7871.8 1.9306e-15
7874.2 1.9221e-15
7876.6 1.9213e-15
7879.1 1.9314e-15
7881.6 1.9316e-15
7884.0 1.9193e-15
7886.4 1.9321e-15
7888.9 1.9312e-15
7891.4 1.9065e-15
7893.8 1.9126e-15
7896.2 1.9138e-15
7898.7 1.8964e-15
7901.1 1.9112e-15
7903.6 1.9170e-15
7906.1 1.8988e-15
7908.5 1.9002e-15
7910.9 1.9033e-15
7913.4 1.9101e-15
7915.9 1.8913e-15
7918.3 1.8587e-15
7920.8 1.8574e-15
7923.2 1.8478e-15
7925.6 1.8150e-15
7928.1 1.8174e-15
7930.6 1.8166e-15
7933.0 1.8151e-15
7935.4 1.8196e-15
7937.9 1.8199e-15
7940.4 1.8096e-15
7942.8 1.7959e-15
7945.2 1.7716e-15
7947.7 1.7595e-15
7950.1 1.7598e-15
7952.6 1.7517e-15
7955.1 1.7540e-15
7957.5 1.7496e-15
7959.9 1.7373e-15
7962.4 1.7473e-15
7964.9 1.7435e-15
7967.3 1.7351e-15
7969.8 1.7372e-15
7972.2 1.7214e-15
7974.6 1.7225e-15
7977.1 1.7275e-15
7979.6 1.7200e-15
7982.0 1.6996e-15
7984.4 1.7078e-15
7986.9 1.6823e-15
7989.4 1.6710e-15
7991.8 1.6510e-15
7994.2 1.6414e-15
7996.7 1.6592e-15
7999.1 1.6521e-15
8001.6 1.6489e-15
8004.1 1.6278e-15
8006.5 1.6002e-15
8008.9 1.6019e-15
8011.4 1.5827e-15
8013.9 1.5728e-15
8016.3 1.5819e-15
8018.8 1.5558e-15
8021.2 1.5150e-15
8023.6 1.5111e-15
8026.1 1.5094e-15
8028.6 1.4858e-15
8031.0 1.4737e-15
8033.4 1.4845e-15
8035.9 1.4652e-15
8038.4 1.4447e-15
8040.8 1.4566e-15
8043.2 1.4510e-15
8045.7 1.4456e-15
8048.1 1.4378e-15
8050.6 1.4223e-15
8053.1 1.4097e-15
8055.5 1.3994e-15
8057.9 1.4087e-15
8060.4 1.4226e-15
8062.9 1.4138e-15
8065.3 1.4052e-15
8067.8 1.4023e-15
8070.2 1.4124e-15
8072.6 1.4299e-15
8075.1 1.4038e-15
8077.6 1.4035e-15
8080.0 1.4044e-15
8082.4 1.4030e-15
8084.9 1.4081e-15
8087.4 1.4151e-15
8089.8 1.4088e-15
8092.2 1.4304e-15
8094.7 1.4036e-15
8097.1 1.4037e-15
8099.6 1.4316e-15
8102.1 1.4232e-15
8104.5 1.4060e-15
8106.9 1.4021e-15
8109.4 1.4101e-15
8111.9 1.4218e-15
8114.3 1.4218e-15
8116.8 1.4118e-15
8119.2 1.4132e-15
8121.6 1.4135e-15
8124.1 1.3930e-15
8126.6 1.4161e-15
8129.0 1.4092e-15
8131.4 1.4074e-15
8133.9 1.4173e-15
8136.4 1.4238e-15
8138.8 1.4353e-15
8141.2 1.4335e-15
8143.7 1.4464e-15
8146.1 1.4417e-15
8148.6 1.4513e-15
8151.1 1.4702e-15
8153.5 1.4388e-15
8155.9 1.4418e-15
8158.4 1.4503e-15
8160.9 1.4405e-15
8163.3 1.4585e-15
8165.8 1.4580e-15
8168.2 1.4335e-15
8170.6 1.4559e-15
8173.1 1.4886e-15
8175.6 1.4661e-15
8178.0 1.4526e-15
8180.4 1.4767e-15
8182.9 1.4921e-15
8185.4 1.4874e-15
8187.8 1.4995e-15
8190.2 1.5293e-15
8192.7 1.5547e-15
8195.1 1.5459e-15
8197.6 1.5334e-15
8200.0 1.5258e-15
8202.5 1.5398e-15
8205.0 1.5518e-15
8207.4 1.5489e-15
8209.9 1.5571e-15
8212.3 1.5802e-15
8214.8 1.5912e-15
8217.2 1.5856e-15
8219.6 1.5704e-15
8222.1 1.5468e-15
8224.5 1.5584e-15
8227.0 1.6236e-15
8229.5 1.6779e-15
8231.9 1.6908e-15
8234.4 1.6293e-15
8236.8 1.5699e-15
8239.2 1.5442e-15
8241.7 1.5183e-15
8244.1 1.5558e-15
8246.6 1.5542e-15
8249.0 1.5418e-15
8251.5 1.5191e-15
8254.0 1.5336e-15
8256.4 1.5079e-15
8258.9 1.4996e-15
8261.3 1.5132e-15
8263.8 1.4987e-15
8266.2 1.5060e-15
8268.6 1.5100e-15
8271.1 1.4777e-15
8273.5 1.4625e-15
8276.0 1.4658e-15
8278.5 1.4692e-15
8280.9 1.4711e-15
8283.4 1.4639e-15
8285.8 1.4652e-15
8288.2 1.4300e-15
8290.7 1.4040e-15
8293.1 1.4279e-15
8295.6 1.4042e-15
8298.0 1.3975e-15
8300.5 1.3894e-15
8303.0 1.3730e-15
8305.4 1.3887e-15
8307.9 1.3734e-15
8310.3 1.3744e-15
8312.8 1.3789e-15
8315.2 1.3736e-15
8317.6 1.3669e-15
8320.1 1.3579e-15
8322.5 1.3630e-15
8325.0 1.3564e-15
8327.5 1.3456e-15
8329.9 1.3537e-15
8332.4 1.3579e-15
8334.8 1.3455e-15
8337.2 1.3306e-15
8339.7 1.3360e-15
8342.1 1.3471e-15
8344.6 1.3368e-15
8347.0 1.3392e-15
8349.5 1.3412e-15
8352.0 1.3679e-15
8354.4 1.3722e-15
8356.9 1.3758e-15
8359.3 1.3690e-15
8361.8 1.3663e-15
8364.2 1.3822e-15
8366.6 1.3827e-15
8369.1 1.3790e-15
8371.5 1.3857e-15
8374.0 1.3893e-15
8376.5 1.3854e-15
8378.9 1.3787e-15
8381.4 1.3820e-15
8383.8 1.3827e-15
8386.2 1.3792e-15
8388.7 1.3800e-15
8391.1 1.3640e-15
8393.6 1.3768e-15
8396.0 1.3708e-15
8398.5 1.3708e-15
8401.0 1.3585e-15
8403.4 1.3752e-15
8405.9 1.3654e-15
8408.3 1.3547e-15
8410.8 1.3437e-15
8413.2 1.3416e-15
8415.6 1.3571e-15
8418.1 1.3477e-15
8420.5 1.3344e-15
8423.0 1.3512e-15
8425.5 1.3588e-15
8427.9 1.3488e-15
8430.4 1.3449e-15
8432.8 1.3323e-15
8435.2 1.3449e-15
8437.7 1.3380e-15
8440.1 1.3510e-15
8442.6 1.3536e-15
8445.0 1.3473e-15
8447.5 1.3654e-15
8450.0 1.3720e-15
8452.4 1.3788e-15
8454.9 1.3798e-15
8457.3 1.3718e-15
8459.8 1.3803e-15
8462.2 1.3970e-15
8464.6 1.4034e-15
8467.1 1.4081e-15
8469.5 1.4061e-15
8472.0 1.4055e-15
8474.5 1.4201e-15
8476.9 1.4259e-15
8479.4 1.4267e-15
8481.8 1.4365e-15
8484.2 1.4437e-15
8486.7 1.4514e-15
8489.1 1.4521e-15
8491.6 1.4498e-15
8494.0 1.4581e-15
8496.5 1.4592e-15
8499.0 1.4625e-15
8501.4 1.4690e-15
8503.9 1.4720e-15
8506.3 1.4740e-15
8508.8 1.4779e-15
8511.2 1.4863e-15
8513.6 1.4889e-15
8516.1 1.4925e-15
8518.5 1.5055e-15
8521.0 1.5077e-15
8523.5 1.4968e-15
8525.9 1.4997e-15
8528.4 1.5018e-15
8530.8 1.5037e-15
8533.2 1.5227e-15
8535.7 1.5153e-15
8538.1 1.4858e-15
8540.6 1.4636e-15
8543.0 1.5000e-15
8545.5 1.5348e-15
8548.0 1.5380e-15
8550.4 1.5439e-15
8552.9 1.5493e-15
8555.3 1.5514e-15
8557.8 1.5477e-15
8560.2 1.5439e-15
8562.6 1.5558e-15
8565.1 1.5551e-15
8567.5 1.5443e-15
8570.0 1.5492e-15
8572.5 1.5636e-15
8574.9 1.5714e-15
8577.4 1.5563e-15
8579.8 1.5513e-15
8582.2 1.5548e-15
8584.7 1.5627e-15
8587.1 1.5851e-15
8589.6 1.5630e-15
8592.0 1.5458e-15
8594.5 1.5637e-15
8597.0 1.5739e-15
8599.4 1.5732e-15
8601.9 1.5695e-15
8604.3 1.5746e-15
8606.8 1.5669e-15
8609.2 1.5467e-15
8611.6 1.5486e-15
8614.1 1.5705e-15
8616.5 1.5729e-15
8619.0 1.5652e-15
8621.5 1.5620e-15
8623.9 1.5597e-15
8626.4 1.5605e-15
8628.8 1.5597e-15
8631.2 1.5495e-15
8633.7 1.5422e-15
8636.1 1.5358e-15
8638.6 1.5460e-15
8641.0 1.5590e-15
8643.5 1.5376e-15
8646.0 1.5330e-15
8648.4 1.5480e-15
8650.9 1.5435e-15
8653.3 1.5291e-15
8655.8 1.5339e-15
8658.2 1.5454e-15
8660.6 1.5446e-15
8663.1 1.5377e-15
8665.5 1.5262e-15
8668.0 1.5195e-15
8670.5 1.5366e-15
8672.9 1.5333e-15
8675.4 1.5224e-15
8677.8 1.5387e-15
8680.2 1.5389e-15
8682.7 1.5202e-15
8685.1 1.5152e-15
8687.6 1.5297e-15
8690.0 1.5243e-15
8692.5 1.5100e-15
8695.0 1.5164e-15
8697.4 1.5325e-15
8699.9 1.5246e-15
8702.3 1.5107e-15
8704.8 1.5126e-15
8707.2 1.5023e-15
8709.6 1.5053e-15
8712.1 1.5113e-15
8714.5 1.5053e-15
8717.0 1.5008e-15
8719.5 1.4894e-15
8721.9 1.4977e-15
8724.4 1.5172e-15
8726.8 1.5091e-15
8729.2 1.5004e-15
8731.7 1.4944e-15
8734.1 1.5050e-15
8736.6 1.5044e-15
8739.0 1.5009e-15
8741.5 1.5041e-15
8744.0 1.4981e-15
8746.4 1.4887e-15
8748.9 1.4964e-15
8751.3 1.5022e-15
8753.8 1.4837e-15
8756.2 1.4855e-15
8758.6 1.4900e-15
8761.1 1.4811e-15
8763.5 1.4818e-15
8766.0 1.4789e-15
8768.5 1.4930e-15
8770.9 1.4941e-15
8773.4 1.4957e-15
8775.8 1.4903e-15
8778.2 1.4921e-15
8780.7 1.4861e-15
8783.1 1.4896e-15
8785.6 1.4820e-15
8788.0 1.4754e-15
8790.5 1.4784e-15
8793.0 1.4742e-15
8795.4 1.4775e-15
8797.9 1.4844e-15
8800.3 1.4817e-15
8802.8 1.4734e-15
8805.2 1.4806e-15
8807.6 1.4997e-15
8810.1 1.4915e-15
8812.5 1.4839e-15
8815.0 1.4751e-15
8817.5 1.4827e-15
8819.9 1.4825e-15
8822.4 1.4665e-15
8824.8 1.4522e-15
8827.2 1.4615e-15
8829.7 1.4681e-15
8832.1 1.4577e-15
8834.6 1.4506e-15
8837.0 1.4571e-15
8839.5 1.4695e-15
8842.0 1.4710e-15
8844.4 1.4549e-15
8846.9 1.4439e-15
8849.3 1.4504e-15
8851.8 1.4545e-15
8854.2 1.4453e-15
8856.6 1.4387e-15
8859.1 1.4453e-15
8861.5 1.4527e-15
8864.0 1.4439e-15
8866.5 1.4556e-15
8868.9 1.4610e-15
8871.4 1.4511e-15
8873.8 1.4314e-15
8876.2 1.4232e-15
8878.7 1.4453e-15
8881.1 1.4416e-15
8883.6 1.4211e-15
8886.0 1.4015e-15
8888.5 1.4009e-15
8891.0 1.4283e-15
8893.4 1.4350e-15
8895.9 1.4320e-15
8898.3 1.4249e-15
8900.8 1.4070e-15
8903.2 1.3994e-15
8905.6 1.3953e-15
8908.1 1.4063e-15
8910.5 1.4090e-15
8913.0 1.4144e-15
8915.5 1.3916e-15
8917.9 1.3750e-15
8920.4 1.3752e-15
8922.8 1.3873e-15
8925.2 1.3821e-15
8927.7 1.3881e-15
8930.1 1.3913e-15
8932.6 1.3890e-15
8935.0 1.3922e-15
8937.5 1.3707e-15
8940.0 1.3446e-15
8942.4 1.3667e-15
8944.9 1.3899e-15
8947.3 1.3597e-15
8949.8 1.3467e-15
8952.2 1.3556e-15
8954.6 1.3444e-15
8957.1 1.3677e-15
8959.5 1.3643e-15
8962.0 1.3267e-15
8964.5 1.3213e-15
8966.9 1.3286e-15
8969.4 1.3296e-15
8971.8 1.3232e-15
8974.2 1.3540e-15
8976.7 1.3721e-15
8979.1 1.3430e-15
8981.6 1.3325e-15
8984.0 1.3266e-15
8986.5 1.3114e-15
8989.0 1.3503e-15
8991.4 1.4426e-15
8993.9 1.3901e-15
8996.3 1.3028e-15
8998.8 1.2845e-15
9001.2 1.2661e-15
9003.6 1.3018e-15
9006.1 1.2951e-15
9008.5 1.2994e-15
9011.0 1.3082e-15
9013.5 1.3106e-15
9015.9 1.3151e-15
9018.4 1.3360e-15
9020.8 1.3526e-15
9023.2 1.2925e-15
9025.7 1.2684e-15
9028.1 1.3059e-15
9030.6 1.2798e-15
9033.0 1.2628e-15
9035.5 1.2594e-15
9038.0 1.2584e-15
9040.4 1.2378e-15
9042.9 1.2660e-15
9045.3 1.2718e-15
9047.8 1.2517e-15
9050.2 1.2636e-15
9052.6 1.2682e-15
9055.1 1.2801e-15
9057.5 1.2664e-15
9060.0 1.2387e-15
9062.5 1.2601e-15
9064.9 1.2736e-15
9067.4 1.2592e-15
9069.8 1.2622e-15
9072.2 1.2605e-15
9074.7 1.2621e-15
9077.1 1.2723e-15
9079.6 1.2343e-15
9082.0 1.2457e-15
9084.5 1.2887e-15
9087.0 1.2463e-15
9089.4 1.2814e-15
9091.9 1.2901e-15
9094.3 1.2465e-15
9096.8 1.2541e-15
9099.2 1.2392e-15
9101.6 1.2480e-15
9104.1 1.2409e-15
9106.5 1.2291e-15
9109.0 1.2272e-15
9111.5 1.2321e-15
9113.9 1.2234e-15
9116.4 1.1914e-15
9118.8 1.1981e-15
9121.2 1.2180e-15
9123.7 1.2156e-15
9126.1 1.2216e-15
9128.6 1.1834e-15
9131.0 1.1854e-15
9133.5 1.2301e-15
9136.0 1.2137e-15
9138.4 1.2054e-15
9140.9 1.2146e-15
9143.3 1.1958e-15
9145.8 1.2048e-15
9148.2 1.1978e-15
9150.6 1.1940e-15
9153.1 1.2125e-15
9155.5 1.2238e-15
9158.0 1.2468e-15
9160.5 1.2499e-15
9162.9 1.2059e-15
9165.4 1.2015e-15
9167.8 1.2353e-15
9170.2 1.2436e-15
9172.7 1.2477e-15
9175.1 1.2466e-15
9177.6 1.2386e-15
9180.0 1.2478e-15
9182.5 1.2196e-15
9185.0 1.2174e-15
9187.4 1.2351e-15
9189.9 1.2507e-15
9192.3 1.2293e-15
9194.8 1.2384e-15
9197.2 1.2454e-15
9199.6 1.2593e-15
9202.1 1.2643e-15
9204.5 1.2522e-15
9207.0 1.2604e-15
9209.5 1.2614e-15
9211.9 1.2724e-15
9214.4 1.2782e-15
9216.8 1.2831e-15
9219.2 1.2862e-15
9221.7 1.3049e-15
9224.1 1.3119e-15
9226.6 1.3397e-15
9229.0 1.3662e-15
9231.5 1.3538e-15
9234.0 1.3333e-15
9236.4 1.3080e-15
9238.9 1.2986e-15
9241.3 1.2947e-15
9243.8 1.3086e-15
9246.2 1.3267e-15
9248.6 1.3092e-15
9251.1 1.2984e-15
9253.5 1.3132e-15
9256.0 1.3100e-15
9258.5 1.3023e-15
9260.9 1.2906e-15
9263.4 1.2929e-15
9265.8 1.2911e-15
9268.2 1.2889e-15
9270.7 1.2831e-15
9273.1 1.2897e-15
9275.6 1.2845e-15
9278.0 1.2950e-15
9280.5 1.2925e-15
9283.0 1.2875e-15
9285.4 1.2813e-15
9287.9 1.2753e-15
9290.3 1.2803e-15
9292.8 1.2797e-15
9295.2 1.2558e-15
9297.6 1.2676e-15
9300.1 1.2991e-15
9302.5 1.2739e-15
9305.0 1.2831e-15
9307.5 1.2869e-15
9309.9 1.2701e-15
9312.4 1.2875e-15
9314.8 1.2643e-15
9317.2 1.2527e-15
9319.7 1.3271e-15
9322.1 1.3296e-15
9324.6 1.2403e-15
9327.0 1.2527e-15
9329.5 1.3074e-15
9332.0 1.2667e-15
9334.4 1.2169e-15
9336.9 1.2613e-15
9339.3 1.3153e-15
9341.8 1.2677e-15
9344.2 1.2152e-15
9346.6 1.2979e-15
9349.1 1.3738e-15
9351.5 1.2545e-15
9354.0 1.1905e-15
9356.5 1.2547e-15
9358.9 1.3352e-15
9361.4 1.3484e-15
9363.8 1.2954e-15
9366.2 1.2352e-15
9368.7 1.2343e-15
9371.1 1.2663e-15
9373.6 1.3013e-15
9376.0 1.3074e-15
9378.5 1.2480e-15
9381.0 1.2293e-15
9383.4 1.2892e-15
9385.9 1.3036e-15
9388.3 1.2517e-15
9390.8 1.2390e-15
9393.2 1.2496e-15
9395.6 1.2230e-15
9398.1 1.2348e-15
9400.5 1.2207e-15
9403.0 1.2403e-15
9405.5 1.2756e-15
9407.9 1.2637e-15
9410.4 1.2223e-15
9412.8 1.2263e-15
9415.2 1.2709e-15
9417.7 1.2393e-15
9420.1 1.2039e-15
9422.6 1.2572e-15
9425.0 1.2833e-15
9427.5 1.2317e-15
9430.0 1.2315e-15
9432.4 1.3055e-15
9434.9 1.3009e-15
9437.3 1.2045e-15
9439.8 1.1627e-15
9442.2 1.2479e-15
9444.6 1.3313e-15
9447.1 1.2909e-15
9449.5 1.2170e-15
9452.0 1.1753e-15
9454.5 1.1623e-15
9456.9 1.1763e-15
9459.4 1.2079e-15
9461.8 1.2322e-15
9464.2 1.2441e-15
9466.7 1.2269e-15
9469.1 1.1856e-15
9471.6 1.2078e-15
9474.0 1.2260e-15
9476.5 1.1784e-15
9479.0 1.1867e-15
9481.4 1.1887e-15
9483.9 1.1903e-15
9486.3 1.2384e-15
9488.8 1.1994e-15
9491.2 1.1465e-15
9493.6 1.1533e-15
9496.1 1.1797e-15
9498.5 1.2208e-15
9501.0 1.2107e-15
9503.5 1.1900e-15
9505.9 1.2127e-15
9508.4 1.1934e-15
9510.8 1.1501e-15
9513.2 1.1370e-15
9515.7 1.1457e-15
9518.1 1.1638e-15
9520.6 1.1890e-15
9523.0 1.2019e-15
9525.5 1.1862e-15
9528.0 1.1832e-15
9530.4 1.1679e-15
9532.9 1.1649e-15
9535.3 1.1649e-15
9537.8 1.1411e-15
9540.2 1.1426e-15
9542.6 1.1563e-15
9545.1 1.1922e-15
9547.5 1.2542e-15
9550.0 1.2355e-15
9552.5 1.1443e-15
9554.9 1.0995e-15
9557.4 1.1192e-15
9559.8 1.1325e-15
9562.2 1.1264e-15
9564.7 1.0937e-15
9567.1 1.0886e-15
9569.6 1.1315e-15
9572.0 1.1367e-15
9574.5 1.1031e-15
9577.0 1.0742e-15
9579.4 1.0746e-15
9581.9 1.0837e-15
9584.3 1.1135e-15
9586.8 1.1230e-15
9589.2 1.0677e-15
9591.6 1.0413e-15
9594.1 1.0877e-15
9596.5 1.1085e-15
9599.0 1.0758e-15
9601.5 1.0635e-15
9603.9 1.0747e-15
9606.4 1.0683e-15
9608.8 1.0667e-15
9611.2 1.0744e-15
9613.7 1.0795e-15
9616.1 1.0647e-15
9618.6 1.0387e-15
9621.0 1.0533e-15
9623.5 1.0703e-15
9626.0 1.0685e-15
9628.4 1.0650e-15
9630.9 1.0622e-15
9633.3 1.0520e-15
9635.8 1.0398e-15
9638.2 1.0471e-15
9640.6 1.0777e-15
9643.1 1.1146e-15
9645.5 1.0901e-15
9648.0 1.0274e-15
9650.5 1.0358e-15
9652.9 1.0495e-15
9655.4 1.0336e-15
9657.8 1.0236e-15
9660.2 1.0113e-15
9662.7 1.0165e-15
9665.1 1.0319e-15
9667.6 1.0360e-15
9670.0 1.0318e-15
9672.5 1.0269e-15
9675.0 1.0471e-15
9677.4 1.0361e-15
9679.9 9.9867e-16
9682.3 1.0046e-15
9684.8 1.0315e-15
9687.2 1.0287e-15
9689.6 1.0130e-15
9692.1 1.0301e-15
9694.5 9.6700e-16
9697.0 8.0902e-16
9699.5 7.6972e-16
9701.9 8.9210e-16
9704.4 1.0061e-15
9706.8 1.0168e-15
9709.2 1.0008e-15
9711.7 1.0007e-15
9714.1 1.0039e-15
9716.6 9.9039e-16
9719.0 9.8838e-16
9721.5 1.0017e-15
9724.0 9.7149e-16
9726.4 9.6230e-16
9728.9 9.9913e-16
9731.3 9.8353e-16
9733.8 9.7315e-16
9736.2 9.8195e-16
9738.6 9.6397e-16
9741.1 9.7992e-16
9743.5 9.9335e-16
9746.0 9.6079e-16
9748.5 9.6453e-16
9750.9 9.5721e-16
9753.4 9.5913e-16
9755.8 9.8144e-16
9758.2 9.7669e-16
9760.7 9.7430e-16
9763.1 9.7908e-16
9765.6 9.6011e-16
9768.0 9.6437e-16
9770.5 9.6616e-16
9773.0 9.5652e-16
9775.4 9.4797e-16
9777.9 9.6684e-16
9780.3 9.9246e-16
9782.8 9.6887e-16
9785.2 9.6387e-16
9787.6 9.6769e-16
9790.1 9.6384e-16
9792.5 9.4897e-16
9795.0 9.5508e-16
9797.5 9.5206e-16
9799.9 9.3586e-16
9802.4 9.0078e-16
9804.8 9.2774e-16
9807.2 9.4953e-16
9809.7 9.4547e-16
9812.1 9.3396e-16
9814.6 9.3096e-16
9817.0 9.3403e-16
9819.5 9.6277e-16
9822.0 9.6939e-16
9824.4 9.4866e-16
9826.9 9.2448e-16
9829.3 9.2575e-16
9831.8 9.4285e-16
9834.2 9.4051e-16
9836.6 9.4002e-16
9839.1 9.2469e-16
9841.5 9.4199e-16
9844.0 9.2706e-16
9846.5 9.0757e-16
9848.9 9.3073e-16
9851.4 9.2412e-16
9853.8 9.1903e-16
9856.2 9.2422e-16
9858.7 9.1304e-16
9861.1 9.1141e-16
9863.6 9.1220e-16
9866.0 9.1978e-16
9868.5 9.0566e-16
9871.0 9.0874e-16
9873.4 9.2460e-16
9875.9 9.3125e-16
9878.3 9.2467e-16
9880.8 9.5022e-16
9883.2 9.6689e-16
9885.6 9.3221e-16
9888.1 9.1544e-16
9890.5 9.0774e-16
9893.0 8.9889e-16
9895.5 8.9901e-16
9897.9 9.1905e-16
9900.4 9.1667e-16
9902.8 8.8664e-16
9905.2 9.0133e-16
9907.7 8.9708e-16
9910.1 8.8413e-16
9912.6 8.8041e-16
9915.0 8.8831e-16
9917.5 8.9525e-16
9920.0 8.9940e-16
9922.4 8.8483e-16
9924.9 8.9617e-16
9927.3 8.8271e-16
9929.8 8.6051e-16
9932.2 8.7379e-16
9934.6 8.8316e-16
9937.1 8.8288e-16
9939.5 8.8930e-16
9942.0 8.8803e-16
9944.5 8.7456e-16
9946.9 8.7972e-16
9949.4 8.8970e-16
9951.8 8.7570e-16
9954.2 8.5604e-16
9956.7 8.5989e-16
9959.1 8.9293e-16
9961.6 8.8866e-16
9964.0 8.6233e-16
9966.5 8.5212e-16
9969.0 8.6473e-16
9971.4 8.3933e-16
9973.9 8.5046e-16
9976.3 8.5360e-16
9978.8 8.6055e-16
9981.2 8.6485e-16
9983.6 8.4651e-16
9986.1 8.6094e-16
9988.5 8.7603e-16
9991.0 8.5577e-16
9993.5 8.4614e-16
9995.9 8.7604e-16
9998.4 8.7787e-16
10000.8 8.6840e-16
10003.2 8.3944e-16
10005.7 8.4423e-16
10008.2 8.5786e-16
10010.6 8.3715e-16
10013.1 8.3054e-16
10015.5 8.5413e-16
10018.0 8.5132e-16
10020.4 8.3747e-16
10022.8 8.1973e-16
10025.3 8.0921e-16
10027.8 8.2337e-16
10030.2 8.2155e-16
10032.7 8.3985e-16
10035.1 8.4030e-16
10037.6 8.3400e-16
10040.0 8.2515e-16
10042.5 8.2381e-16
10044.9 8.1842e-16
10047.3 8.1046e-16
10049.8 7.9714e-16
10052.2 7.8904e-16
10054.7 8.2047e-16
10057.2 7.9395e-16
10059.6 8.1580e-16
10062.1 8.0743e-16
10064.5 8.0540e-16
10067.0 8.1548e-16
10069.4 8.0747e-16
10071.8 8.0487e-16
10074.3 7.9833e-16
10076.8 7.8776e-16
10079.2 7.9875e-16
10081.7 7.8390e-16
10084.1 8.0107e-16
10086.6 8.1310e-16
10089.0 7.7819e-16
10091.5 7.6147e-16
10093.9 7.6648e-16
10096.3 8.0536e-16
10098.8 7.9466e-16
10101.2 7.7814e-16
10103.7 7.9122e-16
10106.2 8.0005e-16
10108.6 7.9393e-16
10111.1 8.0581e-16
10113.5 7.9223e-16
10116.0 7.4853e-16
10118.4 7.4944e-16
10120.8 7.6307e-16
10123.3 7.8329e-16
10125.8 7.6448e-16
10128.2 7.5911e-16
10130.7 7.9954e-16
10133.1 7.8065e-16
10135.6 7.9320e-16
10138.0 7.8119e-16
10140.5 7.6923e-16
10142.9 7.8075e-16
10145.3 7.5475e-16
10147.8 7.6510e-16
10150.2 7.6624e-16
10152.7 7.3890e-16
10155.2 7.5612e-16
10157.6 7.6000e-16
10160.1 7.4695e-16
10162.5 7.6133e-16
10165.0 7.8892e-16
10167.4 7.7234e-16
10169.8 7.6050e-16
10172.3 7.4705e-16
10174.8 7.2662e-16
10177.2 7.4546e-16
10179.7 7.8314e-16
10182.1 7.5679e-16
10184.6 7.2978e-16
10187.0 7.3647e-16
10189.5 7.3709e-16
10191.9 7.1923e-16
10194.3 7.0779e-16
10196.8 7.1179e-16
10199.2 6.8539e-16
10201.7 7.1365e-16
10204.2 7.3104e-16
10206.6 7.3303e-16
10209.1 6.8300e-16
10211.5 6.8371e-16
10214.0 7.1873e-16
10216.4 7.3007e-16
10218.8 7.5175e-16
10221.3 7.1749e-16
10223.8 7.2377e-16
10226.2 7.4608e-16
10228.7 7.3251e-16
10231.1 7.0796e-16
10233.6 6.8358e-16
10236.0 6.8732e-16
10238.5 6.9782e-16
10240.9 7.2357e-16
10243.3 7.1687e-16
10245.8 6.8354e-16
10248.2 6.5975e-16
10250.7 6.5009e-16
10253.2 6.7233e-16
10255.6 6.8839e-16
10258.1 7.2461e-16
10260.5 7.1393e-16
10263.0 6.8242e-16
10265.4 6.5180e-16
10267.8 7.1274e-16
10270.3 7.3772e-16
10272.8 7.1798e-16
10275.2 7.4788e-16
10277.7 7.0653e-16
10280.1 6.6965e-16
10282.6 6.5715e-16
10285.0 7.1674e-16
10287.5 7.3539e-16
10289.9 6.7315e-16
10292.3 6.9601e-16
10294.8 6.6652e-16
10297.2 6.5476e-16
10299.7 6.6321e-16
10302.2 7.0308e-16
10304.6 7.4235e-16
10307.1 7.3569e-16
10309.5 7.2021e-16
10312.0 7.2350e-16
10314.4 6.9974e-16
10316.8 6.9575e-16
10319.3 6.9115e-16
10321.8 7.1503e-16
10324.2 7.3427e-16
10326.7 6.9176e-16
10329.1 6.9768e-16
10331.6 7.0332e-16
10334.0 7.0016e-16
10336.5 7.3756e-16
10338.9 7.4391e-16
10341.3 7.7947e-16
10343.8 7.3714e-16
10346.2 6.3582e-16
10348.7 6.7072e-16
10351.2 6.8816e-16
10353.6 5.7270e-16
10356.1 5.9443e-16
10358.5 6.9872e-16
10361.0 6.7362e-16
10363.4 6.7609e-16
10365.8 6.9400e-16
10368.3 6.2287e-16
10370.8 6.1733e-16
10373.2 6.6382e-16
10375.7 6.6886e-16
10378.1 6.6968e-16
10380.6 7.0970e-16
10383.0 6.9879e-16
10385.5 6.5416e-16
10387.9 6.7878e-16
10390.3 6.9991e-16
10392.8 7.3579e-16
10395.2 7.4963e-16
10397.7 6.5629e-16
10400.2 5.9781e-16
10402.6 6.3896e-16
10405.1 6.6493e-16
10407.5 6.7669e-16
10410.0 6.3346e-16
10412.4 6.2734e-16
10414.8 6.4319e-16
10417.3 6.3150e-16
10419.8 6.3230e-16
10422.2 6.7461e-16
10424.7 6.9731e-16
10427.1 6.6368e-16
10429.6 6.6832e-16
10432.0 6.2930e-16
10434.5 5.9898e-16
10436.9 7.0736e-16
10439.3 7.4241e-16
10441.8 6.7309e-16
10444.2 6.2689e-16
10446.7 6.0744e-16
10449.2 5.6581e-16
10451.6 5.8878e-16
10454.1 6.3737e-16
10456.5 6.4725e-16
10459.0 5.9815e-16
10461.4 6.4198e-16
10463.8 6.7903e-16
10466.3 6.6725e-16
10468.8 6.0938e-16
10471.2 5.2757e-16
10473.7 5.9630e-16
10476.1 7.2753e-16
10478.6 6.5574e-16
10481.0 5.8938e-16
10483.5 6.3975e-16
10485.9 7.3072e-16
10488.3 6.9437e-16
10490.8 6.6968e-16
10493.2 6.8155e-16
10495.7 6.9759e-16
10498.2 5.4506e-16
10500.6 5.3734e-16
10503.1 6.2644e-16
10505.5 6.6575e-16
10508.0 6.8895e-16
10510.4 5.9114e-16
10512.8 6.3297e-16
10515.3 7.2880e-16
10517.8 6.8540e-16
10520.2 6.5868e-16
10522.7 6.0912e-16
10525.1 6.3294e-16
10527.6 6.3863e-16
10530.0 6.5791e-16
10532.5 6.6923e-16
10534.9 6.4145e-16
10537.3 6.5765e-16
10539.8 5.7587e-16
10542.2 5.7042e-16
10544.7 6.6116e-16
10547.2 6.9641e-16
10549.6 6.5183e-16
10552.1 5.3715e-16
10554.5 6.2681e-16
10557.0 7.3022e-16
10559.4 6.4176e-16
10561.8 7.2889e-16
10564.3 7.4379e-16
10566.8 6.1694e-16
10569.2 5.4111e-16
10571.7 6.1252e-16
10574.1 6.4138e-16
10576.6 6.5326e-16
10579.0 6.2666e-16
10581.5 5.8281e-16
10583.9 6.6074e-16
10586.3 8.3525e-16
10588.8 6.4082e-16
10591.2 5.3382e-16
10593.7 5.4931e-16
10596.2 7.6602e-16
10598.6 6.9843e-16
10601.1 6.7977e-16
10603.5 7.8984e-16
10606.0 6.5107e-16
10608.4 6.3288e-16
10610.8 6.3526e-16
10613.3 7.1116e-16
10615.8 7.4181e-16
10618.2 7.6933e-16
10620.7 7.6504e-16
10623.1 6.8882e-16
10625.6 6.7380e-16
10628.0 7.2203e-16
10630.5 6.3093e-16
10632.9 5.3833e-16
10635.3 6.9772e-16
10637.8 6.5136e-16
10640.2 6.8447e-16
10642.7 7.7425e-16
10645.2 6.6545e-16
10647.6 5.8502e-16
10650.1 6.7957e-16
10652.5 6.8797e-16
10655.0 4.9403e-16
10657.4 7.1781e-16
10659.8 7.2732e-16
10662.3 6.5255e-16
10664.8 7.9754e-16
10667.2 6.6442e-16
10669.7 7.0547e-16
10672.1 5.4586e-16
10674.6 6.0831e-16
10677.0 4.8709e-16
10679.5 6.2894e-16
10681.9 7.4987e-16
10684.3 7.3283e-16
10686.8 6.2537e-16
10689.2 7.0074e-16
10691.7 7.1297e-16
10694.2 6.7691e-16
10696.6 6.7513e-16
10699.1 6.1565e-16
10701.5 8.1705e-16
10704.0 6.2974e-16
10706.4 8.0654e-16
10708.8 7.6367e-16
10711.3 7.3945e-16
10713.8 6.7876e-16
10716.2 9.1057e-16
10718.7 8.1969e-16
10721.1 8.0082e-16
10723.6 7.9891e-16
10726.0 7.9361e-16
10728.5 9.7696e-16
10730.9 9.1344e-16
10733.3 7.9631e-16
10735.8 1.0208e-15
10738.2 8.7037e-16
10740.7 9.4053e-16
10743.2 8.8104e-16
10745.6 7.0050e-16
10748.1 6.7084e-16
10750.5 5.6588e-16
10753.0 3.2633e-16
10755.4 9.0828e-16
10757.8 1.0595e-15
10760.3 5.9039e-16
10762.8 7.0107e-16
10765.2 9.1477e-16
10767.7 8.8187e-16
10770.1 9.4632e-16
10772.6 7.7195e-16
10775.0 6.5652e-16
10777.5 9.7400e-16
10779.9 9.6015e-16
10782.3 7.7819e-16
10784.8 7.9737e-16
10787.2 1.1131e-15
10789.7 1.1130e-15
10792.2 7.9393e-16
10794.6 1.1007e-15
10797.1 9.6410e-16
10799.5 9.0426e-16
10802.0 9.5617e-16
10804.4 1.0029e-15
10806.8 1.0723e-15
10809.3 9.7621e-16
10811.8 9.2303e-16
10814.2 1.3749e-15
10816.7 1.5840e-15
10819.1 1.2634e-15
10821.6 1.3293e-15
10824.0 1.3324e-15
10826.5 1.2527e-15
10828.9 8.2868e-16
10831.3 8.5090e-16
10833.8 1.1936e-15
10836.2 1.5763e-15
10838.7 1.3701e-15
10841.2 1.4225e-15
10843.6 1.1960e-15
10846.1 1.2162e-15
10848.5 1.1211e-15
10851.0 1.3163e-15
10853.4 1.1052e-15
10855.8 1.2264e-15
10858.3 1.5267e-15
10860.8 1.5203e-15
10863.2 1.3021e-15
10865.7 1.0461e-15
10868.1 1.3845e-15
10870.6 1.3226e-15
10873.0 1.1536e-15
10875.5 1.3101e-15
10877.9 1.1540e-15
10880.3 1.1924e-15
10882.8 1.5417e-15
10885.2 1.3996e-15
10887.7 1.3314e-15
10890.2 1.1961e-15
10892.6 1.4107e-15
10895.1 1.3553e-15
10897.5 1.3116e-15
10900.0 1.0338e-15
10902.4 1.3560e-15
10904.8 1.2487e-15
10907.3 1.3417e-15
10909.8 1.3459e-15
10912.2 1.2318e-15
10914.7 1.2583e-15
10917.1 1.3800e-15
10919.6 1.2243e-15
10922.0 1.2959e-15
10924.5 1.4716e-15
10926.9 1.3887e-15
10929.3 1.2996e-15
10931.8 1.2187e-15
10934.2 1.2987e-15
10936.7 1.1900e-15
10939.2 1.1638e-15
10941.6 1.4292e-15
10944.1 1.3257e-15
10946.5 1.4051e-15
10949.0 1.4871e-15
10951.4 1.3782e-15
10953.8 1.4389e-15
10956.3 1.3608e-15
10958.8 1.3085e-15
10961.2 1.3156e-15
10963.7 1.4247e-15
10966.1 1.4293e-15
10968.6 1.3646e-15
10971.0 1.3674e-15
10973.5 1.4838e-15
10975.9 1.4576e-15
10978.3 1.2898e-15
10980.8 1.4566e-15
10983.2 1.5827e-15
10985.7 1.5343e-15
10988.2 1.5992e-15
10990.6 1.5673e-15
10993.1 1.4194e-15
10995.5 1.4082e-15
10998.0 1.4192e-15
11000.4 1.4686e-15
11002.8 1.4968e-15
11005.3 1.5705e-15
11007.8 1.5979e-15
11010.2 1.5365e-15
11012.7 1.6197e-15
11015.1 1.5875e-15
11017.6 1.6313e-15
11020.0 1.6110e-15
11022.5 1.5295e-15
11024.9 1.7601e-15
11027.3 1.5332e-15
11029.8 1.5332e-15
11032.2 1.6058e-15
11034.7 1.5755e-15
11037.2 1.6343e-15
11039.6 1.6593e-15
11042.1 1.6176e-15
11044.5 1.5401e-15
11047.0 1.6247e-15
11049.4 1.6536e-15
11051.8 1.6685e-15
11054.3 1.6088e-15
11056.8 1.5309e-15
11059.2 1.4598e-15
11061.7 1.5731e-15
11064.1 1.5278e-15
11066.6 1.5323e-15
11069.0 1.5075e-15
11071.5 1.5257e-15
11073.9 1.4768e-15
11076.3 1.5209e-15
11078.8 1.6021e-15
11081.2 1.5611e-15
11083.7 1.4539e-15
11086.2 1.4775e-15
11088.6 1.4580e-15
11091.1 1.3399e-15
11093.5 1.4213e-15
11096.0 1.4849e-15
11098.4 1.4580e-15
11100.8 1.3569e-15
11103.3 1.4341e-15
11105.8 1.4633e-15
11108.2 1.4898e-15
11110.7 1.6543e-15
11113.1 1.6999e-15
11115.6 1.5480e-15
11118.0 1.4788e-15
11120.5 1.4893e-15
11122.9 1.6013e-15
11125.3 1.6403e-15
11127.8 1.5765e-15
11130.2 1.4469e-15
11132.7 1.5506e-15
11135.2 1.5923e-15
11137.6 1.5566e-15
11140.1 1.5875e-15
11142.5 1.6102e-15
11145.0 1.6865e-15
11147.4 1.6078e-15
11149.8 1.5284e-15
11152.3 1.5359e-15
11154.8 1.6299e-15
11157.2 1.6603e-15
11159.7 1.6456e-15
11162.1 1.6826e-15
11164.6 1.6576e-15
11167.0 1.6177e-15
11169.5 1.5329e-15
11171.9 1.4431e-15
11174.3 1.4204e-15
11176.8 1.5505e-15
11179.2 1.5499e-15
11181.7 1.4715e-15
11184.2 1.5592e-15
11186.6 1.6179e-15
11189.1 1.5340e-15
11191.5 1.4862e-15
11194.0 1.5448e-15
11196.4 1.6361e-15
11198.8 1.6116e-15
11201.3 1.5885e-15
11203.8 1.5762e-15
11206.2 1.5320e-15
11208.7 1.5495e-15
11211.1 1.5481e-15
11213.6 1.5607e-15
11216.0 1.6081e-15
11218.5 1.6277e-15
11220.9 1.6612e-15
11223.3 1.6182e-15
11225.8 1.5720e-15
11228.2 1.5652e-15
11230.7 1.5371e-15
11233.2 1.5469e-15
11235.6 1.5769e-15
11238.1 1.6565e-15
11240.5 1.6218e-15
11243.0 1.5902e-15
11245.4 1.6678e-15
11247.8 1.6657e-15
11250.3 1.6008e-15
11252.8 1.5653e-15
