3640.5 9.6576e-15
3644.2 9.3935e-15
3647.8 9.5613e-15
3651.5 8.6573e-15
3655.1 8.9475e-15
3658.8 8.8261e-15
3662.4 8.6419e-15
3666.1 8.3410e-15
3669.7 8.3385e-15
3673.4 7.9790e-15
3677.0 7.7108e-15
3680.6 7.4670e-15
3684.3 6.8887e-15
3687.9 6.6994e-15
3691.6 6.4425e-15
3695.2 5.7390e-15
3698.9 5.5440e-15
3702.5 5.6016e-15
3706.2 5.5389e-15
3709.8 5.3498e-15
3713.4 4.9800e-15
3717.1 4.8844e-15
3720.7 4.9431e-15
3724.4 4.5221e-15
3728.0 4.4377e-15
3731.7 4.3635e-15
3735.3 4.2514e-15
3739.0 4.2031e-15
3742.6 4.0303e-15
3746.2 3.8930e-15
3749.9 3.9161e-15
3753.5 3.9015e-15
3757.2 4.2167e-15
3760.8 4.0799e-15
3764.5 4.0529e-15
3768.1 3.8589e-15
3771.8 4.1121e-15
3775.4 4.7810e-15
3779.0 5.3451e-15
3782.7 5.2503e-15
3786.3 5.4794e-15
3790.0 5.3631e-15
3793.6 5.5612e-15
3797.3 5.9665e-15
3800.9 5.8674e-15
3804.6 5.9079e-15
3808.2 6.1375e-15
3811.9 6.0586e-15
3815.5 5.8495e-15
3819.1 5.8963e-15
3822.8 5.8971e-15
3826.4 5.6075e-15
3830.1 5.6204e-15
3833.7 5.4955e-15
3837.4 5.4789e-15
3841.0 5.3971e-15
3844.7 5.0822e-15
3848.3 5.3199e-15
3851.9 5.7742e-15
3855.6 6.0335e-15
3859.2 6.1589e-15
3862.9 6.3740e-15
3866.5 6.5088e-15
3870.2 6.7302e-15
3873.8 7.0532e-15
3877.5 7.3737e-15
3881.1 7.6799e-15
3884.7 7.9505e-15
3888.4 8.1440e-15
3892.0 8.4741e-15
3895.7 8.8514e-15
3899.3 9.1048e-15
3903.0 9.2570e-15
3906.6 9.0696e-15
3910.3 8.8417e-15
3913.9 9.3599e-15
3917.6 9.7747e-15
3921.2 1.0084e-14
3924.8 1.0215e-14
3928.5 1.0011e-14
3932.1 1.0176e-14
3935.8 1.0370e-14
3939.4 1.0450e-14
3943.1 1.1225e-14
3946.7 1.1428e-14
3950.4 1.1560e-14
3954.0 1.1697e-14
3957.6 1.1851e-14
3961.3 1.2080e-14
3964.9 1.2018e-14
3968.6 1.1974e-14
3972.2 1.2286e-14
3975.9 1.2431e-14
3979.5 1.2468e-14
3983.2 1.2455e-14
3986.8 1.2452e-14
3990.4 1.2841e-14
3994.1 1.2678e-14
3997.7 1.2185e-14
4001.4 1.1985e-14
4005.0 1.1858e-14
4008.7 1.1549e-14
4012.3 1.1433e-14
4016.0 1.1462e-14
4019.6 1.1496e-14
4023.2 1.0890e-14
4026.9 1.1037e-14
4030.5 1.1141e-14
4034.2 1.0894e-14
4037.8 1.1043e-14
4041.5 1.0990e-14
4045.1 1.1057e-14
4048.8 1.1271e-14
4052.4 1.1103e-14
4056.1 1.1308e-14
4059.7 1.1334e-14
4063.3 1.1428e-14
4067.0 1.1380e-14
4070.6 1.1957e-14
4074.3 1.2016e-14
4077.9 1.1640e-14
4081.6 1.1805e-14
4085.2 1.1717e-14
4088.9 1.1893e-14
4092.5 1.2322e-14
4096.1 1.2317e-14
4099.8 1.2401e-14
4103.4 1.2294e-14
4107.1 1.2399e-14
4110.7 1.2652e-14
4114.4 1.2444e-14
4118.0 1.2710e-14
4121.7 1.3109e-14
4125.3 1.3236e-14
4128.9 1.3134e-14
4132.6 1.3363e-14
4136.2 1.3694e-14
4139.9 1.3584e-14
4143.5 1.3253e-14
4147.2 1.2936e-14
4150.8 1.2625e-14
4154.5 1.2597e-14
4158.1 1.2517e-14
4161.7 1.2520e-14
4165.4 1.2402e-14
4169.0 1.2221e-14
4172.7 1.2088e-14
4176.3 1.2147e-14
4180.0 1.2452e-14
4183.6 1.2022e-14
4187.3 1.1925e-14
4190.9 1.1700e-14
4194.6 1.1890e-14
4198.2 1.1813e-14
4201.8 1.1446e-14
4205.5 1.1497e-14
4209.1 1.1513e-14
4212.8 1.1510e-14
4216.4 1.1403e-14
4220.1 1.1340e-14
4223.7 1.0824e-14
4227.4 1.0871e-14
4231.0 1.0514e-14
4234.6 1.0234e-14
4238.3 1.0164e-14
4241.9 9.9003e-15
4245.6 9.7861e-15
4249.2 9.7847e-15
4252.9 9.5999e-15
4256.5 9.4763e-15
4260.2 9.5445e-15
4263.8 9.6240e-15
4267.4 9.2012e-15
4271.1 9.2208e-15
4274.7 8.9061e-15
4278.4 9.1521e-15
4282.0 9.2684e-15
4285.7 8.9133e-15
4289.3 9.0573e-15
4293.0 9.1131e-15
4296.6 9.0100e-15
4300.2 8.7834e-15
4303.9 8.6368e-15
4307.5 8.4176e-15
4311.2 8.3624e-15
4314.8 8.4916e-15
4318.5 8.2608e-15
4322.1 8.1257e-15
4325.8 8.0762e-15
4329.4 8.0370e-15
4333.1 8.0922e-15
4336.7 8.0104e-15
4340.3 7.9866e-15
4344.0 8.0535e-15
4347.6 7.8269e-15
4351.3 7.8417e-15
4354.9 8.1548e-15
4358.6 8.1190e-15
4362.2 8.0215e-15
4365.9 8.1459e-15
4369.5 8.1811e-15
4373.1 8.2901e-15
4376.8 8.5257e-15
4380.4 8.6345e-15
4384.1 8.5189e-15
4387.7 8.6592e-15
4391.4 8.7283e-15
4395.0 8.8513e-15
4398.7 8.8930e-15
4402.3 8.9986e-15
4405.9 9.2167e-15
4409.6 9.2547e-15
4413.2 9.2434e-15
4416.9 9.1814e-15
4420.5 9.1652e-15
4424.2 9.0274e-15
4427.8 8.8583e-15
4431.5 8.7081e-15
4435.1 8.4323e-15
4438.7 8.3327e-15
4442.4 8.3755e-15
4446.0 8.1051e-15
4449.7 7.6130e-15
4453.3 7.5406e-15
4457.0 7.3073e-15
4460.6 7.4280e-15
4464.3 7.5224e-15
4467.9 7.2904e-15
4471.6 7.3618e-15
4475.2 7.4850e-15
4478.8 7.5136e-15
4482.5 7.6037e-15
4486.1 7.6773e-15
4489.8 7.9227e-15
4493.4 8.0106e-15
4497.1 8.2327e-15
4500.7 8.4673e-15
4504.4 8.2736e-15
4508.0 8.4219e-15
4511.6 8.6850e-15
4515.3 8.8439e-15
4518.9 8.8821e-15
4522.6 8.8009e-15
4526.2 8.6971e-15
4529.9 8.9278e-15
4533.5 9.1277e-15
4537.2 8.9767e-15
4540.8 8.8343e-15
4544.4 8.8908e-15
4548.1 8.8463e-15
4551.7 8.9942e-15
4555.4 8.9840e-15
4559.0 9.0601e-15
4562.7 9.0367e-15
4566.3 8.9527e-15
4570.0 8.8887e-15
4573.6 9.0325e-15
4577.2 8.8691e-15
4580.9 8.7974e-15
4584.5 8.7844e-15
4588.2 8.7081e-15
4591.8 8.9654e-15
4595.5 8.9345e-15
4599.1 8.9509e-15
4602.8 8.8890e-15
4606.4 8.9454e-15
4610.1 8.9196e-15
4613.7 8.9614e-15
4617.3 9.1401e-15
4621.0 8.9646e-15
4624.6 9.1206e-15
4628.3 9.3695e-15
4631.9 9.2847e-15
4635.6 9.4913e-15
4639.2 9.3126e-15
4642.9 9.2690e-15
4646.5 9.2451e-15
4650.1 9.2034e-15
4653.8 9.4097e-15
4657.4 9.1759e-15
4661.1 9.3461e-15
4664.7 9.2772e-15
4668.4 9.1560e-15
4672.0 9.0409e-15
4675.7 8.8932e-15
4679.3 8.6981e-15
4682.9 8.5075e-15
4686.6 8.3564e-15
4690.2 8.3464e-15
4693.9 8.2688e-15
4697.5 8.3164e-15
4701.2 8.1779e-15
4704.8 8.0162e-15
4708.5 8.0678e-15
4712.1 7.7833e-15
4715.7 7.8070e-15
4719.4 7.8381e-15
4723.0 7.8957e-15
4726.7 7.7718e-15
4730.3 7.7472e-15
4734.0 7.8107e-15
4737.6 7.8925e-15
4741.3 7.6062e-15
4744.9 7.6697e-15
4748.6 7.7149e-15
4752.2 7.8387e-15
4755.8 7.7857e-15
4759.5 7.7574e-15
4763.1 7.6194e-15
4766.8 7.6800e-15
4770.4 7.7195e-15
4774.1 7.6558e-15
4777.7 7.6690e-15
4781.4 7.4390e-15
4785.0 7.3839e-15
4788.6 7.5035e-15
4792.3 7.5002e-15
4795.9 7.2636e-15
4799.6 7.2879e-15
4803.2 7.3235e-15
4806.9 7.4673e-15
4810.5 7.5428e-15
4814.2 7.5506e-15
4817.8 7.6778e-15
4821.4 7.6130e-15
4825.1 7.6078e-15
4828.7 7.8337e-15
4832.4 7.8026e-15
4836.0 7.6150e-15
4839.7 7.6976e-15
4843.3 7.6235e-15
4847.0 7.6520e-15
4850.6 7.5987e-15
4854.2 7.4068e-15
4857.9 7.3276e-15
4861.5 7.4031e-15
4865.2 7.4083e-15
4868.8 7.0876e-15
4872.5 6.8580e-15
4876.1 6.8229e-15
4879.8 6.7998e-15
4883.4 6.5864e-15
4887.1 6.4137e-15
4890.7 6.3327e-15
4894.3 6.1997e-15
4898.0 6.1146e-15
4901.6 6.0768e-15
4905.3 6.0451e-15
4908.9 5.8547e-15
4912.6 5.5808e-15
4916.2 5.5101e-15
4919.9 5.9063e-15
4923.5 6.0107e-15
4927.1 5.8581e-15
4930.8 5.8260e-15
4934.4 5.9760e-15
4938.1 6.0819e-15
4941.7 6.0279e-15
4945.4 5.9539e-15
4949.0 6.0410e-15
4952.7 6.0979e-15
4956.3 6.0049e-15
4959.9 6.0662e-15
4963.6 6.1683e-15
4967.2 6.1562e-15
4970.9 6.1428e-15
4974.5 6.1303e-15
4978.2 6.0584e-15
4981.8 6.0510e-15
4985.5 6.1256e-15
4989.1 6.1340e-15
4992.7 6.0928e-15
4996.4 6.1215e-15
5000.0 5.9853e-15
5003.7 6.0255e-15
5007.3 6.0212e-15
5011.0 5.6460e-15
5014.6 5.5582e-15
5018.3 5.6912e-15
5021.9 5.9579e-15
5025.6 5.9214e-15
5029.2 5.8554e-15
5032.8 6.0044e-15
5036.5 5.9399e-15
5040.1 5.8444e-15
5043.8 5.9471e-15
5047.4 5.9783e-15
5051.1 5.9379e-15
5054.7 5.8054e-15
5058.4 5.1747e-15
5062.0 4.6309e-15
5065.6 5.3772e-15
5069.3 5.8933e-15
5072.9 6.0836e-15
5076.6 6.0221e-15
5080.2 6.2166e-15
5083.9 6.2403e-15
5087.5 6.2873e-15
5091.2 6.4084e-15
5094.8 6.3808e-15
5098.4 6.2270e-15
5102.1 6.2986e-15
5105.7 6.3014e-15
5109.4 6.2406e-15
5113.0 6.4110e-15
5116.7 6.5105e-15
5120.3 6.4045e-15
5124.0 6.5225e-15
5127.6 6.4726e-15
5131.2 6.6664e-15
5134.9 6.6945e-15
5138.5 6.6451e-15
5142.2 6.6294e-15
5145.8 6.6303e-15
5149.5 6.7201e-15
5153.1 6.9041e-15
5156.8 6.8018e-15
5160.4 6.7576e-15
5164.1 6.7362e-15
5167.7 6.8791e-15
5171.3 6.6684e-15
5175.0 6.6782e-15
5178.6 6.7851e-15
5182.3 6.6432e-15
5185.9 6.5063e-15
5189.6 6.6118e-15
5193.2 6.5499e-15
5196.9 6.6649e-15
5200.5 6.5300e-15
5204.1 6.5167e-15
5207.8 6.5202e-15
5211.4 6.4853e-15
5215.1 6.5202e-15
5218.7 6.4767e-15
5222.4 6.4657e-15
5226.0 6.6395e-15
5229.7 6.5241e-15
5233.3 6.6462e-15
5236.9 6.5988e-15
5240.6 6.4764e-15
5244.2 6.4594e-15
5247.9 6.5259e-15
5251.5 6.4306e-15
5255.2 6.4344e-15
5258.8 6.3652e-15
5262.5 6.3150e-15
5266.1 6.1283e-15
5269.7 5.8898e-15
5273.4 5.8580e-15
5277.0 5.8125e-15
5280.7 5.5895e-15
5284.3 5.5066e-15
5288.0 5.3516e-15
5291.6 5.2613e-15
5295.3 5.1866e-15
5298.9 5.1262e-15
5302.6 4.9678e-15
5306.2 4.8395e-15
5309.8 4.7145e-15
5313.5 4.6822e-15
5317.1 4.7858e-15
5320.8 4.7737e-15
5324.4 4.6915e-15
5328.1 4.7135e-15
5331.7 4.6439e-15
5335.4 4.5828e-15
5339.0 4.6166e-15
5342.6 4.6876e-15
5346.3 4.7203e-15
5349.9 4.7370e-15
5353.6 4.6834e-15
5357.2 4.7223e-15
5360.9 4.7517e-15
5364.5 4.7507e-15
5368.2 4.8199e-15
5371.8 4.9226e-15
5375.4 4.9326e-15
5379.1 4.8064e-15
5382.7 4.8704e-15
5386.4 4.9780e-15
5390.0 4.9804e-15
5393.7 4.8920e-15
5397.3 5.0262e-15
5401.0 5.1850e-15
5404.6 5.1909e-15
5408.3 5.1350e-15
5411.9 4.9860e-15
5415.5 4.9934e-15
5419.2 5.0156e-15
5422.8 5.1133e-15
5426.5 5.0899e-15
5430.1 5.0545e-15
5433.8 5.0812e-15
5437.4 5.0065e-15
5441.1 4.9673e-15
5444.7 4.9872e-15
5448.3 5.0119e-15
5452.0 5.0323e-15
5455.6 4.9388e-15
5459.3 4.8508e-15
5462.9 4.6955e-15
5466.6 4.6227e-15
5470.2 4.5919e-15
5473.9 4.5003e-15
5477.5 4.4951e-15
5481.1 4.4683e-15
5484.8 4.4045e-15
5488.4 4.3065e-15
5492.1 4.2161e-15
5495.7 4.1606e-15
5499.4 4.1564e-15
5503.0 4.2797e-15
5506.7 4.2542e-15
5510.3 4.1956e-15
5513.9 4.2500e-15
5517.6 4.2043e-15
5521.2 4.1853e-15
5524.9 4.3228e-15
5528.5 4.3921e-15
5532.2 4.3631e-15
5535.8 4.5520e-15
5539.5 4.5721e-15
5543.1 4.5544e-15
5546.8 4.5182e-15
5550.4 4.4442e-15
5554.0 4.4700e-15
5557.7 4.6228e-15
5561.3 4.7103e-15
5565.0 4.5913e-15
5568.6 4.6136e-15
5572.3 4.4156e-15
5575.9 4.6525e-15
5579.6 4.7362e-15
5583.2 4.5944e-15
5586.8 4.5674e-15
5590.5 4.5742e-15
5594.1 4.5915e-15
5597.8 4.5205e-15
5601.4 4.4734e-15
5605.1 4.4141e-15
5608.7 4.2705e-15
5612.4 4.3268e-15
5616.0 4.3395e-15
5619.6 4.2696e-15
5623.3 4.3326e-15
5626.9 4.4025e-15
5630.6 4.3765e-15
5634.2 4.3717e-15
5637.9 4.4189e-15
5641.5 4.4025e-15
5645.2 4.4220e-15
5648.8 4.4016e-15
5652.4 4.4474e-15
5656.1 4.4878e-15
5659.7 4.5218e-15
5663.4 4.4340e-15
5667.0 4.4548e-15
5670.7 4.4980e-15
5674.3 4.5494e-15
5678.0 4.5913e-15
5681.6 4.5673e-15
5685.3 4.6125e-15
5688.9 4.5563e-15
5692.5 4.5913e-15
5696.2 4.5326e-15
5699.8 4.6213e-15
5703.5 4.6183e-15
5707.1 4.5791e-15
5710.8 4.6059e-15
5714.4 4.6077e-15
5718.1 4.6404e-15
5721.7 4.6799e-15
5725.3 4.6294e-15
5729.0 4.5342e-15
5732.6 4.5483e-15
5736.3 4.5531e-15
5739.9 4.5416e-15
5743.6 4.4232e-15
5747.2 4.4442e-15
5750.9 4.4616e-15
5754.5 4.4609e-15
5758.1 4.4185e-15
5761.8 4.4245e-15
5765.4 4.3392e-15
5769.1 4.3496e-15
5772.7 4.3357e-15
5776.4 4.2961e-15
5780.0 4.2433e-15
5783.7 4.2660e-15
5787.3 4.3697e-15
5790.9 4.3283e-15
5794.6 4.2611e-15
5798.2 4.2302e-15
5801.9 4.1492e-15
5805.5 4.1095e-15
5809.2 4.1307e-15
5812.8 4.1748e-15
5816.5 4.2341e-15
5820.1 4.2131e-15
5823.8 4.1780e-15
5827.4 4.0685e-15
5831.0 4.0751e-15
5834.7 4.2096e-15
5838.3 4.1436e-15
5842.0 4.0917e-15
5845.6 4.1460e-15
5849.3 4.1154e-15
5852.9 4.1953e-15
5856.6 4.1616e-15
5860.2 4.1415e-15
5863.8 4.1018e-15
5867.5 4.1079e-15
5871.1 4.1325e-15
5874.8 4.0316e-15
5878.4 4.0026e-15
5882.1 4.0190e-15
5885.7 4.0133e-15
5889.4 3.9491e-15
5893.0 3.8769e-15
5896.6 3.8754e-15
5900.3 3.9503e-15
5903.9 4.0280e-15
5907.6 4.0451e-15
5911.2 3.9362e-15
5914.9 3.9420e-15
5918.5 3.8984e-15
5922.2 4.0872e-15
5925.8 3.9283e-15
5929.4 3.9429e-15
5933.1 3.9143e-15
5936.7 3.9639e-15
5940.4 3.9863e-15
5944.0 3.9840e-15
5947.7 3.9608e-15
5951.3 3.9743e-15
5955.0 4.0270e-15
5958.6 3.9268e-15
5962.3 3.9534e-15
5965.9 3.9799e-15
5969.5 3.8401e-15
5973.2 3.9445e-15
5976.8 3.8687e-15
5980.5 3.9055e-15
5984.1 3.8879e-15
5987.8 3.8153e-15
5991.4 3.8570e-15
5995.1 3.8498e-15
5998.7 3.8993e-15
6002.3 3.8427e-15
6006.0 3.8084e-15
6009.6 3.7294e-15
6013.3 3.7300e-15
6016.9 3.7341e-15
6020.6 3.7283e-15
6024.2 3.6836e-15
6027.9 3.6260e-15
6031.5 3.6813e-15
6035.1 3.6631e-15
6038.8 3.6031e-15
6042.4 3.6022e-15
6046.1 3.6663e-15
6049.7 3.4544e-15
6053.4 3.4313e-15
6057.0 3.4891e-15
6060.7 3.4287e-15
6064.3 3.4941e-15
6067.9 3.4318e-15
6071.6 3.3273e-15
6075.2 3.3557e-15
6078.9 3.2733e-15
6082.5 3.2796e-15
6086.2 3.2518e-15
6089.8 3.1738e-15
6093.5 3.1239e-15
6097.1 3.1841e-15
6100.8 3.0551e-15
6104.4 3.0801e-15
6108.0 3.0100e-15
6111.7 2.9108e-15
6115.3 2.8161e-15
6119.0 2.7507e-15
6122.6 2.6544e-15
6126.3 2.7183e-15
6129.9 2.6378e-15
6133.6 2.5473e-15
6137.2 2.4643e-15
6140.8 2.4182e-15
6144.5 2.3152e-15
6148.1 2.3293e-15
6151.8 2.3535e-15
6155.4 2.2158e-15
6159.1 2.1215e-15
6162.7 2.0279e-15
6166.4 1.9973e-15
6170.0 2.0142e-15
6173.6 1.9565e-15
6177.3 1.9652e-15
6180.9 1.9262e-15
6184.6 1.8462e-15
6188.2 1.8317e-15
6191.9 1.7800e-15
6195.5 1.7721e-15
6199.2 1.8418e-15
6202.8 1.7859e-15
6206.4 1.8708e-15
6210.1 1.7787e-15
6213.7 1.8362e-15
6217.4 1.9157e-15
6221.0 1.9471e-15
6224.7 1.9809e-15
6228.3 1.9764e-15
6232.0 2.0623e-15
6235.6 2.0774e-15
6239.3 2.1221e-15
6242.9 2.1619e-15
6246.5 2.2390e-15
6250.2 2.2392e-15
6253.8 2.2708e-15
6257.5 2.3755e-15
6261.1 2.3450e-15
6264.8 2.3984e-15
6268.4 2.4480e-15
6272.1 2.4290e-15
6275.7 2.4111e-15
6279.3 2.3938e-15
6283.0 2.4558e-15
6286.6 2.5274e-15
6290.3 2.5702e-15
6293.9 2.5548e-15
6297.6 2.5334e-15
6301.2 2.6131e-15
6304.9 2.7576e-15
6308.5 2.7316e-15
6312.1 2.7892e-15
6315.8 2.8071e-15
6319.4 2.8460e-15
6323.1 2.8932e-15
6326.7 2.8708e-15
6330.4 2.8774e-15
6334.0 2.9191e-15
6337.7 2.9602e-15
6341.3 3.0071e-15
6344.9 2.9448e-15
6348.6 2.9678e-15
6352.2 2.9270e-15
6355.9 2.9702e-15
6359.5 2.8991e-15
6363.2 2.9338e-15
6366.8 2.9951e-15
6370.5 2.8907e-15
6374.1 2.8779e-15
6377.8 2.7980e-15
6381.4 2.8298e-15
6385.0 2.8505e-15
6388.7 2.8403e-15
6392.3 2.8865e-15
6396.0 2.8588e-15
6399.6 2.8161e-15
6403.3 2.7885e-15
6406.9 2.7821e-15
6410.6 2.8224e-15
6414.2 2.8339e-15
6417.8 2.8668e-15
6421.5 2.8318e-15
6425.1 2.7645e-15
6428.8 2.7456e-15
6432.4 2.7697e-15
6436.1 2.7928e-15
6439.7 2.8968e-15
6443.4 2.8904e-15
6447.0 2.9032e-15
6450.6 2.8570e-15
6454.3 2.8154e-15
6457.9 2.8351e-15
6461.6 2.8593e-15
6465.2 2.9341e-15
6468.9 3.0217e-15
6472.5 2.9533e-15
6476.2 2.9192e-15
6479.8 2.8742e-15
6483.4 2.8534e-15
6487.1 2.7855e-15
6490.7 2.8669e-15
6494.4 2.8609e-15
6498.0 2.9069e-15
6501.7 2.9141e-15
6505.3 2.8126e-15
6509.0 2.7360e-15
6512.6 2.8466e-15
6516.3 2.8812e-15
6519.9 2.9202e-15
6523.5 2.8482e-15
6527.2 2.8010e-15
6530.8 2.7470e-15
6534.5 2.7122e-15
6538.1 2.7842e-15
6541.8 2.7867e-15
6545.4 2.8255e-15
6549.1 2.8050e-15
6552.7 2.7940e-15
6556.3 2.7717e-15
6560.0 2.7017e-15
6563.6 2.6468e-15
6567.3 2.6141e-15
6570.9 2.7013e-15
6574.6 2.7501e-15
6578.2 2.7325e-15
6581.9 2.6422e-15
6585.5 2.6358e-15
6589.1 2.6268e-15
6592.8 2.5585e-15
6596.4 2.6037e-15
6600.1 2.6324e-15
6603.7 2.6677e-15
6607.4 2.5965e-15
6611.0 2.5553e-15
6614.7 2.5757e-15
6618.3 2.5406e-15
6621.9 2.5388e-15
6625.6 2.5745e-15
6629.2 2.2449e-15
6632.9 1.9372e-15
6636.5 2.0298e-15
6640.2 2.3666e-15
6643.8 2.5101e-15
6647.5 2.4552e-15
6651.1 2.4645e-15
6654.8 2.4891e-15
6658.4 2.5283e-15
6662.0 2.5462e-15
6665.7 2.4327e-15
6669.3 2.4114e-15
6673.0 2.3843e-15
6676.6 2.3070e-15
6680.3 2.3591e-15
6683.9 2.3895e-15
6687.6 2.4182e-15
6691.2 2.3618e-15
6694.8 2.2749e-15
6698.5 2.2651e-15
6702.1 2.2046e-15
6705.8 2.2554e-15
6709.4 2.2071e-15
6713.1 2.1761e-15
6716.7 2.2282e-15
6720.4 2.2327e-15
6724.0 2.2056e-15
6727.6 2.1379e-15
6731.3 2.0442e-15
6734.9 2.0568e-15
6738.6 2.1296e-15
6742.2 2.1266e-15
6745.9 2.1410e-15
6749.5 2.1001e-15
6753.2 2.0384e-15
6756.8 2.0123e-15
6760.4 2.0045e-15
6764.1 2.0482e-15
6767.7 2.0638e-15
6771.4 2.0989e-15
6775.0 2.0810e-15
6778.7 2.0388e-15
6782.3 1.9880e-15
6786.0 1.8854e-15
6789.6 1.8378e-15
6793.3 1.8836e-15
6796.9 1.9518e-15
6800.5 1.9283e-15
6804.2 1.9017e-15
6807.8 1.8972e-15
6811.5 1.8536e-15
6815.1 1.8048e-15
6818.8 1.7593e-15
6822.4 1.7933e-15
6826.1 1.7959e-15
6829.7 1.7974e-15
6833.3 1.8146e-15
6837.0 1.7751e-15
6840.6 1.7402e-15
6844.3 1.6930e-15
6847.9 1.6738e-15
6851.6 1.6605e-15
6855.2 1.6652e-15
6858.9 1.7406e-15
6862.5 1.6512e-15
6866.1 1.4185e-15
6869.8 1.2725e-15
6873.4 1.2521e-15
6877.1 1.3146e-15
6880.7 1.4398e-15
6884.4 1.4505e-15
6888.0 1.4105e-15
6891.7 1.4283e-15
6895.3 1.4079e-15
6899.0 1.3754e-15
6902.6 1.3974e-15
6906.2 1.3509e-15
6909.9 1.3787e-15
6913.5 1.4494e-15
6917.2 1.4292e-15
6920.8 1.4609e-15
6924.5 1.4771e-15
6928.1 1.4597e-15
6931.8 1.4146e-15
6935.4 1.3830e-15
6939.0 1.3769e-15
6942.7 1.3451e-15
6946.3 1.4321e-15
6950.0 1.4891e-15
6953.6 1.4502e-15
6957.3 1.4233e-15
6960.9 1.3607e-15
6964.6 1.3146e-15
6968.2 1.3197e-15
6971.8 1.3467e-15
6975.5 1.3590e-15
6979.1 1.3745e-15
6982.8 1.3799e-15
6986.4 1.3312e-15
6990.1 1.2907e-15
6993.7 1.2712e-15
6997.4 1.2502e-15
7001.0 1.2638e-15
7004.6 1.2962e-15
7008.3 1.2701e-15
7011.9 1.2878e-15
7015.6 1.3003e-15
7019.2 1.2904e-15
7022.9 1.2255e-15
7026.5 1.1830e-15
7030.2 1.1656e-15
7033.8 1.1875e-15
7037.5 1.1908e-15
7041.1 1.2264e-15
7044.7 1.2255e-15
7048.4 1.1824e-15
7052.0 1.1747e-15
7055.7 1.1109e-15
7059.3 1.1363e-15
7063.0 1.1470e-15
7066.6 1.1368e-15
7070.3 1.1677e-15
7073.9 1.1983e-15
7077.5 1.1808e-15
7081.2 1.1807e-15
7084.8 1.1399e-15
7088.5 1.1236e-15
7092.1 1.0805e-15
7095.8 1.1254e-15
7099.4 1.1683e-15
7103.1 1.1760e-15
7106.7 1.1945e-15
7110.3 1.1957e-15
7114.0 1.1691e-15
7117.6 1.1395e-15
7121.3 1.1331e-15
7124.9 1.1011e-15
7128.6 1.1138e-15
7132.2 1.1461e-15
7135.9 1.2103e-15
7139.5 1.2015e-15
7143.1 1.1653e-15
7146.8 1.1555e-15
7150.4 1.1262e-15
7154.1 1.0763e-15
7157.7 1.0758e-15
7161.4 1.1070e-15
7165.0 1.1046e-15
7168.7 1.1273e-15
7172.3 1.1320e-15
7176.0 1.1347e-15
7179.6 1.0852e-15
7183.2 1.0396e-15
7186.9 1.0149e-15
7190.5 1.0221e-15
7194.2 1.0377e-15
7197.8 1.0426e-15
7201.5 1.0863e-15
7205.1 1.1096e-15
7208.8 1.0982e-15
7212.4 1.0992e-15
7216.0 1.0573e-15
7219.7 1.0321e-15
7223.3 1.0373e-15
7227.0 1.0125e-15
7230.6 1.0073e-15
7234.3 1.0439e-15
7237.9 1.0429e-15
7241.6 1.0351e-15
7245.2 1.0262e-15
7248.8 9.8421e-16
7252.5 9.5995e-16
7256.1 9.6436e-16
7259.8 9.7735e-16
7263.4 9.7616e-16
7267.1 9.9463e-16
7270.7 1.0204e-15
7274.4 1.0292e-15
7278.0 1.0096e-15
7281.6 9.6705e-16
7285.3 9.3394e-16
7288.9 9.0078e-16
7292.6 9.0015e-16
7296.2 9.1837e-16
7299.9 9.3947e-16
7303.5 9.3892e-16
7307.2 9.3245e-16
7310.8 9.0896e-16
7314.5 9.0159e-16
7318.1 8.8448e-16
7321.7 8.4913e-16
7325.4 8.3664e-16
7329.0 8.4555e-16
7332.7 8.6930e-16
7336.3 8.9241e-16
7340.0 9.1280e-16
7343.6 8.7317e-16
7347.3 8.2712e-16
7350.9 7.8500e-16
7354.5 7.7024e-16
7358.2 7.7403e-16
7361.8 7.7970e-16
7365.5 8.1627e-16
7369.1 8.2182e-16
7372.8 8.1329e-16
7376.4 7.9581e-16
7380.1 7.7400e-16
7383.7 7.3621e-16
7387.3 7.0394e-16
7391.0 6.9473e-16
7394.6 7.0084e-16
7398.3 7.3191e-16
7401.9 7.5432e-16
7405.6 7.4799e-16
7409.2 7.7119e-16
7412.9 7.3345e-16
7416.5 7.0596e-16
7420.1 6.7043e-16
7423.8 6.5024e-16
7427.4 6.4031e-16
7431.1 6.5727e-16
7434.7 7.0122e-16
7438.4 7.3859e-16
7442.0 7.2003e-16
7445.7 6.8101e-16
7449.3 6.6588e-16
7453.0 6.2449e-16
7456.6 6.0238e-16
7460.2 6.1948e-16
7463.9 6.4465e-16
7467.5 6.4808e-16
7471.2 6.9467e-16
7474.8 6.9984e-16
7478.5 6.6939e-16
7482.1 6.2978e-16
7485.8 6.0702e-16
7489.4 5.8680e-16
7493.0 5.8738e-16
7496.7 6.1625e-16
7500.3 6.2750e-16
7504.0 6.4125e-16
7507.6 6.5023e-16
7511.3 6.3452e-16
7514.9 5.8644e-16
7518.6 5.9110e-16
7522.2 5.8049e-16
7525.8 5.9664e-16
7529.5 6.0406e-16
7533.1 6.2863e-16
7536.8 6.7461e-16
7540.4 6.6144e-16
7544.1 6.5066e-16
7547.7 6.1969e-16
7551.4 5.8585e-16
7555.0 5.7803e-16
7558.6 5.8257e-16
7562.3 6.0755e-16
7565.9 6.2617e-16
7569.6 6.5073e-16
7573.2 6.7102e-16
7576.9 6.4217e-16
7580.5 6.1796e-16
7584.2 6.0774e-16
7587.8 5.7825e-16
7591.5 5.3342e-16
7595.1 4.3849e-16
7598.7 3.4781e-16
7602.4 3.1990e-16
7606.0 3.1960e-16
7609.7 3.4127e-16
7613.3 4.0803e-16
7617.0 4.7666e-16
7620.6 4.5654e-16
7624.3 3.9889e-16
7627.9 3.9112e-16
7631.5 4.1106e-16
7635.2 4.5032e-16
7638.8 4.5852e-16
7642.5 4.6923e-16
7646.1 4.8428e-16
7649.8 4.7077e-16
7653.4 4.6744e-16
7657.1 4.7668e-16
7660.7 5.0566e-16
7664.3 5.4423e-16
7668.0 5.7936e-16
7671.6 5.9767e-16
7675.3 6.0355e-16
7678.9 5.7638e-16
7682.6 5.5427e-16
7686.2 5.4428e-16
7689.9 5.5724e-16
7693.5 5.8263e-16
7697.1 6.0801e-16
7700.8 6.2197e-16
7704.4 6.3922e-16
7708.1 6.3499e-16
7711.7 6.1418e-16
7715.4 5.9701e-16
7719.0 5.5515e-16
7722.7 5.4123e-16
7726.3 5.7898e-16
7730.0 5.9475e-16
7733.6 6.0977e-16
7737.2 6.2412e-16
7740.9 6.2800e-16
7744.5 6.0025e-16
7748.2 5.7909e-16
7751.8 5.4852e-16
7755.5 5.4851e-16
7759.1 5.9133e-16
7762.8 5.8541e-16
7766.4 6.2519e-16
7770.0 6.4258e-16
7773.7 6.3562e-16
7777.3 6.1752e-16
7781.0 5.9181e-16
7784.6 5.7818e-16
7788.3 5.8555e-16
7791.9 6.0393e-16
7795.6 6.2482e-16
7799.2 6.3671e-16
7802.8 6.3947e-16
7806.5 6.3011e-16
7810.1 6.1119e-16
7813.8 5.8317e-16
7817.4 5.7459e-16
7821.1 5.9876e-16
7824.7 6.0845e-16
7828.4 6.3408e-16
7832.0 6.4785e-16
7835.6 6.2133e-16
7839.3 5.8746e-16
7842.9 5.5675e-16
7846.6 5.5947e-16
7850.2 6.0147e-16
7853.9 6.2595e-16
7857.5 6.3742e-16
7861.2 6.4564e-16
7864.8 6.0620e-16
7868.5 5.7349e-16
7872.1 5.9229e-16
7875.7 6.0462e-16
7879.4 6.3529e-16
7883.0 6.5381e-16
7886.7 6.1562e-16
7890.3 5.9308e-16
7894.0 5.8999e-16
7897.6 6.4873e-16
7901.3 6.6283e-16
7904.9 6.1930e-16
7908.5 5.8044e-16
7912.2 6.0264e-16
7915.8 6.2693e-16
7919.5 6.5941e-16
7923.1 6.1452e-16
7926.8 5.8026e-16
7930.4 6.3754e-16
7934.1 6.4534e-16
7937.7 5.9708e-16
7941.3 6.0997e-16
7945.0 6.2919e-16
7948.6 5.9425e-16
7952.3 5.8318e-16
7955.9 6.1334e-16
7959.6 5.7291e-16
7963.2 6.1945e-16
7966.9 5.7122e-16
7970.5 5.9424e-16
7974.1 5.4359e-16
7977.8 5.8044e-16
