3300.2 4.2339e-15
3310.6 3.2052e-15
3321.1 3.1289e-15
3331.5 1.7532e-15
3341.9 5.0678e-15
3352.4 4.0774e-15
3362.8 4.8169e-15
3373.2 5.2987e-15
3383.7 5.5903e-15
3394.1 6.0428e-15
3404.6 6.2269e-15
3415.0 6.5345e-15
3425.4 6.0461e-15
3435.9 6.2218e-15
3446.3 6.1914e-15
3456.7 7.4261e-15
3467.2 8.8168e-15
3477.6 6.0591e-15
3488.0 9.5127e-15
3498.5 7.9541e-15
3508.9 8.7756e-15
3519.3 9.5061e-15
3529.8 8.0557e-15
3540.2 1.1102e-14
3550.7 1.0170e-14
3561.1 8.4987e-15
3571.5 9.8042e-15
3582.0 1.0390e-14
3592.4 8.5429e-15
3602.8 1.0443e-14
3613.3 1.2126e-14
3623.7 1.1207e-14
3634.1 1.0060e-14
3644.6 9.7667e-15
3655.0 9.5146e-15
3665.5 9.9194e-15
3675.9 7.4148e-15
3686.3 7.6228e-15
3696.8 6.9900e-15
3707.2 5.6437e-15
3717.6 5.7454e-15
3728.1 4.5226e-15
3738.5 4.6286e-15
3748.9 4.3247e-15
3759.4 2.4666e-15
3769.8 4.1105e-15
3780.3 5.0239e-15
3790.7 4.9044e-15
3801.1 5.6864e-15
3811.6 5.9890e-15
3822.0 6.3693e-15
3832.4 6.2131e-15
3842.9 7.0808e-15
3853.3 6.7853e-15
3863.7 5.9535e-15
3874.2 6.1947e-15
3884.6 6.9680e-15
3895.0 8.4330e-15
3905.5 7.8226e-15
3915.9 9.8891e-15
3926.4 9.4548e-15
3936.8 1.0584e-14
3947.2 1.1128e-14
3957.7 1.0824e-14
3968.1 1.1323e-14
3978.5 1.1356e-14
3989.0 1.0787e-14
3999.4 1.0995e-14
4009.8 1.0307e-14
4020.3 8.8463e-15
4030.7 1.0614e-14
4041.2 1.0127e-14
4051.6 9.6932e-15
4062.0 9.8324e-15
4072.5 9.4109e-15
4082.9 1.0700e-14
4093.3 1.0201e-14
4103.8 1.0254e-14
4114.2 1.0762e-14
4124.6 1.1437e-14
4135.1 1.0726e-14
4145.5 9.5026e-15
4156.0 9.1388e-15
4166.4 9.1964e-15
4176.8 9.0988e-15
4187.3 9.3571e-15
4197.7 9.0589e-15
4208.1 7.5202e-15
4218.6 8.3723e-15
4229.0 7.1691e-15
4239.4 7.5177e-15
4249.9 7.4242e-15
4260.3 7.7033e-15
4270.7 6.2827e-15
4281.2 6.9387e-15
4291.6 7.0050e-15
4302.1 6.3010e-15
4312.5 6.3837e-15
4322.9 6.1180e-15
4333.4 5.7171e-15
4343.8 5.3448e-15
4354.2 5.9808e-15
4364.7 6.4983e-15
4375.1 5.8922e-15
4385.5 7.8001e-15
4396.0 7.6904e-15
4406.4 9.2585e-15
4416.9 9.7564e-15
4427.3 9.2819e-15
4437.7 9.0290e-15
4448.2 7.1300e-15
4458.6 6.7945e-15
4469.0 6.7219e-15
4479.5 5.5074e-15
4489.9 6.5887e-15
4500.3 6.6598e-15
4510.8 6.7761e-15
4521.2 6.8966e-15
4531.7 6.7624e-15
4542.1 7.0023e-15
4552.5 6.0743e-15
4563.0 7.0381e-15
4573.4 5.9247e-15
4583.8 6.9260e-15
4594.3 6.9111e-15
4604.7 7.0568e-15
4615.1 6.3419e-15
4625.6 7.0520e-15
4636.0 6.6005e-15
4646.4 6.2765e-15
4656.9 5.8700e-15
4667.3 5.5829e-15
4677.8 6.0505e-15
4688.2 5.5199e-15
4698.6 5.8927e-15
4709.1 5.2546e-15
4719.5 5.3346e-15
4729.9 5.2948e-15
4740.4 5.4285e-15
4750.8 5.6656e-15
4761.2 5.7665e-15
4771.7 5.6690e-15
4782.1 4.6243e-15
4792.6 5.5526e-15
4803.0 5.9102e-15
4813.4 5.4567e-15
4823.9 5.5123e-15
4834.3 5.2242e-15
4844.7 5.0228e-15
4855.2 5.5385e-15
4865.6 5.0553e-15
4876.0 3.7855e-15
4886.5 4.2911e-15
4896.9 4.2594e-15
4907.4 4.1408e-15
4917.8 4.1154e-15
4928.2 4.1892e-15
4938.7 4.1513e-15
4949.1 4.4295e-15
4959.5 4.6017e-15
4970.0 4.2372e-15
4980.4 4.1847e-15
4990.8 4.6654e-15
5001.3 4.5923e-15
5011.7 4.2356e-15
5022.1 4.1572e-15
5032.6 4.1849e-15
5043.0 3.9799e-15
5053.5 4.3888e-15
5063.9 4.2987e-15
5074.3 4.4051e-15
5084.8 4.8293e-15
5095.2 4.6600e-15
5105.6 4.2184e-15
5116.1 4.6055e-15
5126.5 4.3856e-15
5136.9 5.0832e-15
5147.4 4.7585e-15
5157.8 4.9454e-15
5168.3 4.9308e-15
5178.7 4.9752e-15
5189.1 4.7927e-15
5199.6 4.6480e-15
5210.0 4.8268e-15
5220.4 5.1405e-15
5230.9 5.1430e-15
5241.3 4.9436e-15
5251.7 4.9334e-15
5262.2 5.2310e-15
5272.6 4.3354e-15
5283.1 3.9123e-15
5293.5 4.2259e-15
5303.9 3.7563e-15
5314.4 3.5018e-15
5324.8 3.6745e-15
5335.2 3.7899e-15
5345.7 3.7445e-15
5356.1 3.5111e-15
5366.5 3.8186e-15
5377.0 3.9310e-15
5387.4 3.9888e-15
5397.8 4.0152e-15
5408.3 3.9623e-15
5418.7 3.9416e-15
5429.2 3.7096e-15
5439.6 3.9675e-15
5450.0 3.5050e-15
5460.5 3.6736e-15
5470.9 3.7431e-15
5481.3 3.4477e-15
5491.8 3.3209e-15
5502.2 3.4114e-15
5512.6 3.2955e-15
5523.1 3.6901e-15
5533.5 3.9490e-15
5544.0 4.0508e-15
5554.4 3.7038e-15
5564.8 4.1558e-15
5575.3 4.2469e-15
5585.7 4.0072e-15
5596.1 3.8289e-15
5606.6 3.5401e-15
5617.0 3.8981e-15
5627.4 3.8034e-15
5637.9 3.6807e-15
5648.3 3.8115e-15
5658.8 3.8758e-15
5669.2 3.9414e-15
5679.6 3.7839e-15
5690.1 4.0397e-15
5700.5 4.3041e-15
5710.9 4.0116e-15
5721.4 3.9144e-15
5731.8 4.1265e-15
5742.2 4.2097e-15
5752.7 4.3433e-15
5763.1 4.1271e-15
5773.5 4.1653e-15
5784.0 4.1184e-15
5794.4 4.0308e-15
5804.9 3.9899e-15
5815.3 3.6276e-15
5825.7 3.7560e-15
5836.2 4.0844e-15
5846.6 3.8695e-15
5857.0 3.9839e-15
5867.5 3.7398e-15
5877.9 3.9721e-15
5888.3 3.7131e-15
5898.8 3.7853e-15
5909.2 3.5158e-15
5919.7 3.9573e-15
5930.1 3.7644e-15
5940.5 3.7124e-15
5951.0 3.7502e-15
5961.4 3.8841e-15
5971.8 3.5194e-15
5982.3 3.8939e-15
5992.7 3.9629e-15
6003.1 3.7522e-15
6013.6 3.5346e-15
6024.0 3.8266e-15
6034.5 3.7137e-15
6044.9 3.5958e-15
6055.3 3.6028e-15
6065.8 3.2994e-15
6076.2 3.3484e-15
6086.6 3.4007e-15
6097.1 3.1662e-15
6107.5 2.8713e-15
6117.9 2.6297e-15
6128.4 2.8602e-15
6138.8 2.5883e-15
6149.2 2.5132e-15
6159.7 2.2660e-15
6170.1 2.1345e-15
6180.6 2.1700e-15
6191.0 1.9997e-15
6201.4 2.0158e-15
6211.9 2.0460e-15
6222.3 1.9903e-15
6232.7 2.3765e-15
6243.2 2.5243e-15
6253.6 2.6530e-15
6264.0 2.8579e-15
6274.5 2.8280e-15
6284.9 2.9363e-15
6295.4 2.8964e-15
6305.8 3.1341e-15
6316.2 3.2006e-15
6326.7 3.4009e-15
6337.1 3.3628e-15
6347.5 3.3342e-15
6358.0 3.1962e-15
6368.4 3.5082e-15
6378.8 2.9413e-15
6389.3 3.1682e-15
6399.7 3.1471e-15
6410.2 3.1534e-15
6420.6 3.3880e-15
6431.0 3.2015e-15
6441.5 3.4229e-15
6451.9 3.0838e-15
6462.3 3.4993e-15
6472.8 3.4545e-15
6483.2 3.2870e-15
6493.6 3.2409e-15
6504.1 3.3516e-15
6514.5 3.1524e-15
6524.9 3.1723e-15
6535.4 3.2703e-15
6545.8 3.1632e-15
6556.3 3.2368e-15
6566.7 2.9035e-15
6577.1 3.1644e-15
6587.6 3.2295e-15
6598.0 2.9888e-15
6608.4 3.1233e-15
6618.9 3.1084e-15
6629.3 3.1868e-15
6639.7 3.0880e-15
6650.2 3.1759e-15
6660.6 3.0408e-15
6671.1 3.0193e-15
6681.5 3.1572e-15
6691.9 3.0402e-15
6702.4 3.2526e-15
6712.8 3.0564e-15
6723.2 2.9923e-15
6733.7 2.9308e-15
6744.1 2.9062e-15
6754.5 2.8711e-15
6765.0 2.9270e-15
6775.4 2.9400e-15
6785.9 2.8782e-15
6796.3 2.7375e-15
6806.7 2.6381e-15
6817.2 2.5786e-15
6827.6 2.6041e-15
6838.0 2.6737e-15
6848.5 2.7373e-15
6858.9 2.6714e-15
6869.3 2.5146e-15
6879.8 2.3694e-15
6890.2 2.3472e-15
6900.6 2.5535e-15
6911.1 2.5696e-15
6921.5 2.3885e-15
6932.0 2.4176e-15
6942.4 2.4792e-15
6952.8 2.4167e-15
6963.3 2.2394e-15
6973.7 2.3395e-15
6984.1 2.3657e-15
6994.6 2.3248e-15
7005.0 2.2350e-15
7015.4 2.3472e-15
7025.9 2.2332e-15
7036.3 2.2292e-15
7046.8 2.1923e-15
7057.2 2.1979e-15
7067.6 2.3213e-15
7078.1 2.1533e-15
7088.5 2.2759e-15
7098.9 2.3080e-15
7109.4 2.3960e-15
7119.8 2.3333e-15
7130.2 2.2942e-15
7140.7 2.4322e-15
7151.1 2.1402e-15
7161.6 2.1499e-15
7172.0 2.3108e-15
7182.4 1.9355e-15
7192.9 2.0565e-15
7203.3 2.1708e-15
7213.7 2.0895e-15
7224.2 2.2108e-15
7234.6 1.9630e-15
7245.0 2.1699e-15
7255.5 2.1507e-15
7265.9 2.0633e-15
7276.3 1.8555e-15
7286.8 2.0310e-15
7297.2 1.6792e-15
7307.7 1.8702e-15
7318.1 2.0430e-15
7328.5 2.1806e-15
7339.0 2.0762e-15
7349.4 2.0999e-15
7359.8 2.0242e-15
7370.3 1.9478e-15
7380.7 1.9536e-15
7391.1 1.9481e-15
7401.6 1.9812e-15
7412.0 2.1332e-15
7422.5 2.0929e-15
7432.9 1.7916e-15
7443.3 1.9677e-15
7453.8 2.1532e-15
7464.2 1.8822e-15
7474.6 1.9990e-15
7485.1 2.0160e-15
7495.5 2.0466e-15
7505.9 1.9854e-15
7516.4 2.1799e-15
7526.8 1.9406e-15
7537.3 1.9497e-15
7547.7 1.6003e-15
7558.1 1.7444e-15
7568.6 1.7933e-15
7579.0 1.8355e-15
7589.4 1.9294e-15
7599.9 1.5631e-15
7610.3 1.3608e-15
7620.7 1.6669e-15
7631.2 1.2197e-15
7641.6 1.4191e-15
7652.0 1.6511e-15
7662.5 1.5583e-15
7672.9 1.7576e-15
7683.4 1.6523e-15
7693.8 1.5975e-15
7704.2 1.7807e-15
7714.7 1.6691e-15
7725.1 1.8997e-15
7735.5 1.8117e-15
7746.0 1.5453e-15
7756.4 2.0037e-15
7766.8 1.6156e-15
7777.3 2.0567e-15
7787.7 1.7717e-15
7798.2 2.0208e-15
7808.6 1.6755e-15
7819.0 1.6525e-15
7829.5 1.6568e-15
7839.9 1.9281e-15
7850.3 1.8276e-15
7860.8 1.9508e-15
7871.2 1.7477e-15
7881.6 1.6590e-15
7892.1 1.8631e-15
7902.5 1.4507e-15
7913.0 2.0004e-15
7923.4 1.9943e-15
7933.8 1.7109e-15
7944.3 1.5914e-15
7954.7 1.7880e-15
7965.1 1.6029e-15
7975.6 1.6363e-15
7986.0 1.2571e-15
7996.4 1.4964e-15
8006.9 1.3613e-15
8017.3 1.4226e-15
8027.7 1.3439e-15
8038.2 1.2349e-15
8048.6 1.2789e-15
8059.1 1.0884e-15
8069.5 9.4494e-16
8079.9 1.1956e-15
8090.4 1.3411e-15
8100.8 1.1443e-15
8111.2 1.2457e-15
8121.7 1.0326e-15
8132.1 1.3228e-15
8142.5 1.1165e-15
8153.0 1.2515e-15
8163.4 1.3309e-15
8173.9 1.3979e-15
8184.3 1.2377e-15
8194.7 1.0117e-15
8205.2 1.0564e-15
8215.6 1.3292e-15
8226.0 1.2197e-15
8236.5 1.3245e-15
8246.9 1.3690e-15
8257.3 1.3966e-15
8267.8 1.4137e-15
8278.2 1.3099e-15
8288.7 1.3771e-15
8299.1 1.1394e-15
8309.5 1.3530e-15
8320.0 1.2726e-15
8330.4 1.2678e-15
8340.8 1.2439e-15
8351.3 1.1861e-15
8361.7 1.2765e-15
8372.1 1.3481e-15
8382.6 1.2597e-15
8393.0 1.5269e-15
8403.4 1.5597e-15
8413.9 1.1511e-15
8424.3 1.4534e-15
8434.8 1.1952e-15
8445.2 1.3583e-15
8455.6 1.1657e-15
8466.1 1.3647e-15
8476.5 1.5376e-15
8486.9 1.5489e-15
8497.4 1.2697e-15
8507.8 1.1308e-15
8518.2 1.4118e-15
8528.7 1.3187e-15
8539.1 1.6345e-15
8549.6 1.8263e-15
8560.0 1.5999e-15
8570.4 1.4940e-15
8580.9 1.5620e-15
8591.3 1.5787e-15
8601.7 1.6178e-15
8612.2 1.8137e-15
8622.6 1.6796e-15
8633.0 1.9471e-15
8643.5 1.7157e-15
8653.9 1.8812e-15
8664.4 1.8515e-15
8674.8 1.4929e-15
8685.2 1.6229e-15
8695.7 1.5609e-15
8706.1 1.6750e-15
8716.5 2.0261e-15
8727.0 1.7422e-15
8737.4 1.7686e-15
8747.8 1.3211e-15
8758.3 1.5647e-15
8768.7 1.7354e-15
8779.1 1.6810e-15
8789.6 2.0216e-15
8800.0 1.8267e-15
8810.5 1.7993e-15
8820.9 1.7257e-15
8831.3 1.8312e-15
8841.8 1.9699e-15
8852.2 1.7160e-15
8862.6 1.7129e-15
8873.1 1.8907e-15
8883.5 2.1776e-15
8893.9 1.8083e-15
8904.4 1.6565e-15
8914.8 1.7101e-15
8925.3 1.7017e-15
8935.7 1.6899e-15
8946.1 1.4541e-15
8956.6 1.8742e-15
8967.0 1.6284e-15
8977.4 1.5207e-15
8987.9 1.2061e-15
8998.3 1.3221e-15
9008.7 1.3000e-15
9019.2 1.4188e-15
9029.6 1.3380e-15
9040.1 1.8760e-15
9050.5 1.7198e-15
9060.9 1.7948e-15
9071.4 1.1039e-15
9081.8 1.1964e-15
9092.2 1.7577e-15
9102.7 1.5076e-15
9113.1 1.4007e-15
9123.5 1.4320e-15
9134.0 1.4033e-15
9144.4 1.6894e-15
9154.8 1.2318e-15
9165.3 1.3839e-15
9175.7 1.2448e-15
9186.2 1.4493e-15
9196.6 1.9233e-15
9207.0 1.5082e-15
9217.5 1.8614e-15
9227.9 1.9064e-15
9238.3 1.7552e-15
9248.8 1.5455e-15
9259.2 1.7374e-15
9269.6 2.2016e-15
9280.1 1.6797e-15
9290.5 1.3772e-15
9301.0 1.7257e-15
9311.4 1.4823e-15
9321.8 1.6314e-15
9332.3 2.1780e-15
9342.7 9.3878e-16
9353.1 1.7617e-15
9363.6 1.6135e-15
9374.0 8.8845e-16
9384.4 9.9672e-16
9394.9 1.5865e-15
9405.3 1.2390e-15
9415.8 1.6875e-15
9426.2 1.1095e-15
9436.6 1.9073e-15
9447.1 1.6607e-15
9457.5 1.3552e-15
9467.9 7.9409e-16
9478.4 8.6653e-16
9488.8 9.5716e-16
9499.2 1.2707e-15
9509.7 2.0923e-15
9520.1 1.0890e-15
9530.5 1.3111e-15
9541.0 8.0024e-16
9551.4 1.5823e-15
9561.9 8.9937e-16
9572.3 1.3082e-15
9582.7 1.1614e-15
9593.2 9.2627e-16
9603.6 1.2341e-15
9614.0 1.3856e-15
9624.5 7.3598e-16
9634.9 2.1502e-15
9645.3 8.3078e-16
9655.8 1.1459e-15
9666.2 1.5036e-15
9676.7 1.2143e-15
9687.1 1.5256e-15
9697.5 1.5822e-15
9708.0 1.3701e-15
9718.4 1.7295e-15
9728.8 1.2941e-15
9739.3 1.1909e-15
9749.7 1.4979e-15
9760.1 1.3890e-15
9770.6 1.2471e-15
9781.0 1.2391e-15
9791.5 1.2772e-15
9801.9 7.8942e-16
9812.3 1.9166e-15
9822.8 1.8008e-15
9833.2 6.4192e-16
9843.6 1.2920e-15
9854.1 1.2085e-15
9864.5 1.6188e-15
9874.9 1.3235e-15
9885.4 1.6081e-15
9895.8 1.5606e-15
9906.2 1.3301e-15
9916.7 1.2792e-17
9927.1 1.9075e-15
9937.6 2.5240e-15
9948.0 1.7622e-15
9958.4 1.9292e-15
9968.9 9.8242e-16
9979.3 2.0974e-15
9989.7 2.0457e-15
10000.2 1.4869e-15
