3961.0 3.3269e-15
3963.8 3.6355e-15
3966.6 3.7664e-15
3969.4 4.1745e-15
3972.1 4.0098e-15
3974.9 4.2929e-15
3977.7 3.8474e-15
3980.5 4.2716e-15
3983.3 4.0495e-15
3986.1 4.2225e-15
3988.8 4.1472e-15
3991.6 3.6656e-15
3994.4 4.1308e-15
3997.2 4.2710e-15
4000.0 4.3958e-15
4002.7 4.6675e-15
4005.5 4.4696e-15
4008.3 3.7810e-15
4011.1 4.1591e-15
4013.9 4.2723e-15
4016.7 4.2034e-15
4019.4 4.0733e-15
4022.2 4.0464e-15
4025.0 3.6461e-15
4027.8 3.6762e-15
4030.6 3.9583e-15
4033.3 3.5476e-15
4036.1 3.9917e-15
4038.9 3.7885e-15
4041.7 3.2102e-15
4044.5 3.1674e-15
4047.3 2.8349e-15
4050.0 2.8695e-15
4052.8 2.9408e-15
4055.6 2.9118e-15
4058.4 2.9217e-15
4061.2 2.6348e-15
4064.0 2.8451e-15
4066.7 2.6102e-15
4069.5 2.8861e-15
4072.3 2.5296e-15
4075.1 2.7159e-15
4077.9 3.0060e-15
4080.6 2.9697e-15
4083.4 2.8141e-15
4086.2 2.5795e-15
4089.0 2.5349e-15
4091.8 2.5934e-15
4094.6 2.4823e-15
4097.3 2.5457e-15
4100.1 2.8684e-15
4102.9 2.5655e-15
4105.7 2.4788e-15
4108.5 2.9539e-15
4111.2 2.9036e-15
4114.0 2.6380e-15
4116.8 2.3786e-15
4119.6 2.3696e-15
4122.4 2.5243e-15
4125.2 2.6689e-15
4127.9 2.6401e-15
4130.7 2.5626e-15
4133.5 2.5637e-15
4136.3 2.5356e-15
4139.1 2.3892e-15
4141.8 2.1888e-15
4144.6 2.3548e-15
4147.4 2.2324e-15
4150.2 2.2963e-15
4153.0 2.6544e-15
4155.8 2.5656e-15
4158.5 2.2098e-15
4161.3 2.0208e-15
4164.1 2.1497e-15
4166.9 2.0755e-15
4169.7 2.0511e-15
4172.4 1.8354e-15
4175.2 2.2094e-15
4178.0 2.2280e-15
4180.8 2.0823e-15
4183.6 2.1763e-15
4186.4 2.2961e-15
4189.1 2.2169e-15
4191.9 2.2941e-15
4194.7 2.2880e-15
4197.5 2.1562e-15
4200.3 2.4803e-15
4203.0 2.1728e-15
4205.8 2.2842e-15
4208.6 2.3315e-15
4211.4 2.0340e-15
4214.2 2.4389e-15
4217.0 2.3882e-15
4219.7 2.3927e-15
4222.5 2.4838e-15
4225.3 2.3919e-15
4228.1 2.3508e-15
4230.9 2.5979e-15
4233.6 2.3613e-15
4236.4 2.5071e-15
4239.2 2.6875e-15
4242.0 2.5659e-15
4244.8 2.5381e-15
4247.6 2.4588e-15
4250.3 2.3887e-15
4253.1 2.5893e-15
4255.9 2.5866e-15
4258.7 2.5530e-15
4261.5 2.4173e-15
4264.2 2.3602e-15
4267.0 2.5780e-15
4269.8 2.7431e-15
4272.6 2.5701e-15
4275.4 2.4207e-15
4278.2 2.3469e-15
4280.9 2.2984e-15
4283.7 2.2852e-15
4286.5 2.1174e-15
4289.3 2.5384e-15
4292.1 2.3881e-15
4294.8 2.3678e-15
4297.6 2.2762e-15
4300.4 2.4556e-15
4303.2 2.4490e-15
4306.0 2.3354e-15
4308.8 2.4335e-15
4311.5 2.2647e-15
4314.3 2.3447e-15
4317.1 2.3446e-15
4319.9 2.3616e-15
4322.7 2.4668e-15
4325.5 2.3203e-15
4328.2 2.4550e-15
4331.0 2.5103e-15
4333.8 2.3848e-15
4336.6 2.2239e-15
4339.4 2.4679e-15
4342.1 2.4787e-15
4344.9 2.5456e-15
4347.7 2.4078e-15
4350.5 2.3765e-15
4353.3 2.3799e-15
4356.1 2.4992e-15
4358.8 2.5009e-15
4361.6 2.5096e-15
4364.4 2.6724e-15
4367.2 2.6589e-15
4370.0 2.7108e-15
4372.7 2.6274e-15
4375.5 2.7266e-15
4378.3 2.8769e-15
4381.1 2.7104e-15
4383.9 2.5999e-15
4386.7 2.5372e-15
4389.4 2.3573e-15
4392.2 2.2992e-15
4395.0 2.3317e-15
4397.8 2.4057e-15
4400.6 2.0878e-15
4403.3 1.9345e-15
4406.1 1.9499e-15
4408.9 2.0482e-15
4411.7 2.1072e-15
4414.5 1.9662e-15
4417.3 2.1616e-15
4420.0 1.9069e-15
4422.8 1.6133e-15
4425.6 1.5897e-15
4428.4 1.6801e-15
4431.2 1.8174e-15
4433.9 1.7668e-15
4436.7 1.5673e-15
4439.5 1.5440e-15
4442.3 1.8293e-15
4445.1 1.4522e-15
4447.9 1.5336e-15
4450.6 1.5313e-15
4453.4 1.5324e-15
4456.2 1.7576e-15
4459.0 1.6649e-15
4461.8 1.4060e-15
4464.5 1.2655e-15
4467.3 1.3214e-15
4470.1 1.3803e-15
4472.9 1.3551e-15
4475.7 1.4106e-15
4478.5 1.3908e-15
4481.2 1.6127e-15
4484.0 1.4283e-15
4486.8 1.3909e-15
4489.6 1.3922e-15
4492.4 1.3656e-15
4495.1 1.3315e-15
4497.9 1.3389e-15
4500.7 1.3903e-15
4503.5 1.4891e-15
4506.3 1.5155e-15
4509.1 1.4902e-15
4511.8 1.4149e-15
4514.6 1.5626e-15
4517.4 1.4500e-15
4520.2 1.4196e-15
4523.0 1.7260e-15
4525.7 1.5454e-15
4528.5 1.5150e-15
4531.3 1.6650e-15
4534.1 1.5894e-15
4536.9 1.4186e-15
4539.7 1.7241e-15
4542.4 1.6970e-15
4545.2 1.7500e-15
4548.0 1.6768e-15
4550.8 1.6643e-15
4553.6 1.6645e-15
4556.4 1.5477e-15
4559.1 1.7649e-15
4561.9 1.8835e-15
4564.7 2.0050e-15
4567.5 2.1932e-15
4570.3 2.3678e-15
4573.0 2.2181e-15
4575.8 2.1948e-15
4578.6 2.0548e-15
4581.4 2.2322e-15
4584.2 2.3416e-15
4587.0 2.3732e-15
4589.7 2.4250e-15
4592.5 2.6501e-15
4595.3 2.8691e-15
4598.1 2.8572e-15
4600.9 3.0535e-15
4603.6 3.0564e-15
4606.4 3.3486e-15
4609.2 3.5540e-15
4612.0 3.7799e-15
4614.8 3.7859e-15
4617.6 3.8340e-15
4620.3 3.9847e-15
4623.1 4.0699e-15
4625.9 4.2978e-15
4628.7 4.3062e-15
4631.5 4.5129e-15
4634.2 4.6519e-15
4637.0 4.6246e-15
4639.8 4.6193e-15
4642.6 4.7407e-15
4645.4 4.8263e-15
4648.2 4.7610e-15
4650.9 4.7433e-15
4653.7 4.5276e-15
4656.5 4.6663e-15
4659.3 4.4842e-15
4662.1 4.4894e-15
4664.8 4.4287e-15
4667.6 4.6116e-15
4670.4 4.5269e-15
4673.2 4.4816e-15
4676.0 4.6065e-15
4678.8 4.7411e-15
4681.5 4.8260e-15
4684.3 4.8300e-15
4687.1 4.7165e-15
4689.9 4.4546e-15
4692.7 4.7299e-15
4695.4 4.8768e-15
4698.2 4.9072e-15
4701.0 4.7873e-15
4703.8 4.6407e-15
4706.6 4.4526e-15
4709.4 4.4933e-15
4712.1 4.4895e-15
4714.9 4.0671e-15
4717.7 3.8906e-15
4720.5 3.8402e-15
4723.3 3.5777e-15
4726.0 3.5417e-15
4728.8 3.4581e-15
4731.6 3.1385e-15
4734.4 3.0956e-15
4737.2 3.0104e-15
4740.0 2.9521e-15
4742.7 2.6606e-15
4745.5 2.7092e-15
4748.3 2.7103e-15
4751.1 2.6277e-15
4753.9 2.4095e-15
4756.6 2.4481e-15
4759.4 2.2890e-15
4762.2 2.3002e-15
4765.0 2.2139e-15
4767.8 2.0531e-15
4770.6 1.8852e-15
4773.3 1.8664e-15
4776.1 2.1130e-15
4778.9 1.9507e-15
4781.7 1.9569e-15
4784.5 2.0799e-15
4787.2 1.8162e-15
4790.0 1.7772e-15
4792.8 2.1016e-15
4795.6 2.0107e-15
4798.4 1.7627e-15
4801.2 1.9005e-15
4803.9 1.9254e-15
4806.7 1.8285e-15
4809.5 1.7047e-15
4812.3 1.7285e-15
4815.1 1.7841e-15
4817.9 1.7463e-15
4820.6 1.6495e-15
4823.4 1.6452e-15
4826.2 1.6994e-15
4829.0 1.6231e-15
4831.8 1.7105e-15
4834.5 1.7840e-15
4837.3 1.8223e-15
4840.1 1.9799e-15
4842.9 1.9292e-15
4845.7 1.8850e-15
4848.5 1.9678e-15
4851.2 1.9529e-15
4854.0 2.1526e-15
4856.8 2.3119e-15
4859.6 2.1855e-15
4862.4 2.2575e-15
4865.1 2.4139e-15
4867.9 2.3273e-15
4870.7 2.3949e-15
4873.5 2.3797e-15
4876.3 2.4700e-15
4879.1 2.5460e-15
4881.8 2.4816e-15
4884.6 2.4689e-15
4887.4 2.4392e-15
4890.2 2.3885e-15
4893.0 2.4567e-15
4895.7 2.3907e-15
4898.5 2.2525e-15
4901.3 2.1769e-15
4904.1 2.1179e-15
4906.9 2.1540e-15
4909.7 2.0322e-15
4912.4 2.0118e-15
4915.2 2.1052e-15
4918.0 2.1614e-15
4920.8 2.1679e-15
4923.6 2.1792e-15
4926.3 2.1735e-15
4929.1 2.2480e-15
4931.9 2.2264e-15
4934.7 2.1651e-15
4937.5 2.1652e-15
4940.3 2.3936e-15
4943.0 2.3942e-15
4945.8 2.3947e-15
4948.6 2.6024e-15
4951.4 2.6268e-15
4954.2 2.7057e-15
4956.9 2.8007e-15
4959.7 2.9247e-15
4962.5 3.0710e-15
4965.3 3.1947e-15
4968.1 3.2522e-15
4970.9 3.4125e-15
4973.6 3.4464e-15
4976.4 3.4170e-15
4979.2 3.5669e-15
4982.0 3.6409e-15
4984.8 3.6997e-15
4987.5 3.8033e-15
4990.3 3.7409e-15
4993.1 3.7509e-15
4995.9 3.7906e-15
4998.7 3.7278e-15
5001.5 3.7231e-15
5004.2 3.6892e-15
5007.0 3.6212e-15
5009.8 3.5507e-15
5012.6 3.6194e-15
5015.4 3.6804e-15
5018.1 3.6639e-15
5020.9 3.4971e-15
5023.7 3.3251e-15
5026.5 3.2499e-15
5029.3 3.0185e-15
5032.1 2.9467e-15
5034.8 2.8448e-15
5037.6 2.7690e-15
5040.4 2.7411e-15
5043.2 2.5887e-15
5046.0 2.3988e-15
5048.7 2.3828e-15
5051.5 2.3144e-15
5054.3 2.1362e-15
5057.1 2.1684e-15
5059.9 2.0691e-15
5062.7 2.1340e-15
5065.4 2.0619e-15
5068.2 2.1258e-15
5071.0 1.9562e-15
5073.8 1.9514e-15
5076.6 2.0261e-15
5079.4 2.0421e-15
5082.1 2.0109e-15
5084.9 1.8717e-15
5087.7 1.9263e-15
5090.5 1.8487e-15
5093.3 1.8205e-15
5096.0 1.9065e-15
5098.8 1.9457e-15
5101.6 1.9507e-15
5104.4 1.9290e-15
5107.2 1.8626e-15
5110.0 1.8772e-15
5112.7 1.9008e-15
5115.5 1.8965e-15
5118.3 1.7966e-15
5121.1 1.7965e-15
5123.9 1.8341e-15
5126.6 1.8093e-15
5129.4 1.7978e-15
5132.2 1.7112e-15
5135.0 1.8542e-15
5137.8 1.9086e-15
5140.6 1.8389e-15
5143.3 1.8532e-15
5146.1 1.8601e-15
5148.9 1.8266e-15
5151.7 1.7702e-15
5154.5 1.7783e-15
5157.2 1.7709e-15
5160.0 1.7261e-15
5162.8 1.6822e-15
5165.6 1.7347e-15
5168.4 1.6732e-15
5171.2 1.7126e-15
5173.9 1.6482e-15
5176.7 1.5552e-15
5179.5 1.4826e-15
5182.3 1.5937e-15
5185.1 1.6555e-15
5187.8 1.5737e-15
5190.6 1.5660e-15
5193.4 1.6506e-15
5196.2 1.6758e-15
5199.0 1.7129e-15
5201.8 1.7115e-15
5204.5 1.7161e-15
5207.3 1.6625e-15
5210.1 1.6396e-15
5212.9 1.7941e-15
5215.7 1.7364e-15
5218.4 1.6461e-15
5221.2 1.8434e-15
5224.0 1.8004e-15
5226.8 1.8633e-15
5229.6 1.8936e-15
5232.4 1.8998e-15
5235.1 1.8425e-15
5237.9 1.9467e-15
5240.7 2.0162e-15
5243.5 2.0594e-15
5246.3 2.0582e-15
5249.0 2.1152e-15
5251.8 2.2168e-15
5254.6 2.2806e-15
5257.4 2.2906e-15
5260.2 2.2951e-15
5263.0 2.3045e-15
5265.7 2.3587e-15
5268.5 2.4270e-15
5271.3 2.4101e-15
5274.1 2.5110e-15
5276.9 2.5556e-15
5279.6 2.5363e-15
5282.4 2.6459e-15
5285.2 2.7563e-15
5288.0 2.8604e-15
5290.8 2.8835e-15
5293.6 2.9414e-15
5296.3 3.0455e-15
5299.1 2.9610e-15
5301.9 3.0403e-15
5304.7 3.2360e-15
5307.5 3.1741e-15
5310.2 3.2331e-15
5313.0 3.2172e-15
5315.8 3.2640e-15
5318.6 3.1937e-15
5321.4 3.3049e-15
5324.2 3.2548e-15
5326.9 3.2906e-15
5329.7 3.3337e-15
5332.5 3.2539e-15
5335.3 3.2580e-15
5338.1 3.2638e-15
5340.9 3.3355e-15
5343.6 3.4303e-15
5346.4 3.5449e-15
5349.2 3.5187e-15
5352.0 3.5932e-15
5354.8 3.5988e-15
5357.5 3.6983e-15
5360.3 3.7207e-15
5363.1 3.7414e-15
5365.9 3.7572e-15
5368.7 3.6606e-15
5371.5 3.6530e-15
5374.2 3.8225e-15
5377.0 3.6553e-15
5379.8 3.4878e-15
5382.6 3.6899e-15
5385.4 3.6250e-15
5388.1 3.5401e-15
5390.9 3.5507e-15
5393.7 3.3517e-15
5396.5 3.3739e-15
5399.3 3.3547e-15
5402.1 3.2865e-15
5404.8 3.2903e-15
5407.6 3.4090e-15
5410.4 3.3482e-15
5413.2 3.1948e-15
5416.0 3.1624e-15
5418.7 3.2164e-15
5421.5 3.2296e-15
5424.3 3.2156e-15
5427.1 3.1952e-15
5429.9 3.2136e-15
5432.7 3.1622e-15
5435.4 3.3863e-15
5438.2 3.2270e-15
5441.0 3.2514e-15
5443.8 3.1748e-15
5446.6 3.1667e-15
5449.3 3.2779e-15
5452.1 3.3177e-15
5454.9 3.3252e-15
5457.7 3.3944e-15
5460.5 3.4260e-15
5463.3 3.4424e-15
5466.0 3.4619e-15
5468.8 3.6397e-15
5471.6 3.7316e-15
5474.4 3.6529e-15
5477.2 3.7168e-15
5479.9 3.7838e-15
5482.7 3.8012e-15
5485.5 3.8166e-15
5488.3 3.8029e-15
5491.1 3.8350e-15
5493.9 3.8835e-15
5496.6 3.9104e-15
5499.4 3.9443e-15
5502.2 3.8944e-15
5505.0 3.8958e-15
5507.8 3.8841e-15
5510.5 3.8623e-15
5513.3 3.8518e-15
5516.1 3.7972e-15
5518.9 3.7793e-15
5521.7 3.7826e-15
5524.5 3.7938e-15
5527.2 3.8354e-15
5530.0 3.6106e-15
5532.8 3.7292e-15
5535.6 3.7652e-15
5538.4 3.5816e-15
5541.1 3.6381e-15
5543.9 3.5897e-15
5546.7 3.5444e-15
5549.5 3.5847e-15
5552.3 3.5567e-15
5555.1 3.5388e-15
5557.8 3.5814e-15
5560.6 3.5475e-15
5563.4 3.4392e-15
5566.2 3.5480e-15
5569.0 3.4230e-15
5571.8 3.2749e-15
5574.5 3.2154e-15
5577.3 3.2139e-15
5580.1 3.3022e-15
5582.9 3.0307e-15
5585.7 2.8704e-15
5588.4 2.9678e-15
5591.2 2.9790e-15
5594.0 2.9673e-15
5596.8 2.9385e-15
5599.6 3.0000e-15
5602.4 2.9855e-15
5605.1 2.9209e-15
5607.9 2.8861e-15
5610.7 2.7772e-15
5613.5 2.7247e-15
5616.3 2.6801e-15
5619.0 2.7053e-15
5621.8 2.7427e-15
5624.6 2.7155e-15
5627.4 2.6425e-15
5630.2 2.5169e-15
5633.0 2.3891e-15
5635.7 2.4795e-15
5638.5 2.5790e-15
5641.3 2.5386e-15
5644.1 2.4324e-15
5646.9 2.4569e-15
5649.6 2.4166e-15
5652.4 2.2822e-15
5655.2 2.3361e-15
5658.0 2.2926e-15
5660.8 2.2028e-15
5663.6 2.2017e-15
5666.3 2.2037e-15
5669.1 2.1176e-15
5671.9 2.0109e-15
5674.7 2.0158e-15
5677.5 2.0858e-15
5680.2 2.1241e-15
5683.0 1.9874e-15
5685.8 1.9431e-15
5688.6 1.9162e-15
5691.4 1.9306e-15
5694.2 1.9443e-15
5696.9 1.8396e-15
5699.7 1.7971e-15
5702.5 1.7366e-15
5705.3 1.7786e-15
5708.1 1.7483e-15
5710.8 1.6741e-15
5713.6 1.6693e-15
5716.4 1.7322e-15
5719.2 1.7585e-15
5722.0 1.6301e-15
5724.8 1.5283e-15
5727.5 1.6004e-15
5730.3 1.6549e-15
5733.1 1.6258e-15
5735.9 1.5671e-15
5738.7 1.5359e-15
5741.4 1.5203e-15
5744.2 1.5316e-15
5747.0 1.4625e-15
5749.8 1.4775e-15
5752.6 1.5042e-15
5755.4 1.4808e-15
5758.1 1.4431e-15
5760.9 1.3919e-15
5763.7 1.3903e-15
5766.5 1.3409e-15
5769.3 1.3545e-15
5772.0 1.3220e-15
5774.8 1.2823e-15
5777.6 1.3730e-15
5780.4 1.4036e-15
5783.2 1.3145e-15
5786.0 1.3834e-15
5788.7 1.4527e-15
5791.5 1.3851e-15
5794.3 1.4280e-15
5797.1 1.5018e-15
5799.9 1.4351e-15
5802.6 1.4467e-15
5805.4 1.5689e-15
5808.2 1.6253e-15
5811.0 1.7398e-15
5813.8 1.7620e-15
5816.6 1.7355e-15
5819.3 1.8957e-15
5822.1 1.9220e-15
5824.9 1.9516e-15
5827.7 2.0856e-15
5830.5 2.1202e-15
5833.3 2.1627e-15
5836.0 2.2434e-15
5838.8 2.2490e-15
5841.6 2.2949e-15
5844.4 2.4873e-15
5847.2 2.5027e-15
5849.9 2.4718e-15
5852.7 2.5284e-15
5855.5 2.6447e-15
5858.3 2.7533e-15
5861.1 2.7027e-15
5863.9 2.7203e-15
5866.6 2.8950e-15
5869.4 2.8837e-15
5872.2 2.9176e-15
5875.0 3.0499e-15
5877.8 3.0812e-15
5880.5 3.0618e-15
5883.3 3.0027e-15
5886.1 2.9524e-15
5888.9 3.0276e-15
5891.7 3.1704e-15
5894.5 3.1513e-15
5897.2 3.1522e-15
5900.0 3.1519e-15
5902.8 3.2585e-15
5905.6 3.3525e-15
5908.4 3.3456e-15
5911.1 3.3409e-15
5913.9 3.3827e-15
5916.7 3.4878e-15
5919.5 3.5377e-15
5922.3 3.5535e-15
5925.1 3.4818e-15
5927.8 3.4453e-15
5930.6 3.5169e-15
5933.4 3.4633e-15
5936.2 3.3712e-15
5939.0 3.4119e-15
5941.7 3.3997e-15
5944.5 3.3555e-15
5947.3 3.3201e-15
5950.1 3.3155e-15
5952.9 3.2524e-15
5955.7 3.1769e-15
5958.4 3.1870e-15
5961.2 3.0559e-15
5964.0 3.0924e-15
5966.8 3.1679e-15
5969.6 3.0671e-15
5972.3 2.9883e-15
5975.1 2.9248e-15
5977.9 2.9515e-15
5980.7 2.8420e-15
5983.5 2.8063e-15
5986.3 2.7934e-15
5989.0 2.7004e-15
5991.8 2.6853e-15
5994.6 2.6540e-15
5997.4 2.5213e-15
6000.2 2.3741e-15
6002.9 2.4001e-15
6005.7 2.3963e-15
6008.5 2.3438e-15
6011.3 2.2545e-15
6014.1 2.1875e-15
6016.9 2.1370e-15
6019.6 2.1709e-15
6022.4 2.2083e-15
6025.2 2.1205e-15
6028.0 2.0561e-15
6030.8 1.9984e-15
6033.5 1.9078e-15
6036.3 1.8563e-15
6039.1 1.8811e-15
6041.9 1.8739e-15
6044.7 1.8903e-15
6047.5 1.8762e-15
6050.2 1.8334e-15
6053.0 1.8612e-15
6055.8 1.7724e-15
6058.6 1.8279e-15
6061.4 1.8143e-15
6064.1 1.8455e-15
6066.9 1.9406e-15
6069.7 1.9482e-15
6072.5 1.9506e-15
6075.3 1.9773e-15
6078.1 1.9209e-15
6080.8 1.9824e-15
6083.6 1.9594e-15
6086.4 1.9594e-15
6089.2 1.9483e-15
6092.0 1.9207e-15
6094.8 2.0175e-15
6097.5 2.0377e-15
6100.3 1.9843e-15
6103.1 2.0029e-15
6105.9 1.9983e-15
6108.7 2.0110e-15
6111.4 1.9424e-15
6114.2 1.9385e-15
6117.0 1.9316e-15
6119.8 1.9340e-15
6122.6 1.9506e-15
6125.4 1.8955e-15
6128.1 1.8732e-15
6130.9 1.8384e-15
6133.7 1.8537e-15
6136.5 1.8990e-15
6139.3 1.9213e-15
6142.0 1.8824e-15
6144.8 1.8405e-15
6147.6 1.8205e-15
6150.4 1.7777e-15
6153.2 1.8382e-15
6156.0 1.8706e-15
6158.7 1.8739e-15
6161.5 1.9372e-15
6164.3 1.8949e-15
6167.1 1.8406e-15
6169.9 1.8819e-15
6172.6 1.9117e-15
6175.4 1.8737e-15
6178.2 1.7732e-15
6181.0 1.8353e-15
6183.8 1.8013e-15
6186.6 1.7527e-15
6189.3 1.7565e-15
6192.1 1.7373e-15
6194.9 1.6867e-15
6197.7 1.5960e-15
6200.5 1.5615e-15
6203.2 1.5031e-15
6206.0 1.4136e-15
6208.8 1.3979e-15
6211.6 1.3801e-15
6214.4 1.4277e-15
6217.2 1.4064e-15
6219.9 1.3057e-15
6222.7 1.3134e-15
6225.5 1.2962e-15
6228.3 1.3175e-15
6231.1 1.4036e-15
6233.8 1.3822e-15
6236.6 1.3256e-15
6239.4 1.3200e-15
6242.2 1.2685e-15
6245.0 1.2185e-15
6247.8 1.2556e-15
6250.5 1.2583e-15
6253.3 1.2891e-15
6256.1 1.3219e-15
6258.9 1.3327e-15
6261.7 1.3041e-15
6264.4 1.3865e-15
6267.2 1.4633e-15
6270.0 1.5103e-15
6272.8 1.4857e-15
6275.6 1.5029e-15
6278.4 1.6093e-15
6281.1 1.6613e-15
6283.9 1.6314e-15
6286.7 1.6737e-15
6289.5 1.7820e-15
6292.3 1.7307e-15
6295.0 1.7119e-15
6297.8 1.7782e-15
6300.6 1.7921e-15
6303.4 1.7505e-15
6306.2 1.6190e-15
6309.0 1.6188e-15
6311.7 1.6101e-15
6314.5 1.6679e-15
6317.3 1.7481e-15
6320.1 1.7419e-15
6322.9 1.6770e-15
6325.7 1.6949e-15
6328.4 1.6871e-15
6331.2 1.6976e-15
6334.0 1.6481e-15
6336.8 1.6601e-15
6339.6 1.6966e-15
6342.3 1.7466e-15
6345.1 1.8232e-15
6347.9 1.8115e-15
6350.7 1.8470e-15
6353.5 1.8318e-15
6356.3 1.8397e-15
6359.0 1.8309e-15
6361.8 1.9532e-15
6364.6 1.9686e-15
6367.4 1.9960e-15
6370.2 2.0153e-15
6372.9 1.9334e-15
6375.7 2.0042e-15
6378.5 2.1334e-15
6381.3 2.1624e-15
6384.1 2.1357e-15
6386.9 2.0894e-15
6389.6 2.0821e-15
6392.4 2.1758e-15
6395.2 2.2119e-15
6398.0 2.1228e-15
6400.8 2.2306e-15
6403.5 2.3335e-15
6406.3 2.2661e-15
6409.1 2.2739e-15
6411.9 2.2797e-15
6414.7 2.3734e-15
6417.5 2.3647e-15
6420.2 2.3794e-15
6423.0 2.3290e-15
6425.8 2.4307e-15
6428.6 2.4031e-15
6431.4 2.4887e-15
6434.1 2.4825e-15
6436.9 2.4976e-15
6439.7 2.5699e-15
6442.5 2.5661e-15
6445.3 2.7154e-15
6448.1 2.6219e-15
6450.8 2.6496e-15
6453.6 2.6620e-15
6456.4 2.6971e-15
6459.2 2.7622e-15
6462.0 2.7599e-15
6464.7 2.8035e-15
6467.5 2.7027e-15
6470.3 2.6953e-15
6473.1 2.7013e-15
6475.9 2.6553e-15
6478.7 2.7009e-15
6481.4 2.6626e-15
6484.2 2.6962e-15
6487.0 2.6120e-15
6489.8 2.6029e-15
6492.6 2.6979e-15
6495.3 2.7291e-15
6498.1 2.6736e-15
6500.9 2.6405e-15
6503.7 2.7350e-15
6506.5 2.7337e-15
6509.3 2.6549e-15
6512.0 2.6541e-15
6514.8 2.6386e-15
6517.6 2.6095e-15
6520.4 2.6337e-15
6523.2 2.7046e-15
6525.9 2.7026e-15
6528.7 2.6832e-15
6531.5 2.7346e-15
6534.3 2.7288e-15
6537.1 2.6704e-15
6539.9 2.6230e-15
6542.6 2.6626e-15
6545.4 2.6462e-15
6548.2 2.6971e-15
6551.0 2.7005e-15
6553.8 2.7045e-15
6556.5 2.7427e-15
6559.3 2.6700e-15
6562.1 2.7265e-15
6564.9 2.6988e-15
6567.7 2.7746e-15
6570.5 2.7146e-15
6573.2 2.6685e-15
6576.0 2.6376e-15
6578.8 2.6158e-15
6581.6 2.6811e-15
6584.4 2.6388e-15
6587.2 2.6007e-15
6589.9 2.5638e-15
6592.7 2.5137e-15
6595.5 2.5526e-15
6598.3 2.5712e-15
6601.1 2.6145e-15
6603.8 2.5363e-15
6606.6 2.4621e-15
6609.4 2.4972e-15
6612.2 2.4360e-15
6615.0 2.3776e-15
6617.8 2.4379e-15
6620.5 2.4412e-15
6623.3 2.3993e-15
6626.1 2.4315e-15
6628.9 2.4374e-15
6631.7 2.4379e-15
6634.4 2.3597e-15
6637.2 2.2828e-15
6640.0 2.2726e-15
6642.8 2.2235e-15
6645.6 2.2006e-15
6648.4 2.1624e-15
6651.1 2.2062e-15
6653.9 2.1655e-15
6656.7 2.1091e-15
6659.5 2.0726e-15
6662.3 2.0481e-15
6665.0 2.1132e-15
6667.8 1.9985e-15
6670.6 1.9486e-15
6673.4 1.9445e-15
6676.2 1.9218e-15
6679.0 1.8697e-15
6681.7 1.8682e-15
6684.5 1.8138e-15
6687.3 1.7820e-15
6690.1 1.7108e-15
6692.9 1.6831e-15
6695.6 1.6486e-15
6698.4 1.6750e-15
6701.2 1.6527e-15
6704.0 1.6180e-15
6706.8 1.6231e-15
6709.6 1.6539e-15
6712.3 1.6670e-15
6715.1 1.6116e-15
6717.9 1.5454e-15
6720.7 1.4731e-15
6723.5 1.4555e-15
6726.2 1.4472e-15
6729.0 1.4642e-15
6731.8 1.4953e-15
6734.6 1.3998e-15
6737.4 1.4033e-15
6740.2 1.4031e-15
6742.9 1.3628e-15
6745.7 1.3413e-15
6748.5 1.3023e-15
6751.3 1.3362e-15
6754.1 1.3459e-15
6756.8 1.3605e-15
6759.6 1.3385e-15
6762.4 1.2969e-15
6765.2 1.2989e-15
6768.0 1.2528e-15
6770.8 1.2438e-15
6773.5 1.2547e-15
6776.3 1.2847e-15
6779.1 1.2415e-15
6781.9 1.2056e-15
6784.7 1.2635e-15
6787.4 1.3129e-15
6790.2 1.2834e-15
6793.0 1.2144e-15
6795.8 1.1847e-15
6798.6 1.1812e-15
6801.4 1.1200e-15
6804.1 1.1346e-15
6806.9 1.1596e-15
6809.7 1.1037e-15
6812.5 1.1616e-15
6815.3 1.1411e-15
6818.1 1.0901e-15
6820.8 1.1132e-15
6823.6 1.1090e-15
6826.4 1.1279e-15
6829.2 1.1343e-15
6832.0 1.0220e-15
6834.7 1.0235e-15
6837.5 1.0884e-15
6840.3 9.8507e-16
6843.1 9.8248e-16
6845.9 1.0443e-15
6848.7 1.0444e-15
6851.4 1.0649e-15
6854.2 1.0569e-15
6857.0 1.0238e-15
6859.8 1.0072e-15
6862.6 9.7051e-16
6865.3 9.8359e-16
6868.1 1.0034e-15
6870.9 9.8424e-16
6873.7 9.1844e-16
6876.5 9.3068e-16
6879.3 1.0283e-15
6882.0 1.0395e-15
6884.8 9.7564e-16
6887.6 9.8866e-16
6890.4 1.0212e-15
6893.2 9.5522e-16
6895.9 9.1940e-16
6898.7 9.0596e-16
6901.5 8.8941e-16
6904.3 9.5040e-16
6907.1 1.0079e-15
6909.9 1.0043e-15
6912.6 9.9997e-16
6915.4 1.0181e-15
6918.2 9.2611e-16
6921.0 9.3024e-16
6923.8 9.6744e-16
6926.5 9.5436e-16
6929.3 9.4039e-16
6932.1 9.3039e-16
6934.9 9.4088e-16
6937.7 9.8281e-16
6940.5 1.0188e-15
6943.2 9.1475e-16
6946.0 9.0621e-16
6948.8 9.6238e-16
6951.6 9.5390e-16
6954.4 9.9709e-16
6957.1 1.0601e-15
6959.9 1.0236e-15
6962.7 9.6137e-16
6965.5 9.8602e-16
6968.3 1.0110e-15
6971.1 9.9543e-16
6973.8 1.0300e-15
6976.6 1.0217e-15
6979.4 1.0131e-15
6982.2 9.7323e-16
6985.0 9.6500e-16
6987.7 1.0445e-15
6990.5 1.0553e-15
6993.3 1.0888e-15
6996.1 1.0439e-15
6998.9 1.0511e-15
7001.7 1.0265e-15
7004.4 9.9300e-16
7007.2 9.8726e-16
7010.0 1.0095e-15
7012.8 1.0289e-15
7015.6 1.0238e-15
7018.3 1.0090e-15
7021.1 1.0138e-15
7023.9 1.0339e-15
7026.7 1.0490e-15
7029.5 1.0522e-15
7032.3 1.0480e-15
7035.0 1.0434e-15
7037.8 1.0392e-15
7040.6 1.0312e-15
7043.4 1.0126e-15
7046.2 9.8289e-16
7048.9 9.6664e-16
7051.7 9.7362e-16
7054.5 9.7146e-16
7057.3 9.5306e-16
7060.1 9.5020e-16
7062.9 9.7316e-16
7065.6 9.9155e-16
7068.4 9.8770e-16
7071.2 9.7297e-16
7074.0 9.5763e-16
7076.8 9.4265e-16
7079.6 9.3095e-16
7082.3 9.3084e-16
7085.1 9.4712e-16
7087.9 9.6798e-16
7090.7 9.7635e-16
7093.5 9.7548e-16
7096.2 9.7570e-16
7099.0 9.7990e-16
7101.8 9.8251e-16
7104.6 9.6882e-16
7107.4 9.4092e-16
7110.2 9.2672e-16
7112.9 9.3985e-16
7115.7 9.5932e-16
7118.5 9.6753e-16
7121.3 9.6901e-16
7124.1 9.6187e-16
7126.8 9.4996e-16
7129.6 9.4748e-16
7132.4 9.5235e-16
7135.2 9.5884e-16
7138.0 9.5634e-16
7140.8 9.5205e-16
7143.5 9.6821e-16
7146.3 1.0043e-15
7149.1 1.0314e-15
7151.9 1.0239e-15
7154.7 9.9810e-16
7157.4 9.8377e-16
7160.2 9.8484e-16
7163.0 9.8902e-16
7165.8 9.9094e-16
7168.6 1.0034e-15
7171.4 1.0270e-15
7174.1 1.0392e-15
7176.9 1.0320e-15
7179.7 1.0200e-15
7182.5 1.0127e-15
7185.3 1.0100e-15
7188.0 1.0143e-15
7190.8 1.0244e-15
7193.6 1.0340e-15
7196.4 1.0496e-15
7199.2 1.0759e-15
7202.0 1.0894e-15
7204.7 1.0773e-15
7207.5 1.0617e-15
7210.3 1.0642e-15
7213.1 1.0778e-15
7215.9 1.0910e-15
7218.6 1.1070e-15
7221.4 1.1127e-15
7224.2 1.1021e-15
7227.0 1.1013e-15
7229.8 1.1201e-15
7232.6 1.1279e-15
7235.3 1.1145e-15
7238.1 1.1117e-15
7240.9 1.1380e-15
7243.7 1.1723e-15
7246.5 1.1859e-15
7249.2 1.1759e-15
7252.0 1.1542e-15
7254.8 1.1226e-15
7257.6 1.0940e-15
7260.4 1.0968e-15
7263.2 1.1340e-15
7265.9 1.1729e-15
7268.7 1.1919e-15
7271.5 1.2058e-15
7274.3 1.2163e-15
7277.1 1.2089e-15
7279.8 1.1798e-15
7282.6 1.1456e-15
7285.4 1.1284e-15
7288.2 1.1327e-15
7291.0 1.1473e-15
7293.8 1.1505e-15
7296.5 1.1375e-15
7299.3 1.1228e-15
7302.1 1.1122e-15
7304.9 1.1117e-15
7307.7 1.1166e-15
7310.4 1.1106e-15
7313.2 1.0952e-15
7316.0 1.0826e-15
7318.8 1.0798e-15
7321.6 1.0761e-15
7324.4 1.0640e-15
7327.1 1.0558e-15
7329.9 1.0499e-15
7332.7 1.0396e-15
7335.5 1.0305e-15
7338.3 1.0254e-15
7341.1 1.0291e-15
7343.8 1.0501e-15
7346.6 1.0750e-15
7349.4 1.0863e-15
7352.2 1.0998e-15
7355.0 1.1238e-15
7357.7 1.1396e-15
7360.5 1.1401e-15
7363.3 1.1418e-15
7366.1 1.1526e-15
7368.9 1.1581e-15
7371.7 1.1497e-15
7374.4 1.1281e-15
7377.2 1.1020e-15
7380.0 1.1021e-15
7382.8 1.1465e-15
7385.6 1.1948e-15
7388.3 1.2014e-15
7391.1 1.1791e-15
7393.9 1.1616e-15
7396.7 1.1579e-15
7399.5 1.1701e-15
7402.3 1.2268e-15
7405.0 1.3367e-15
7407.8 1.4069e-15
7410.6 1.3594e-15
7413.4 1.2711e-15
7416.2 1.2247e-15
7418.9 1.2119e-15
7421.7 1.2040e-15
7424.5 1.1949e-15
7427.3 1.1894e-15
7430.1 1.1929e-15
7432.9 1.2070e-15
7435.6 1.2207e-15
7438.4 1.2227e-15
7441.2 1.2130e-15
7444.0 1.1970e-15
7446.8 1.1831e-15
7449.5 1.1777e-15
7452.3 1.1830e-15
7455.1 1.1950e-15
7457.9 1.2073e-15
7460.7 1.2159e-15
7463.5 1.2138e-15
7466.2 1.1930e-15
7469.0 1.1650e-15
7471.8 1.1464e-15
7474.6 1.1333e-15
7477.4 1.1245e-15
7480.1 1.1277e-15
7482.9 1.1364e-15
7485.7 1.1332e-15
7488.5 1.1164e-15
7491.3 1.0939e-15
7494.1 1.0821e-15
7496.8 1.0974e-15
7499.6 1.1256e-15
7502.4 1.1334e-15
7505.2 1.1202e-15
7508.0 1.1073e-15
7510.7 1.0975e-15
7513.5 1.0952e-15
7516.3 1.0933e-15
7519.1 1.0717e-15
7521.9 1.0494e-15
7524.7 1.0497e-15
7527.4 1.0535e-15
7530.2 1.0376e-15
7533.0 1.0163e-15
7535.8 1.0022e-15
7538.6 9.9815e-16
7541.3 1.0065e-15
7544.1 1.0057e-15
7546.9 9.8854e-16
7549.7 9.7825e-16
7552.5 9.8168e-16
7555.3 9.8339e-16
7558.0 9.8563e-16
7560.8 9.9581e-16
7563.6 1.0058e-15
7566.4 1.0050e-15
7569.2 9.8194e-16
7572.0 9.4105e-16
7574.7 9.1319e-16
7577.5 9.1860e-16
7580.3 9.3111e-16
7583.1 9.1538e-16
7585.9 8.8906e-16
7588.6 8.8326e-16
7591.4 8.9839e-16
7594.2 9.2306e-16
7597.0 9.3509e-16
7599.8 9.1915e-16
7602.6 8.9647e-16
7605.3 8.9345e-16
7608.1 9.1609e-16
7610.9 9.5345e-16
7613.7 9.6902e-16
7616.5 9.7078e-16
7619.2 9.8632e-16
7622.0 9.8582e-16
7624.8 9.5303e-16
7627.6 9.2580e-16
7630.4 9.1843e-16
7633.2 9.1175e-16
7635.9 9.0679e-16
7638.7 9.1666e-16
7641.5 9.3550e-16
7644.3 9.5078e-16
7647.1 9.6563e-16
7649.8 9.7969e-16
7652.6 9.9256e-16
7655.4 1.0035e-15
7658.2 1.0097e-15
7661.0 1.0034e-15
7663.8 9.8837e-16
7666.5 9.9005e-16
7669.3 1.0070e-15
7672.1 1.0137e-15
7674.9 1.0141e-15
7677.7 1.0210e-15
7680.4 1.0302e-15
7683.2 1.0439e-15
7686.0 1.0541e-15
7688.8 1.0501e-15
7691.6 1.0440e-15
7694.4 1.0376e-15
7697.1 1.0278e-15
7699.9 1.0131e-15
7702.7 9.9947e-16
7705.5 1.0128e-15
7708.3 1.0407e-15
7711.0 1.0495e-15
7713.8 1.0489e-15
7716.6 1.0673e-15
7719.4 1.0965e-15
7722.2 1.0933e-15
7725.0 1.0469e-15
7727.7 1.0053e-15
7730.5 1.0009e-15
7733.3 1.0122e-15
7736.1 1.0136e-15
7738.9 1.0124e-15
7741.6 1.0161e-15
7744.4 1.0151e-15
7747.2 1.0089e-15
7750.0 1.0037e-15
7752.8 9.9819e-16
7755.6 9.8682e-16
7758.3 9.7559e-16
7761.1 9.7946e-16
7763.9 9.9331e-16
7766.7 1.0005e-15
7769.5 9.9241e-16
7772.2 9.7245e-16
7775.0 9.6612e-16
7777.8 9.7322e-16
7780.6 9.7565e-16
7783.4 9.7543e-16
7786.2 9.7514e-16
7788.9 9.8448e-16
7791.7 9.9156e-16
7794.5 9.7262e-16
7797.3 9.4368e-16
7800.1 9.2816e-16
7802.8 9.2650e-16
7805.6 9.2703e-16
7808.4 9.2241e-16
7811.2 9.2060e-16
7814.0 9.3340e-16
7816.8 9.5595e-16
7819.5 9.5969e-16
7822.3 9.2959e-16
7825.1 8.8337e-16
7827.9 8.4855e-16
7830.7 8.4402e-16
7833.5 8.6299e-16
7836.2 8.8976e-16
7839.0 9.0739e-16
7841.8 8.9924e-16
7844.6 8.8598e-16
7847.4 8.8938e-16
7850.1 9.0187e-16
7852.9 9.0449e-16
7855.7 8.8487e-16
7858.5 8.5985e-16
7861.3 8.5097e-16
7864.1 8.5348e-16
7866.8 8.6347e-16
7869.6 8.7957e-16
7872.4 8.8620e-16
7875.2 8.6733e-16
7878.0 8.2654e-16
7880.7 7.9164e-16
7883.5 7.7726e-16
7886.3 7.8282e-16
7889.1 7.9504e-16
7891.9 7.9951e-16
7894.7 7.9765e-16
7897.4 8.0300e-16
7900.2 8.1426e-16
7903.0 8.2003e-16
7905.8 8.1852e-16
7908.6 8.0797e-16
7911.3 7.8663e-16
7914.1 7.6005e-16
7916.9 7.4533e-16
7919.7 7.4186e-16
7922.5 7.3384e-16
7925.3 7.2796e-16
7928.0 7.3479e-16
7930.8 7.5849e-16
7933.6 7.8577e-16
7936.4 7.8647e-16
7939.2 7.6597e-16
7941.9 7.5351e-16
7944.7 7.4742e-16
7947.5 7.3223e-16
7950.3 7.1224e-16
7953.1 6.9257e-16
7955.9 6.9053e-16
7958.6 7.3006e-16
7961.4 7.6550e-16
7964.2 7.4890e-16
7967.0 7.1843e-16
7969.8 7.1288e-16
7972.5 7.1433e-16
7975.3 7.0660e-16
7978.1 7.0890e-16
7980.9 7.2639e-16
7983.7 7.2481e-16
7986.5 6.9879e-16
7989.2 6.7898e-16
7992.0 6.7650e-16
7994.8 6.8493e-16
7997.6 6.8111e-16
8000.4 6.7212e-16
8003.1 6.9330e-16
8005.9 7.1978e-16
8008.7 7.2247e-16
8011.5 7.2306e-16
8014.3 7.2481e-16
8017.1 7.1365e-16
8019.8 6.9760e-16
8022.6 6.9143e-16
8025.4 6.9491e-16
8028.2 6.9796e-16
8031.0 6.8846e-16
8033.7 6.6969e-16
8036.5 6.5260e-16
8039.3 6.3525e-16
8042.1 6.1948e-16
8044.9 6.1841e-16
8047.7 6.3876e-16
8050.4 6.6941e-16
8053.2 6.9711e-16
8056.0 7.0849e-16
8058.8 6.9777e-16
8061.6 6.7469e-16
8064.3 6.4758e-16
8067.1 6.2446e-16
8069.9 6.0769e-16
8072.7 5.9522e-16
8075.5 6.0432e-16
8078.3 6.3347e-16
8081.0 6.5054e-16
8083.8 6.5115e-16
8086.6 6.4427e-16
8089.4 6.3671e-16
8092.2 6.3655e-16
8095.0 6.3378e-16
8097.7 6.2779e-16
8100.5 6.3653e-16
8103.3 6.5647e-16
8106.1 6.6583e-16
8108.9 6.6401e-16
8111.6 6.5849e-16
8114.4 6.5285e-16
8117.2 6.5030e-16
8120.0 6.4728e-16
8122.8 6.4285e-16
8125.6 6.3959e-16
8128.3 6.4567e-16
8131.1 6.5373e-16
8133.9 6.4810e-16
8136.7 6.4126e-16
8139.5 6.4659e-16
8142.2 6.5210e-16
8145.0 6.4786e-16
8147.8 6.3562e-16
8150.6 6.1376e-16
8153.4 5.8249e-16
8156.2 5.6266e-16
8158.9 5.7211e-16
8161.7 5.9008e-16
8164.5 5.9924e-16
8167.3 6.1075e-16
8170.1 6.2678e-16
8172.8 6.3831e-16
8175.6 6.2819e-16
8178.4 6.0182e-16
8181.2 5.8672e-16
8184.0 5.7300e-16
8186.8 5.5369e-16
8189.5 5.4400e-16
8192.3 5.4305e-16
8195.1 5.4745e-16
8197.9 5.5903e-16
8200.7 5.6557e-16
8203.4 5.6000e-16
8206.2 5.5771e-16
8209.0 5.6118e-16
8211.8 5.5416e-16
8214.6 5.3890e-16
8217.4 5.3079e-16
8220.1 5.3291e-16
8222.9 5.4513e-16
8225.7 5.6154e-16
8228.5 5.5825e-16
8231.3 5.3482e-16
8234.0 5.1479e-16
8236.8 5.0496e-16
8239.6 4.9445e-16
8242.4 4.7738e-16
8245.2 4.5814e-16
8248.0 4.3344e-16
8250.7 4.0782e-16
8253.5 3.9957e-16
8256.3 4.0091e-16
8259.1 3.9385e-16
8261.9 3.8907e-16
8264.6 3.9393e-16
8267.4 3.8949e-16
8270.2 3.6821e-16
8273.0 3.5206e-16
8275.8 3.4869e-16
8278.6 3.3318e-16
8281.3 3.0111e-16
8284.1 2.8101e-16
8286.9 2.8652e-16
8289.7 3.0454e-16
8292.5 3.1392e-16
8295.2 3.0247e-16
8298.0 2.7261e-16
8300.8 2.3742e-16
8303.6 2.2070e-16
8306.4 2.3118e-16
8309.2 2.4893e-16
8311.9 2.5102e-16
8314.7 2.3588e-16
8317.5 2.2327e-16
8320.3 2.3395e-16
8323.1 2.6206e-16
8325.9 2.7870e-16
8328.6 2.7612e-16
8331.4 2.6615e-16
8334.2 2.5668e-16
8337.0 2.6351e-16
8339.8 2.7686e-16
8342.5 2.6764e-16
8345.3 2.4521e-16
8348.1 2.4256e-16
8350.9 2.6221e-16
8353.7 2.7223e-16
8356.5 2.6928e-16
8359.2 2.7834e-16
8362.0 3.0020e-16
8364.8 3.1363e-16
8367.6 3.1544e-16
8370.4 3.2953e-16
8373.1 3.6541e-16
8375.9 3.9647e-16
8378.7 3.9263e-16
8381.5 3.6000e-16
8384.3 3.3866e-16
8387.1 3.4598e-16
8389.8 3.4771e-16
8392.6 3.2240e-16
8395.4 2.9962e-16
8398.2 3.0305e-16
8401.0 3.2781e-16
8403.7 3.5269e-16
8406.5 3.4692e-16
8409.3 3.2472e-16
8412.1 3.2567e-16
8414.9 3.3535e-16
8417.7 3.3161e-16
8420.4 3.2201e-16
8423.2 3.1612e-16
8426.0 3.1469e-16
8428.8 3.1369e-16
8431.6 3.1563e-16
8434.3 3.1944e-16
8437.1 3.2538e-16
8439.9 3.4868e-16
8442.7 3.7992e-16
8445.5 3.8999e-16
8448.3 3.7718e-16
8451.0 3.6005e-16
8453.8 3.5755e-16
8456.6 3.6271e-16
8459.4 3.6061e-16
8462.2 3.6459e-16
8464.9 3.9044e-16
8467.7 4.2636e-16
8470.5 4.4411e-16
8473.3 4.3537e-16
8476.1 4.2045e-16
8478.9 4.2827e-16
8481.6 4.4943e-16
8484.4 4.5707e-16
8487.2 4.6104e-16
8490.0 4.6591e-16
8492.8 4.6086e-16
8495.5 4.5891e-16
8498.3 4.7047e-16
8501.1 4.8551e-16
8503.9 4.9517e-16
8506.7 5.0491e-16
8509.5 5.2433e-16
8512.2 5.4931e-16
8515.0 5.7185e-16
8517.8 5.9177e-16
8520.6 6.1130e-16
8523.4 6.3001e-16
8526.1 6.4135e-16
8528.9 6.4351e-16
8531.7 6.4947e-16
8534.5 6.6871e-16
8537.3 6.9644e-16
8540.1 7.3095e-16
8542.8 7.7262e-16
8545.6 8.0312e-16
8548.4 8.1277e-16
8551.2 8.1088e-16
8554.0 8.0676e-16
8556.7 8.1723e-16
8559.5 8.4225e-16
8562.3 8.6856e-16
8565.1 9.0175e-16
8567.9 9.3765e-16
8570.7 9.6146e-16
8573.4 9.6818e-16
8576.2 9.6558e-16
8579.0 9.7052e-16
8581.8 9.8057e-16
8584.6 9.8243e-16
8587.4 9.8515e-16
8590.1 9.9341e-16
8592.9 1.0020e-15
8595.7 1.0160e-15
8598.5 1.0416e-15
8601.3 1.0689e-15
8604.0 1.0555e-15
8606.8 9.1607e-16
8609.6 7.2942e-16
8615.2 7.5942e-16
8618.0 9.4917e-16
8620.7 1.0678e-15
8623.5 1.1113e-15
8626.3 1.1550e-15
8629.1 1.1947e-15
8631.9 1.2027e-15
8634.6 1.1793e-15
8637.4 1.1505e-15
8640.2 1.1246e-15
8643.0 1.1113e-15
8645.8 1.1316e-15
8648.6 1.1526e-15
8651.3 1.1525e-15
8654.1 1.1467e-15
8656.9 1.1434e-15
8659.7 1.1566e-15
8662.5 1.1853e-15
8665.2 1.1982e-15
8668.0 1.1946e-15
8670.8 1.2012e-15
8673.6 1.2136e-15
8676.4 1.2084e-15
8679.2 1.1897e-15
8681.9 1.1862e-15
8684.7 1.1967e-15
8687.5 1.2053e-15
8690.3 1.2212e-15
8693.1 1.2438e-15
8695.8 1.2721e-15
8698.6 1.2970e-15
8701.4 1.3054e-15
8704.2 1.3137e-15
8707.0 1.3190e-15
8709.8 1.3099e-15
8712.5 1.2968e-15
8715.3 1.2945e-15
8718.1 1.3184e-15
8720.9 1.3606e-15
8723.7 1.3772e-15
8726.4 1.3530e-15
8729.2 1.3330e-15
8732.0 1.3393e-15
8734.8 1.3519e-15
8737.6 1.3704e-15
8740.4 1.3837e-15
8743.1 1.3790e-15
8745.9 1.3791e-15
8748.7 1.3927e-15
8751.5 1.4043e-15
8754.3 1.3992e-15
8757.0 1.3781e-15
8759.8 1.3763e-15
8762.6 1.4000e-15
8765.4 1.4038e-15
8768.2 1.3730e-15
8771.0 1.3576e-15
8773.7 1.3681e-15
8776.5 1.3662e-15
8779.3 1.3584e-15
8782.1 1.3593e-15
8784.9 1.3572e-15
8787.6 1.3656e-15
8790.4 1.3955e-15
8793.2 1.4213e-15
8796.0 1.4294e-15
8798.8 1.4223e-15
8801.6 1.4059e-15
8804.3 1.3957e-15
8807.1 1.3842e-15
8809.9 1.3745e-15
8812.7 1.3966e-15
8815.5 1.4359e-15
