3959.9 1.7636e-14
3962.7 2.0496e-14
3965.5 2.3789e-14
3968.2 1.9784e-14
3971.0 2.1213e-14
3973.8 2.3445e-14
3976.6 1.9969e-14
3979.4 2.1786e-14
3982.2 2.0088e-14
3984.9 2.0743e-14
3987.7 2.0729e-14
3990.5 1.9135e-14
3993.3 2.0728e-14
3996.1 2.2309e-14
3998.9 1.9749e-14
4001.6 1.9914e-14
4004.4 2.0345e-14
4007.2 2.0853e-14
4010.0 2.0808e-14
4012.8 1.8213e-14
4015.6 1.8990e-14
4018.3 1.9078e-14
4021.1 1.8535e-14
4023.9 1.8471e-14
4026.7 1.9574e-14
4029.5 1.7625e-14
4032.3 1.6652e-14
4035.0 1.7264e-14
4037.8 1.6432e-14
4040.6 1.3938e-14
4043.4 1.7524e-14
4046.2 1.4567e-14
4049.0 1.4135e-14
4051.7 1.5766e-14
4054.5 1.5327e-14
4057.3 1.5052e-14
4060.1 1.6414e-14
4062.9 1.5506e-14
4065.7 1.6667e-14
4068.4 1.5518e-14
4071.2 1.6926e-14
4074.0 1.6545e-14
4076.8 1.7021e-14
4079.6 1.5583e-14
4082.4 1.7156e-14
4085.1 1.6820e-14
4087.9 1.5364e-14
4090.7 1.6991e-14
4093.5 1.7020e-14
4096.3 1.6965e-14
4099.1 1.7382e-14
4101.8 1.7375e-14
4104.6 1.9087e-14
4107.4 1.9513e-14
4110.2 1.9244e-14
4113.0 1.8074e-14
4115.8 1.7942e-14
4118.5 1.9937e-14
4121.3 1.8582e-14
4124.1 1.8747e-14
4126.9 1.8283e-14
4129.7 1.9083e-14
4132.5 1.9877e-14
4135.2 1.9759e-14
4138.0 1.7334e-14
4140.8 1.8732e-14
4143.6 1.9957e-14
4146.4 1.8657e-14
4149.2 1.7600e-14
4151.9 1.7625e-14
4154.7 1.7868e-14
4157.5 1.6998e-14
4160.3 1.7808e-14
4163.1 1.7449e-14
4165.9 1.5654e-14
4168.6 1.6779e-14
4171.4 1.7291e-14
4174.2 1.7215e-14
4177.0 1.8626e-14
4179.8 1.8045e-14
4182.6 1.6462e-14
4185.3 1.5513e-14
4188.1 1.6136e-14
4190.9 1.4997e-14
4193.7 1.6119e-14
4196.5 1.6485e-14
4199.2 1.6361e-14
4202.0 1.5479e-14
4204.8 1.5473e-14
4207.6 1.6388e-14
4210.4 1.6231e-14
4213.2 1.5201e-14
4215.9 1.6126e-14
4218.7 1.5840e-14
4221.5 1.5926e-14
4224.3 1.7590e-14
4227.1 1.7328e-14
4229.9 1.6411e-14
4232.6 1.6083e-14
4235.4 1.7863e-14
4238.2 1.7562e-14
4241.0 1.6542e-14
4243.8 1.6514e-14
4246.6 1.6173e-14
4249.3 1.6856e-14
4252.1 1.6873e-14
4254.9 1.5912e-14
4257.7 1.5839e-14
4260.5 1.4411e-14
4263.3 1.4810e-14
4266.0 1.4974e-14
4268.8 1.5224e-14
4271.6 1.5285e-14
4274.4 1.2677e-14
4277.2 1.3630e-14
4280.0 1.4694e-14
4282.7 1.4938e-14
4285.5 1.5612e-14
4288.3 1.3021e-14
4291.1 1.1831e-14
4293.9 1.2840e-14
4296.7 1.2720e-14
4299.4 1.2663e-14
4302.2 1.2660e-14
4305.0 1.2436e-14
4307.8 1.1871e-14
4310.6 1.0733e-14
4313.4 1.1057e-14
4316.1 1.0887e-14
4318.9 1.1015e-14
4321.7 1.1197e-14
4324.5 1.0753e-14
4327.3 1.0778e-14
4330.1 1.1298e-14
4332.8 1.2319e-14
4335.6 1.0722e-14
4338.4 1.0546e-14
4341.2 9.4118e-15
4344.0 9.4517e-15
4346.8 9.4510e-15
4349.5 1.0304e-14
4352.3 9.5539e-15
4355.1 9.3629e-15
4357.9 9.5660e-15
4360.7 8.2412e-15
4363.5 8.3368e-15
4366.2 9.4760e-15
4369.0 1.0092e-14
4371.8 8.4634e-15
4374.6 8.3296e-15
4377.4 9.1088e-15
4380.2 9.1435e-15
4382.9 8.7272e-15
4385.7 8.7331e-15
4388.5 9.7235e-15
4391.3 1.0006e-14
4394.1 8.3798e-15
4396.9 8.2219e-15
4399.6 9.2714e-15
4402.4 9.9728e-15
4405.2 1.0217e-14
4408.0 1.0256e-14
4410.8 1.0033e-14
4413.6 9.5848e-15
4416.3 8.5927e-15
4419.1 8.9334e-15
4421.9 9.8372e-15
4424.7 9.7391e-15
4427.5 1.0149e-14
4430.3 9.9404e-15
4433.0 1.0041e-14
4435.8 1.0890e-14
4438.6 9.4852e-15
4441.4 1.0155e-14
4444.2 9.5856e-15
4447.0 9.4023e-15
4449.7 1.0460e-14
4452.5 1.0094e-14
4455.3 1.0739e-14
4458.1 1.0464e-14
4460.9 1.1438e-14
4463.7 1.1514e-14
4466.4 1.1626e-14
4469.2 1.0274e-14
4472.0 1.0862e-14
4474.8 1.1016e-14
4477.6 9.6429e-15
4480.4 1.1237e-14
4483.1 1.0726e-14
4485.9 1.0871e-14
4488.7 1.1260e-14
4491.5 1.0371e-14
4494.3 1.0085e-14
4497.1 1.1990e-14
4499.8 1.2357e-14
4502.6 1.1650e-14
4505.4 1.1959e-14
4508.2 1.2563e-14
4511.0 1.1776e-14
4513.8 1.2508e-14
4516.5 1.1553e-14
4519.3 1.2425e-14
4522.1 1.2593e-14
4524.9 1.2003e-14
4527.7 1.1373e-14
4530.5 1.1670e-14
4533.2 1.3108e-14
4536.0 1.2920e-14
4538.8 1.2002e-14
4541.6 1.1166e-14
4544.4 1.2559e-14
4547.2 1.2631e-14
4549.9 1.3592e-14
4552.7 1.3168e-14
4555.5 1.2614e-14
4558.3 1.3212e-14
4561.1 1.3472e-14
4563.9 1.3012e-14
4566.6 1.3242e-14
4569.4 1.4846e-14
4572.2 1.3842e-14
4575.0 1.3487e-14
4577.8 1.3205e-14
4580.6 1.2966e-14
4583.3 1.3285e-14
4586.1 1.2991e-14
4588.9 1.2460e-14
4591.7 1.3618e-14
4594.5 1.3617e-14
4597.3 1.2985e-14
4600.0 1.3834e-14
4602.8 1.3037e-14
4605.6 1.2422e-14
4608.4 1.3066e-14
4611.2 1.2785e-14
4614.0 1.2194e-14
4616.7 1.3037e-14
4619.5 1.2116e-14
4622.3 1.1846e-14
4625.1 1.2412e-14
4627.9 1.2300e-14
4630.7 1.2225e-14
4633.4 1.2243e-14
4636.2 1.2215e-14
4639.0 1.1520e-14
4641.8 1.1957e-14
4644.6 1.1023e-14
4647.4 1.2071e-14
4650.1 1.2717e-14
4652.9 1.3115e-14
4655.7 1.2289e-14
4658.5 1.1625e-14
4661.3 1.2582e-14
4664.1 1.2617e-14
4666.8 1.2760e-14
4669.6 1.2764e-14
4672.4 1.2825e-14
4675.2 1.2558e-14
4678.0 1.2242e-14
4680.8 1.2212e-14
4683.5 1.1798e-14
4686.3 1.2760e-14
4689.1 1.2413e-14
4691.9 1.1824e-14
4694.7 1.1493e-14
4697.5 1.2277e-14
4700.2 1.1677e-14
4703.0 1.0976e-14
4705.8 1.1191e-14
4708.6 1.0892e-14
4711.4 1.0706e-14
4714.2 1.1395e-14
4716.9 1.0699e-14
4719.7 1.0399e-14
4722.5 1.0297e-14
4725.3 1.0489e-14
4728.1 1.0341e-14
4730.9 9.4751e-15
4733.6 9.7596e-15
4736.4 9.1658e-15
4739.2 9.9151e-15
4742.0 9.5177e-15
4744.8 9.0902e-15
4747.6 8.8748e-15
4750.3 9.0849e-15
4753.1 8.7915e-15
4755.9 8.5038e-15
4758.7 8.5951e-15
4761.5 1.0162e-14
4764.3 9.6133e-15
4767.0 9.4616e-15
4769.8 8.7995e-15
4772.6 8.5355e-15
4775.4 9.6661e-15
4778.2 9.5181e-15
4781.0 7.8862e-15
4783.7 8.5059e-15
4786.5 8.4691e-15
4789.3 8.6710e-15
4792.1 8.4363e-15
4794.9 8.5691e-15
4797.7 8.4146e-15
4800.4 8.2937e-15
4803.2 7.8019e-15
4806.0 8.1177e-15
4808.8 8.9416e-15
4811.6 8.3165e-15
4814.4 8.2034e-15
4817.1 8.3462e-15
4819.9 7.4939e-15
4822.7 7.9152e-15
4825.5 7.6049e-15
4828.3 7.5842e-15
4831.0 7.8607e-15
4833.8 7.1678e-15
4836.6 7.4269e-15
4839.4 7.4364e-15
4842.2 6.7476e-15
4845.0 7.4669e-15
4847.7 7.2654e-15
4850.5 6.8807e-15
4853.3 6.8280e-15
4856.1 7.3238e-15
4858.9 7.4117e-15
4861.7 8.0487e-15
4864.4 8.6741e-15
4867.2 7.7142e-15
4870.0 7.6157e-15
4872.8 8.0059e-15
4875.6 8.0999e-15
4878.4 8.0099e-15
4881.1 7.9372e-15
4883.9 8.0267e-15
4886.7 7.3325e-15
4889.5 6.8402e-15
4892.3 7.9740e-15
4895.1 7.7068e-15
4897.8 7.2875e-15
4900.6 7.4465e-15
4903.4 7.7528e-15
4906.2 7.3001e-15
4909.0 6.9123e-15
4911.8 7.0240e-15
4914.5 7.1373e-15
4917.3 6.2543e-15
4920.1 6.3605e-15
4922.9 6.7651e-15
4925.7 6.7675e-15
4928.5 6.4653e-15
4931.2 6.4681e-15
4934.0 5.6161e-15
4936.8 6.0221e-15
4939.6 5.8740e-15
4942.4 5.9025e-15
4945.2 6.1613e-15
4947.9 6.2032e-15
4950.7 5.9772e-15
4953.5 6.0373e-15
4956.3 6.3073e-15
4959.1 6.9979e-15
4961.9 6.8852e-15
4964.6 6.5381e-15
4967.4 6.6890e-15
4970.2 7.0916e-15
4973.0 7.7481e-15
4975.8 7.4851e-15
4978.6 7.0109e-15
4981.3 6.7480e-15
4984.1 7.3232e-15
4986.9 7.0348e-15
4989.7 6.2267e-15
4992.5 7.3473e-15
4995.3 6.8426e-15
4998.0 7.4137e-15
5000.8 7.0965e-15
5003.6 6.7549e-15
5006.4 6.8981e-15
5009.2 7.5341e-15
5012.0 7.3102e-15
5014.7 6.6943e-15
5017.5 6.5480e-15
5020.3 6.7448e-15
5023.1 6.8378e-15
5025.9 7.2126e-15
5028.7 7.4273e-15
5031.4 6.6143e-15
5034.2 6.5249e-15
5037.0 6.5370e-15
5039.8 6.1016e-15
5042.6 6.6907e-15
5045.4 7.1597e-15
5048.1 6.7447e-15
5050.9 6.6090e-15
5053.7 7.2456e-15
5056.5 6.0643e-15
5059.3 6.1008e-15
5062.1 5.9512e-15
5064.8 6.4103e-15
5067.6 6.0074e-15
5070.4 6.7095e-15
5073.2 6.6182e-15
5076.0 6.4575e-15
5078.8 6.5498e-15
5081.5 6.3469e-15
5084.3 6.4384e-15
5087.1 6.3923e-15
5089.9 7.3091e-15
5092.7 6.8221e-15
5095.5 7.1040e-15
5098.2 7.1692e-15
5101.0 7.1795e-15
5103.8 7.1637e-15
5106.6 7.0536e-15
5109.4 7.4261e-15
5112.2 7.0167e-15
5114.9 6.7847e-15
5117.7 7.4341e-15
5120.5 6.8443e-15
5123.3 7.3894e-15
5126.1 7.7859e-15
5128.9 7.0571e-15
5131.6 7.3802e-15
5134.4 6.9806e-15
5137.2 7.2777e-15
5140.0 7.5990e-15
5142.8 7.6807e-15
5145.6 7.7422e-15
5148.3 8.1295e-15
5151.1 8.3683e-15
5153.9 7.8768e-15
5156.7 8.2215e-15
5159.5 8.4297e-15
5162.3 7.8565e-15
5165.0 8.5414e-15
5167.8 8.3352e-15
5170.6 8.6102e-15
5173.4 8.8912e-15
5176.2 8.4818e-15
5179.0 8.6417e-15
5181.7 9.9397e-15
5184.5 9.6814e-15
5187.3 9.5442e-15
5190.1 9.7745e-15
5192.9 9.4210e-15
5195.7 9.6590e-15
5198.4 8.4633e-15
5201.2 8.4421e-15
5204.0 9.1302e-15
5206.8 9.2360e-15
5209.6 8.9548e-15
5212.4 9.0927e-15
5215.1 8.8608e-15
5217.9 8.2561e-15
5220.7 8.4966e-15
5223.5 8.1538e-15
5226.3 8.6804e-15
5229.1 8.9899e-15
5231.8 8.6092e-15
5234.6 8.7690e-15
5237.4 8.4952e-15
5240.2 8.1576e-15
5243.0 8.4119e-15
5245.8 7.8295e-15
5248.5 7.9026e-15
5251.3 7.8710e-15
5254.1 8.2198e-15
5256.9 8.0680e-15
5259.7 8.0316e-15
5262.5 8.2085e-15
5265.2 8.4565e-15
5268.0 8.8793e-15
5270.8 9.2077e-15
5273.6 8.1478e-15
5276.4 8.1381e-15
5279.2 8.4887e-15
5281.9 8.5206e-15
5284.7 7.9375e-15
5287.5 8.3164e-15
5290.3 8.0380e-15
5293.1 7.9610e-15
5295.9 8.2637e-15
5298.6 7.9032e-15
5301.4 7.8448e-15
5304.2 7.9043e-15
5307.0 7.2370e-15
5309.8 7.3323e-15
5312.6 6.8781e-15
5315.3 7.1190e-15
5318.1 7.0516e-15
5320.9 6.5038e-15
5323.7 6.6058e-15
5326.5 6.4783e-15
5329.3 6.1909e-15
5332.0 5.9750e-15
5334.8 5.7109e-15
5337.6 5.3579e-15
5340.4 5.7644e-15
5343.2 6.0691e-15
5346.0 6.1865e-15
5348.7 5.2265e-15
5351.5 4.8405e-15
5354.3 4.8791e-15
5357.1 4.8155e-15
5359.9 5.1673e-15
5362.7 5.1510e-15
5365.4 4.7828e-15
5368.2 5.1515e-15
5371.0 4.7910e-15
5373.8 5.2557e-15
5376.6 5.1854e-15
5379.4 4.6026e-15
5382.1 5.0156e-15
5384.9 5.3197e-15
5387.7 5.0443e-15
5390.5 4.9981e-15
5393.3 5.4609e-15
5396.1 5.7872e-15
5398.8 5.2911e-15
5401.6 5.3372e-15
5404.4 5.7037e-15
5407.2 5.6356e-15
5410.0 5.1527e-15
5412.8 5.7019e-15
5415.5 5.9486e-15
5418.3 5.8159e-15
5421.1 6.0042e-15
5423.9 5.7704e-15
5426.7 5.1461e-15
5429.5 5.2679e-15
5432.2 5.5771e-15
5435.0 6.1860e-15
5437.8 6.4456e-15
5440.6 5.9597e-15
5443.4 6.3692e-15
5446.2 6.2553e-15
5448.9 5.9653e-15
5451.7 6.6590e-15
5454.5 6.4508e-15
5457.3 5.8523e-15
5460.1 5.9710e-15
5462.9 6.5336e-15
5465.6 5.6762e-15
5468.4 6.2171e-15
5471.2 6.1497e-15
5474.0 5.5224e-15
5476.8 5.1801e-15
5479.5 5.8395e-15
5482.3 5.6540e-15
5485.1 5.7320e-15
5487.9 5.4075e-15
5490.7 5.1563e-15
5493.5 5.1156e-15
5496.2 5.3183e-15
5499.0 5.7732e-15
5501.8 5.0602e-15
5504.6 5.3000e-15
5507.4 5.4082e-15
5510.2 5.0969e-15
5512.9 5.4881e-15
5515.7 5.0836e-15
5518.5 4.9105e-15
5521.3 4.5688e-15
5524.1 4.3418e-15
5526.9 4.4313e-15
5529.6 4.3051e-15
5532.4 4.3890e-15
5535.2 4.0435e-15
5538.0 4.0587e-15
5540.8 4.2072e-15
5543.6 4.2667e-15
5546.3 4.3730e-15
5549.1 4.7211e-15
5551.9 4.5082e-15
5554.7 4.1610e-15
5557.5 4.3085e-15
5560.3 4.6015e-15
5563.0 4.4176e-15
5565.8 4.5856e-15
5568.6 4.7442e-15
5571.4 5.8144e-15
5574.2 5.5590e-15
5577.0 4.9851e-15
5579.7 5.4537e-15
5582.5 5.6249e-15
5585.3 5.3898e-15
5588.1 5.5458e-15
5590.9 5.1772e-15
5593.7 5.7294e-15
5596.4 5.3230e-15
5599.2 5.2734e-15
5602.0 5.9554e-15
5604.8 6.3130e-15
5607.6 6.0384e-15
5610.4 5.8531e-15
5613.1 6.1166e-15
5615.9 5.6766e-15
5618.7 5.5860e-15
5621.5 6.3474e-15
5624.3 5.9360e-15
5627.1 5.8607e-15
5629.8 5.8732e-15
5632.6 6.4086e-15
5635.4 6.6716e-15
5638.2 6.6303e-15
5641.0 6.8987e-15
5643.8 6.8880e-15
5646.5 6.3393e-15
5649.3 6.0362e-15
5652.1 5.7899e-15
5654.9 6.3208e-15
5657.7 6.5573e-15
5660.5 6.0660e-15
5663.2 5.9102e-15
5666.0 6.2977e-15
5668.8 6.4096e-15
5671.6 6.3322e-15
5674.4 6.3636e-15
5677.2 6.6623e-15
5679.9 6.3128e-15
5682.7 6.7085e-15
5685.5 7.0593e-15
5688.3 6.1865e-15
5691.1 6.2803e-15
5693.9 5.3242e-15
5696.6 5.9646e-15
5699.4 6.2824e-15
5702.2 6.3878e-15
5705.0 5.7168e-15
5707.8 5.2440e-15
5710.6 5.3823e-15
5713.3 5.7538e-15
5716.1 5.6862e-15
5718.9 5.8538e-15
5721.7 5.5155e-15
5724.5 5.4905e-15
5727.3 5.2000e-15
5730.0 5.1748e-15
5732.8 5.6279e-15
5735.6 5.6640e-15
5738.4 5.3515e-15
5741.2 5.2100e-15
5744.0 5.2180e-15
5746.7 5.4449e-15
5749.5 5.1016e-15
5752.3 4.5188e-15
5755.1 5.1174e-15
5757.9 5.0154e-15
5760.7 4.8942e-15
5763.4 5.3204e-15
5766.2 5.1470e-15
5769.0 5.0643e-15
5771.8 5.5822e-15
5774.6 5.1072e-15
5777.4 5.0973e-15
5780.1 4.9577e-15
5782.9 4.7123e-15
5785.7 4.9446e-15
5788.5 4.7637e-15
5791.3 4.9446e-15
5794.1 4.9037e-15
5796.8 4.9838e-15
5799.6 4.6468e-15
5802.4 4.2851e-15
5805.2 5.5686e-15
5808.0 5.9896e-15
5810.8 5.2729e-15
5813.5 5.0932e-15
5816.3 5.6347e-15
5819.1 4.9818e-15
5821.9 4.6352e-15
5824.7 4.7858e-15
5827.5 4.6108e-15
5830.2 4.8306e-15
5833.0 5.1916e-15
5835.8 4.7550e-15
5838.6 4.0382e-15
5841.4 3.8282e-15
5844.2 5.3519e-15
5846.9 4.7672e-15
5849.7 4.5749e-15
5852.5 4.9701e-15
5855.3 5.5409e-15
5858.1 4.8377e-15
5860.9 5.4783e-15
5863.6 5.6415e-15
5866.4 4.8991e-15
5869.2 4.6783e-15
5872.0 4.8780e-15
5874.8 4.5809e-15
5877.6 5.2042e-15
5880.3 4.7409e-15
5883.1 4.9471e-15
5885.9 5.0749e-15
5888.7 4.9708e-15
5891.5 5.1102e-15
5894.3 4.8173e-15
5897.0 4.5701e-15
5899.8 4.9293e-15
5902.6 5.3623e-15
5905.4 5.3780e-15
5908.2 5.3752e-15
5911.0 5.4437e-15
5913.7 5.5201e-15
5916.5 5.3612e-15
5919.3 5.5196e-15
5922.1 5.3143e-15
5924.9 5.4652e-15
5927.7 5.8457e-15
5930.4 5.2555e-15
5933.2 4.9064e-15
5936.0 5.7567e-15
5938.8 5.8495e-15
5941.6 5.2699e-15
5944.4 5.1978e-15
5947.1 4.6460e-15
5949.9 5.2899e-15
5952.7 5.3170e-15
5955.5 5.1568e-15
5958.3 5.2879e-15
5961.1 5.1010e-15
5963.8 4.8295e-15
5966.6 5.2613e-15
5969.4 5.1202e-15
5972.2 4.9830e-15
5975.0 4.8912e-15
5977.8 5.2565e-15
5980.5 5.3007e-15
5983.3 4.8527e-15
5986.1 4.7732e-15
5988.9 4.7063e-15
5991.7 5.0084e-15
5994.5 5.3111e-15
5997.2 4.9101e-15
6000.0 4.8740e-15
6002.8 4.3890e-15
6005.6 5.0228e-15
6008.4 5.3012e-15
6011.2 5.2885e-15
6013.9 4.6165e-15
6016.7 4.9207e-15
6019.5 4.5814e-15
6022.3 4.7601e-15
6025.1 4.8242e-15
6027.9 5.1171e-15
6030.6 5.1520e-15
6033.4 5.1347e-15
6036.2 4.6374e-15
6039.0 4.3233e-15
6041.8 4.3986e-15
6044.6 4.8584e-15
6047.3 4.4440e-15
6050.1 3.8698e-15
6052.9 4.2928e-15
6055.7 4.8904e-15
6058.5 4.6636e-15
6061.3 4.3254e-15
6064.0 4.6844e-15
6066.8 4.6610e-15
6069.6 4.3587e-15
6072.4 4.2223e-15
6075.2 4.3758e-15
6078.0 4.4757e-15
6080.7 4.6656e-15
6083.5 4.0458e-15
6086.3 4.4402e-15
6089.1 4.4634e-15
6091.9 4.1373e-15
6094.6 3.9584e-15
6097.4 4.5024e-15
6100.2 4.2464e-15
6103.0 4.4092e-15
6105.8 4.5876e-15
6108.6 4.2477e-15
6111.3 4.2819e-15
6114.1 4.0152e-15
6116.9 3.9163e-15
6119.7 4.0942e-15
6122.5 3.9508e-15
6125.3 3.6558e-15
6128.0 3.9123e-15
6130.8 3.5492e-15
6133.6 3.5796e-15
6136.4 3.6851e-15
6139.2 3.5877e-15
6142.0 3.5579e-15
6144.7 3.1071e-15
6147.5 2.9387e-15
6150.3 3.0280e-15
6153.1 2.9499e-15
6155.9 2.4936e-15
6158.7 2.1302e-15
6161.4 2.1770e-15
6164.2 2.4343e-15
6167.0 2.4019e-15
6169.8 2.1320e-15
6172.6 2.1651e-15
6175.4 2.3579e-15
6178.1 2.3361e-15
6180.9 1.9883e-15
6183.7 1.7617e-15
6186.5 1.8489e-15
6189.3 1.7289e-15
6192.1 1.3725e-15
6194.8 1.4012e-15
6197.6 1.5161e-15
6200.4 1.7824e-15
6203.2 1.8674e-15
6206.0 1.8340e-15
6208.8 1.5986e-15
6211.5 1.3621e-15
6214.3 1.6489e-15
6217.1 1.8543e-15
6219.9 1.5787e-15
6222.7 1.2769e-15
6225.5 1.3914e-15
6228.2 1.2243e-15
6231.0 1.0752e-15
6233.8 1.4935e-15
6236.6 1.7296e-15
6239.4 1.6609e-15
6242.2 1.4049e-15
6244.9 1.7960e-15
6247.7 1.7210e-15
6250.5 1.9664e-15
6253.3 1.8945e-15
6256.1 1.6144e-15
6258.9 2.0216e-15
6261.6 2.0058e-15
6264.4 2.1733e-15
6267.2 1.9529e-15
6270.0 2.1076e-15
6272.8 2.6619e-15
6275.6 2.5715e-15
6278.3 2.5655e-15
6281.1 2.6861e-15
6283.9 2.4809e-15
6286.7 2.5591e-15
6289.5 2.6767e-15
6292.3 3.2394e-15
6295.0 3.3995e-15
6297.8 3.1796e-15
6300.6 3.2159e-15
6303.4 2.9766e-15
6306.2 3.0448e-15
6309.0 2.7671e-15
6311.7 3.4433e-15
6314.5 3.8669e-15
6317.3 3.8136e-15
6320.1 3.6113e-15
6322.9 3.4926e-15
6325.7 3.8666e-15
6328.4 3.3398e-15
6331.2 2.9535e-15
6334.0 3.7474e-15
6336.8 3.8128e-15
6339.6 3.4812e-15
6342.4 3.6058e-15
6345.1 3.4649e-15
6347.9 3.4571e-15
6350.7 3.7653e-15
6353.5 4.0841e-15
6356.3 4.1598e-15
6359.1 3.7362e-15
6361.8 3.6119e-15
6364.6 3.4766e-15
6367.4 3.3821e-15
6370.2 3.7171e-15
6373.0 3.8576e-15
6375.8 3.7874e-15
6378.5 3.5255e-15
6381.3 3.4990e-15
6384.1 3.6457e-15
6386.9 3.7819e-15
6389.7 3.4582e-15
6392.5 3.7201e-15
6395.2 3.9389e-15
6398.0 3.9818e-15
6400.8 3.4945e-15
6403.6 3.3273e-15
6406.4 3.7879e-15
6409.2 3.3486e-15
6411.9 3.4296e-15
6414.7 3.6095e-15
6417.5 3.5036e-15
6420.3 3.4110e-15
6423.1 3.6125e-15
6425.9 3.3659e-15
6428.6 3.3151e-15
6431.4 3.5651e-15
6434.2 3.4889e-15
6437.0 3.4617e-15
6439.8 3.3004e-15
6442.6 3.3571e-15
6445.3 3.3971e-15
6448.1 3.2697e-15
6450.9 3.2938e-15
6453.7 3.3603e-15
6456.5 3.3477e-15
6459.3 3.3604e-15
6462.0 3.1495e-15
6464.8 2.9069e-15
6467.6 2.9409e-15
6470.4 3.1001e-15
6473.2 3.2392e-15
6476.0 3.0740e-15
6478.7 3.0639e-15
6481.5 3.0483e-15
6484.3 3.2312e-15
6487.1 3.0101e-15
6489.9 3.1528e-15
6492.7 3.3706e-15
6495.4 3.1138e-15
6498.2 3.2309e-15
6501.0 3.1989e-15
6503.8 2.8484e-15
6506.6 3.0529e-15
6509.4 3.2221e-15
6512.1 3.1148e-15
6514.9 3.1017e-15
6517.7 2.9581e-15
6520.5 3.1534e-15
6523.3 3.3462e-15
6526.1 3.3359e-15
6528.8 3.2535e-15
6531.6 3.2553e-15
6534.4 3.2050e-15
6537.2 3.0591e-15
6540.0 3.0768e-15
6542.8 2.9392e-15
6545.5 2.8503e-15
6548.3 3.0739e-15
6551.1 3.0714e-15
6553.9 3.2669e-15
6556.7 3.2669e-15
6559.5 2.9592e-15
6562.2 3.1120e-15
6565.0 3.2871e-15
6567.8 3.0969e-15
6570.6 3.0965e-15
6573.4 3.3410e-15
6576.2 3.1285e-15
6578.9 3.1782e-15
6581.7 3.0801e-15
6584.5 3.2898e-15
6587.3 3.1080e-15
6590.1 3.0717e-15
6592.9 3.0373e-15
6595.6 3.1171e-15
6598.4 2.7170e-15
6601.2 2.7340e-15
6604.0 2.7860e-15
6606.8 2.6865e-15
6609.6 2.6877e-15
6612.3 2.9926e-15
6615.1 3.0609e-15
6617.9 2.9167e-15
6620.7 2.8487e-15
6623.5 2.9161e-15
6626.3 3.1263e-15
6629.0 3.0059e-15
6631.8 2.9609e-15
6634.6 3.0681e-15
6637.4 2.9574e-15
6640.2 2.9490e-15
6643.0 2.7651e-15
6645.7 2.6056e-15
6648.5 2.6742e-15
6651.3 2.6232e-15
6654.1 2.5874e-15
6656.9 2.7061e-15
6659.7 2.7975e-15
6662.4 2.6541e-15
6665.2 2.4027e-15
6668.0 2.4671e-15
6670.8 2.5664e-15
6673.6 2.3843e-15
6676.4 2.3657e-15
6679.1 2.5445e-15
6681.9 2.5458e-15
6684.7 2.7045e-15
6687.5 2.6608e-15
6690.3 2.4835e-15
6693.1 2.6156e-15
6695.8 2.6133e-15
6698.6 2.4872e-15
6701.4 2.3783e-15
6704.2 2.0497e-15
6707.0 2.2437e-15
6709.8 2.3553e-15
6712.5 2.2770e-15
6715.3 2.3407e-15
6718.1 2.2094e-15
6720.9 2.1150e-15
6723.7 2.2566e-15
6726.5 2.2622e-15
6729.2 2.2130e-15
6732.0 2.3071e-15
6734.8 2.2161e-15
6737.6 2.0879e-15
6740.4 2.1322e-15
6743.1 2.2578e-15
6745.9 2.2514e-15
6748.7 2.0928e-15
6751.5 2.2655e-15
6754.3 2.2589e-15
6757.1 2.2381e-15
6759.8 2.0240e-15
6762.6 1.9716e-15
6765.4 2.0225e-15
6768.2 1.8725e-15
6771.0 1.9142e-15
6773.8 1.9630e-15
6776.5 2.0172e-15
6779.3 2.2390e-15
6782.1 2.1470e-15
6784.9 1.7491e-15
6787.7 2.1478e-15
6790.5 2.3632e-15
6793.2 2.2211e-15
6796.0 2.1835e-15
6798.8 2.0899e-15
6801.6 2.0752e-15
6804.4 1.9289e-15
6807.2 1.9633e-15
6809.9 2.1677e-15
6812.7 2.1480e-15
6815.5 2.0413e-15
6818.3 2.0713e-15
6821.1 2.0135e-15
6823.9 2.0087e-15
6826.6 2.1375e-15
6829.4 2.1509e-15
6832.2 2.2517e-15
6835.0 2.1239e-15
6837.8 1.8329e-15
6840.6 2.1277e-15
6843.3 2.1174e-15
6846.1 1.8241e-15
6848.9 1.9449e-15
6851.7 1.8538e-15
6854.5 1.9187e-15
6857.3 1.7517e-15
6860.0 1.8343e-15
6862.8 1.8326e-15
6865.6 1.7896e-15
6868.4 1.4532e-15
6871.2 1.8162e-15
6874.0 1.8813e-15
6876.7 1.6343e-15
6879.5 1.8802e-15
6882.3 2.0144e-15
6885.1 1.8168e-15
6887.9 1.8572e-15
6890.7 1.9131e-15
6893.4 1.7402e-15
6896.2 1.9651e-15
6899.0 1.8783e-15
6901.8 1.8187e-15
6904.6 1.9136e-15
6907.4 1.8424e-15
6910.1 1.7982e-15
6912.9 1.9416e-15
6915.7 1.9955e-15
6918.5 1.8407e-15
6921.3 1.8145e-15
6924.1 1.8486e-15
6926.8 1.8020e-15
6929.6 1.7263e-15
6932.4 1.6451e-15
6935.2 1.7476e-15
6938.0 1.7387e-15
6940.8 1.7208e-15
6943.5 1.7718e-15
6946.3 1.7131e-15
6949.1 1.6145e-15
6951.9 1.4573e-15
6954.7 1.5192e-15
6957.5 1.7785e-15
6960.2 1.6375e-15
6963.0 1.4823e-15
6965.8 1.5533e-15
6968.6 1.6542e-15
6971.4 1.6086e-15
6974.2 1.3629e-15
6976.9 1.5848e-15
6979.7 1.5826e-15
6982.5 1.5611e-15
6985.3 1.6337e-15
6988.1 1.6124e-15
6990.9 1.4469e-15
6993.6 1.3480e-15
6996.4 1.3066e-15
6999.2 1.4817e-15
7002.0 1.5143e-15
7004.8 1.4659e-15
7007.6 1.4348e-15
7010.3 1.4883e-15
7013.1 1.5417e-15
7015.9 1.5116e-15
7018.7 1.4754e-15
7021.5 1.4812e-15
7024.3 1.4820e-15
7027.0 1.4782e-15
7029.8 1.4983e-15
7032.6 1.5491e-15
7035.4 1.5581e-15
7038.2 1.4579e-15
7041.0 1.3604e-15
7043.7 1.3735e-15
7046.5 1.4362e-15
7049.3 1.4689e-15
7052.1 1.4812e-15
7054.9 1.4950e-15
7057.7 1.5344e-15
7060.4 1.5403e-15
7063.2 1.4828e-15
7066.0 1.4307e-15
7068.8 1.3943e-15
7071.6 1.3507e-15
7074.4 1.2875e-15
7077.1 1.2092e-15
7079.9 1.1812e-15
7082.7 1.2068e-15
7085.5 1.2441e-15
7088.3 1.3208e-15
7091.1 1.4234e-15
7093.8 1.4576e-15
7096.6 1.4031e-15
7099.4 1.3367e-15
7102.2 1.3105e-15
7105.0 1.3313e-15
7107.8 1.3567e-15
7110.5 1.3286e-15
7113.3 1.2826e-15
7116.1 1.2577e-15
7118.9 1.2344e-15
7121.7 1.2332e-15
7124.5 1.2583e-15
7127.2 1.2719e-15
7130.0 1.2887e-15
7132.8 1.3197e-15
7135.6 1.3340e-15
7138.4 1.2766e-15
7141.2 1.1579e-15
7143.9 1.0462e-15
7146.7 9.2461e-16
7160.6 7.3405e-16
7163.4 5.2294e-16
7166.2 4.2312e-16
7171.8 5.9570e-16
7174.6 9.2884e-16
7177.3 1.1325e-15
7180.1 1.1856e-15
7182.9 1.2289e-15
7185.7 1.2617e-15
7188.5 1.2500e-15
7191.3 1.2577e-15
7194.0 1.3042e-15
7196.8 1.3315e-15
7199.6 1.2895e-15
7202.4 1.2314e-15
7205.2 1.2171e-15
7208.0 1.2142e-15
7210.7 1.2186e-15
7213.5 1.3254e-15
7216.3 1.5111e-15
7219.1 1.6191e-15
7221.9 1.5958e-15
7224.7 1.5095e-15
7227.4 1.4592e-15
7230.2 1.4356e-15
7233.0 1.4050e-15
7235.8 1.4242e-15
7238.6 1.5445e-15
7241.4 1.7918e-15
7244.1 2.0780e-15
7246.9 2.2169e-15
7249.7 2.2051e-15
7252.5 2.0783e-15
7255.3 1.8540e-15
7258.1 1.7199e-15
7260.8 1.7121e-15
7263.6 1.7477e-15
7266.4 1.7758e-15
7269.2 1.7033e-15
7272.0 1.5763e-15
7274.8 1.4636e-15
7277.5 1.1928e-15
7280.3 8.7115e-16
7283.1 7.9412e-16
7285.9 7.2122e-16
7288.7 5.0192e-16
7291.5 4.0670e-16
7294.2 5.0027e-16
7297.0 6.7495e-16
7299.8 8.8591e-16
7302.6 1.0900e-15
7305.4 1.2343e-15
7308.2 1.2914e-15
7310.9 1.3080e-15
7313.7 1.3251e-15
7316.5 1.2977e-15
7319.3 1.2265e-15
7322.1 1.1870e-15
7324.9 1.2011e-15
7327.6 1.2551e-15
7330.4 1.3051e-15
7333.2 1.2768e-15
7336.0 1.2246e-15
7338.8 1.2303e-15
7341.6 1.2359e-15
7344.3 1.1631e-15
7347.1 1.0845e-15
7349.9 1.0954e-15
7352.7 1.1381e-15
7355.5 1.1509e-15
7358.2 1.1629e-15
7361.0 1.1725e-15
7363.8 1.1554e-15
7366.6 1.1618e-15
7369.4 1.2109e-15
7372.2 1.2260e-15
7374.9 1.1780e-15
7377.7 1.1247e-15
7380.5 1.1325e-15
7383.3 1.1832e-15
7386.1 1.1954e-15
7388.9 1.1536e-15
7391.6 1.1205e-15
7394.4 1.1289e-15
7397.2 1.1523e-15
7400.0 1.1569e-15
7402.8 1.1025e-15
7405.6 1.0129e-15
7408.3 9.6702e-16
7411.1 9.7374e-16
7413.9 9.8965e-16
7416.7 1.0084e-15
7419.5 1.0534e-15
7422.3 1.0655e-15
7425.0 1.0380e-15
7427.8 1.0367e-15
7430.6 1.0498e-15
7433.4 1.0361e-15
7436.2 9.9025e-16
7439.0 9.3647e-16
7441.7 8.9834e-16
7444.5 8.7121e-16
7447.3 8.3924e-16
7450.1 8.0806e-16
7452.9 8.0822e-16
7455.7 8.6414e-16
7458.4 9.4562e-16
7461.2 1.0059e-15
7464.0 1.0264e-15
7466.8 9.9858e-16
7469.6 9.5663e-16
7472.4 9.3099e-16
7475.1 9.2456e-16
7477.9 9.4040e-16
7480.7 9.4666e-16
7483.5 9.4352e-16
7486.3 9.5766e-16
7489.1 9.6392e-16
7491.8 9.5076e-16
7494.6 9.5114e-16
7497.4 9.5376e-16
7500.2 9.3737e-16
7503.0 9.0895e-16
7505.8 8.9499e-16
7508.5 8.9906e-16
7511.3 9.1643e-16
7514.1 9.4926e-16
7516.9 9.8179e-16
7519.7 9.9302e-16
7522.5 9.6980e-16
7525.2 9.2962e-16
7528.0 8.8798e-16
7530.8 8.5304e-16
7533.6 8.3970e-16
7536.4 8.2962e-16
7539.2 8.3568e-16
7541.9 8.4239e-16
7544.7 8.0315e-16
7547.5 7.7193e-16
7550.3 8.1958e-16
7553.1 9.0028e-16
7555.9 9.2971e-16
7558.6 9.1852e-16
7561.4 9.1803e-16
7564.2 9.5639e-16
7567.0 9.7662e-16
7569.8 9.1552e-16
7572.6 8.3128e-16
7575.3 8.0836e-16
7578.1 8.0674e-16
7580.9 7.6332e-16
7583.7 7.3803e-16
7586.5 7.9075e-16
7589.3 8.7296e-16
7592.0 9.3157e-16
7594.8 9.4898e-16
7597.6 9.1017e-16
7600.4 8.5639e-16
7603.2 8.7112e-16
7606.0 9.3244e-16
7608.7 9.3526e-16
7611.5 8.9943e-16
7614.3 8.7464e-16
7617.1 8.3669e-16
7619.9 7.6278e-16
7622.7 6.9622e-16
7625.4 7.0941e-16
7628.2 7.8023e-16
7631.0 8.2415e-16
7633.8 8.3961e-16
7636.6 8.2654e-16
7639.4 7.6994e-16
7642.1 7.4196e-16
7644.9 7.7940e-16
7647.7 8.1167e-16
7650.5 8.0114e-16
7653.3 7.8478e-16
7656.1 7.8538e-16
7658.8 7.8391e-16
7661.6 8.0361e-16
7664.4 8.6800e-16
7667.2 8.9442e-16
7670.0 8.6186e-16
7672.8 8.3283e-16
7675.5 8.0711e-16
7678.3 7.7786e-16
7681.1 8.0109e-16
7683.9 8.7386e-16
7686.7 9.1628e-16
7689.5 8.7725e-16
7692.2 7.8543e-16
7695.0 7.2762e-16
7697.8 7.7272e-16
7700.6 8.6075e-16
7703.4 8.8126e-16
7706.2 8.5082e-16
7708.9 8.3771e-16
7711.7 8.1623e-16
7714.5 7.6344e-16
7717.3 7.3364e-16
7720.1 7.3053e-16
7722.9 7.3730e-16
7725.6 8.0030e-16
7728.4 8.8642e-16
7731.2 8.9141e-16
7734.0 8.2994e-16
7736.8 7.9830e-16
7739.6 8.1581e-16
7742.3 8.2806e-16
7745.1 8.2016e-16
7747.9 8.2296e-16
7750.7 8.2093e-16
7753.5 8.1617e-16
7756.3 8.5390e-16
7759.0 9.2740e-16
7761.8 1.0589e-15
7764.6 1.3172e-15
7767.4 1.6059e-15
7770.2 1.7028e-15
7773.0 1.5257e-15
7775.7 1.1817e-15
7778.5 8.6780e-16
7781.3 7.1708e-16
7784.1 7.0523e-16
7786.9 7.6286e-16
7789.7 8.6544e-16
7792.4 9.6536e-16
7795.2 9.6120e-16
7798.0 8.5561e-16
7800.8 7.7294e-16
7803.6 7.5881e-16
7806.4 7.7556e-16
7809.1 8.0163e-16
7811.9 8.5843e-16
7814.7 9.4530e-16
7817.5 9.9150e-16
7820.3 9.8597e-16
7823.1 9.5610e-16
7825.8 9.0002e-16
7828.6 8.6314e-16
7831.4 8.7795e-16
7834.2 9.2722e-16
7837.0 9.8844e-16
7839.8 1.0410e-15
7842.5 1.0725e-15
7845.3 1.0755e-15
7848.1 1.1015e-15
7850.9 1.1273e-15
7853.7 1.0809e-15
7856.5 1.0515e-15
7859.2 1.0950e-15
7862.0 1.1129e-15
7864.8 1.0707e-15
7867.6 1.0129e-15
7870.4 1.0164e-15
7873.2 1.0911e-15
7875.9 1.1350e-15
7878.7 1.0933e-15
7881.5 1.0397e-15
7884.3 1.0282e-15
7887.1 1.0277e-15
7889.9 1.0255e-15
7892.6 1.0112e-15
7895.4 9.5520e-16
7898.2 8.9175e-16
7901.0 8.8281e-16
7903.8 9.2442e-16
7906.6 9.5798e-16
7909.3 9.5738e-16
7912.1 9.5391e-16
7914.9 9.7805e-16
7917.7 9.9198e-16
7920.5 9.7755e-16
7923.3 9.7299e-16
7926.0 9.8112e-16
7928.8 9.7805e-16
7931.6 9.7090e-16
7934.4 9.7073e-16
7937.2 9.4798e-16
7940.0 9.1257e-16
7942.7 9.1659e-16
7945.5 9.3659e-16
7948.3 9.4439e-16
7951.1 9.6854e-16
7953.9 1.0221e-15
7956.7 1.1027e-15
7959.4 1.1714e-15
7962.2 1.2091e-15
7965.0 1.2442e-15
7967.8 1.2267e-15
7970.6 1.1116e-15
7973.4 9.7491e-16
7976.1 8.9103e-16
7978.9 8.6695e-16
7981.7 9.1454e-16
7984.5 9.7784e-16
7987.3 9.8852e-16
7990.0 9.6771e-16
7992.8 9.5139e-16
7995.6 9.6571e-16
7998.4 9.7710e-16
8001.2 9.1230e-16
8004.0 8.3106e-16
8006.7 8.3730e-16
8009.5 9.0386e-16
8012.3 9.6349e-16
8015.1 9.9607e-16
8017.9 1.0148e-15
8020.7 1.0188e-15
8023.4 9.6858e-16
8026.2 8.9630e-16
8029.0 8.8412e-16
8031.8 9.2563e-16
8034.6 9.4830e-16
8037.4 8.9873e-16
8040.1 8.1667e-16
8042.9 7.7395e-16
8045.7 7.6466e-16
8048.5 7.3960e-16
8051.3 7.2820e-16
8054.1 7.9246e-16
8056.8 8.7509e-16
8059.6 8.7055e-16
8062.4 7.9262e-16
8065.2 7.2873e-16
8068.0 7.2689e-16
8070.8 7.6078e-16
8073.5 7.5372e-16
8076.3 7.1271e-16
8079.1 7.1386e-16
8081.9 7.5209e-16
8084.7 7.7379e-16
8087.5 7.7685e-16
8090.2 7.7580e-16
8093.0 7.7605e-16
8095.8 7.9882e-16
8098.6 8.3835e-16
8101.4 8.4502e-16
8104.2 7.9239e-16
8106.9 7.1059e-16
8109.7 6.6366e-16
8112.5 6.6948e-16
8115.3 6.8410e-16
8118.1 6.9884e-16
8120.9 7.1901e-16
8123.6 7.2821e-16
8126.4 7.5022e-16
8129.2 7.7462e-16
8132.0 7.6390e-16
8134.8 7.6587e-16
8137.6 7.8552e-16
8140.3 7.8534e-16
8143.1 7.7763e-16
8145.9 7.5661e-16
8148.7 7.4687e-16
8151.5 7.7043e-16
8154.3 7.8150e-16
8157.0 7.4409e-16
8159.8 7.0183e-16
8162.6 7.1240e-16
8165.4 7.4964e-16
8168.2 7.6255e-16
8171.0 7.7850e-16
8173.7 8.2135e-16
8176.5 8.3882e-16
8179.3 7.9953e-16
8182.1 7.3632e-16
8184.9 7.2121e-16
8187.7 7.8397e-16
8190.4 8.4563e-16
8193.2 8.5682e-16
8196.0 8.4852e-16
8198.8 8.1190e-16
8201.6 7.1512e-16
8204.4 6.3091e-16
8207.1 6.3583e-16
8209.9 6.4681e-16
8212.7 5.8990e-16
8215.5 5.3373e-16
8218.3 5.2640e-16
8221.1 5.5138e-16
8223.8 5.8256e-16
8226.6 5.7505e-16
8229.4 5.1936e-16
8232.2 4.7532e-16
8235.0 4.9677e-16
8237.8 5.5846e-16
8240.5 6.0799e-16
8243.3 6.2554e-16
8246.1 6.0974e-16
8248.9 5.6631e-16
8251.7 5.2668e-16
8254.5 5.2691e-16
8257.2 5.6162e-16
8260.0 6.1123e-16
8262.8 6.2685e-16
8265.6 5.9968e-16
8268.4 5.6039e-16
8271.2 5.2808e-16
8273.9 5.2695e-16
8276.7 5.7853e-16
8279.5 6.4649e-16
8282.3 6.6644e-16
8285.1 6.4704e-16
8287.9 6.2534e-16
8290.6 6.0827e-16
8293.4 5.8166e-16
8296.2 5.5246e-16
8299.0 5.5363e-16
8301.8 5.5726e-16
8304.6 5.4750e-16
8307.3 5.2509e-16
8310.1 4.7801e-16
8312.9 4.2437e-16
8315.7 3.9256e-16
8318.5 3.7315e-16
8321.3 3.7533e-16
8324.0 4.1243e-16
8326.8 4.4132e-16
8329.6 4.2210e-16
8332.4 3.8085e-16
8335.2 3.7216e-16
8338.0 4.1417e-16
8340.7 4.8302e-16
8343.5 5.2113e-16
8346.3 4.7883e-16
8349.1 3.9743e-16
8351.9 3.5212e-16
8354.7 3.7444e-16
8357.4 4.5021e-16
8360.2 5.2119e-16
8363.0 5.3687e-16
8365.8 5.0338e-16
8368.6 4.6517e-16
8371.4 4.6075e-16
8374.1 4.6369e-16
8376.9 4.4236e-16
8379.7 4.1753e-16
8382.5 4.0562e-16
8385.3 4.0800e-16
8388.1 4.1815e-16
8390.8 4.3030e-16
8393.6 4.5032e-16
8396.4 4.6799e-16
8399.2 4.8782e-16
8402.0 5.1889e-16
8404.8 5.5329e-16
8407.5 5.9418e-16
8410.3 6.3266e-16
8413.1 6.6382e-16
8415.9 6.7920e-16
8418.7 6.5823e-16
8421.5 6.0829e-16
8424.2 5.4542e-16
8427.0 4.6683e-16
8429.8 4.0292e-16
8432.6 3.9801e-16
8435.4 4.3339e-16
8438.2 4.5142e-16
8440.9 4.3964e-16
8443.7 4.6719e-16
8446.5 5.5374e-16
8449.3 6.1102e-16
8452.1 6.1511e-16
8454.9 6.0715e-16
8457.6 6.1760e-16
8460.4 6.5226e-16
8463.2 6.8391e-16
8466.0 6.8613e-16
8468.8 6.5162e-16
8471.6 5.9290e-16
8474.3 5.5191e-16
8477.1 5.3155e-16
8479.9 4.9312e-16
8482.7 4.8317e-16
8485.5 5.3627e-16
8488.3 5.9358e-16
8491.0 6.4176e-16
8493.8 6.7847e-16
8496.6 6.4082e-16
8499.4 5.5607e-16
8502.2 5.3952e-16
8505.0 5.9186e-16
8507.7 6.3194e-16
8510.5 6.3552e-16
8513.3 6.1217e-16
8516.1 5.8734e-16
8518.9 6.0193e-16
8521.7 6.0319e-16
8524.4 5.7072e-16
8527.2 5.5696e-16
8530.0 5.6605e-16
8532.8 6.0190e-16
8535.6 6.3825e-16
8538.4 6.1962e-16
8541.1 5.7263e-16
8543.9 5.4057e-16
8546.7 5.2844e-16
8549.5 5.5371e-16
8552.3 5.8832e-16
8555.1 6.0149e-16
8557.8 6.3738e-16
8560.6 6.8079e-16
8563.4 6.8343e-16
8566.2 6.5659e-16
8569.0 6.3348e-16
8571.8 6.2139e-16
8574.5 6.1870e-16
8577.3 6.3606e-16
8580.1 6.7288e-16
8582.9 6.9754e-16
8585.7 7.1290e-16
8588.5 7.3904e-16
8591.2 7.5182e-16
8594.0 7.1745e-16
8596.8 6.6187e-16
8599.6 6.4170e-16
8602.4 6.6544e-16
8605.2 7.1111e-16
8607.9 7.2790e-16
8610.7 6.8331e-16
8613.5 6.1373e-16
8616.3 5.8046e-16
8619.1 6.1860e-16
8621.8 6.9219e-16
8624.6 7.4551e-16
8627.4 7.4390e-16
8630.2 7.0063e-16
8633.0 6.3420e-16
8635.8 5.6390e-16
8638.5 5.2705e-16
8641.3 5.4117e-16
8644.1 6.0934e-16
8646.9 7.2271e-16
8649.7 8.1551e-16
8652.5 8.1439e-16
8655.2 7.3014e-16
8658.0 6.2936e-16
8660.8 5.7137e-16
8663.6 5.7034e-16
8666.4 5.9988e-16
8669.2 6.2339e-16
8671.9 6.3033e-16
8674.7 6.1429e-16
8677.5 5.9781e-16
8680.3 6.1132e-16
8683.1 6.3763e-16
8685.9 6.7364e-16
8688.6 7.0210e-16
8691.4 6.7609e-16
8694.2 6.2327e-16
8697.0 6.1043e-16
8699.8 6.4367e-16
8702.6 6.9382e-16
8705.3 7.2650e-16
8708.1 7.1921e-16
8710.9 7.1274e-16
8713.7 7.2195e-16
8716.5 6.8882e-16
8719.3 6.3499e-16
8722.0 6.0142e-16
8724.8 5.8245e-16
8727.6 5.7865e-16
8730.4 5.6938e-16
8733.2 5.5802e-16
8736.0 5.5362e-16
8738.7 5.4816e-16
8741.5 5.6302e-16
8744.3 5.9636e-16
8747.1 6.4112e-16
8749.9 7.1604e-16
8752.7 7.6959e-16
8755.4 7.3311e-16
8758.2 6.4952e-16
8761.0 6.0962e-16
8763.8 6.2441e-16
8766.6 6.3172e-16
8769.4 6.0960e-16
8772.1 5.9446e-16
8774.9 6.2807e-16
8777.7 7.0327e-16
8780.5 7.3676e-16
8783.3 7.0583e-16
8786.1 6.6008e-16
8788.8 6.2863e-16
8791.6 6.0035e-16
8794.4 5.7506e-16
8797.2 5.6194e-16
8800.0 5.4514e-16
8802.8 5.2452e-16
8805.5 5.2233e-16
8808.3 5.2951e-16
8811.1 5.1857e-16
8813.9 5.1767e-16
8816.7 5.4866e-16
