3966.3 1.9593e-14
3969.0 2.0118e-14
3971.8 2.1708e-14
3974.6 2.2013e-14
3977.4 2.2358e-14
3980.2 2.1295e-14
3982.9 2.1678e-14
3985.7 2.2761e-14
3988.5 2.3070e-14
3991.3 2.3458e-14
3994.0 2.3112e-14
3996.8 2.3225e-14
3999.6 2.2752e-14
4002.4 2.2345e-14
4005.2 2.2498e-14
4007.9 2.1933e-14
4010.7 2.1233e-14
4013.5 2.0847e-14
4016.3 2.1701e-14
4019.1 2.1522e-14
4021.8 2.0599e-14
4024.6 2.1125e-14
4027.4 1.9972e-14
4030.2 2.0596e-14
4033.0 2.0017e-14
4035.7 1.9175e-14
4038.5 1.9733e-14
4041.3 1.9046e-14
4044.1 1.9126e-14
4046.9 1.9314e-14
4049.6 1.9962e-14
4052.4 1.9189e-14
4055.2 1.8815e-14
4058.0 1.8806e-14
4060.8 1.9117e-14
4063.5 1.9281e-14
4066.3 1.9113e-14
4069.1 1.9111e-14
4071.9 2.0087e-14
4074.7 1.9151e-14
4077.4 1.9635e-14
4080.2 1.9931e-14
4083.0 2.0081e-14
4085.8 2.0285e-14
4088.6 2.1063e-14
4091.3 2.1053e-14
4094.1 2.1205e-14
4096.9 2.1070e-14
4099.7 2.0902e-14
4102.5 2.0889e-14
4105.2 2.1402e-14
4108.0 2.1113e-14
4110.8 2.0944e-14
4113.6 2.1414e-14
4116.4 2.1525e-14
4119.1 2.1188e-14
4121.9 2.1538e-14
4124.7 2.1387e-14
4127.5 2.1792e-14
4130.3 2.1724e-14
4133.0 2.1739e-14
4135.8 2.1858e-14
4138.6 2.1398e-14
4141.4 2.1108e-14
4144.2 2.1363e-14
4146.9 2.1091e-14
4149.7 2.0627e-14
4152.5 2.0232e-14
4155.3 1.9869e-14
4158.1 2.0286e-14
4160.8 2.0500e-14
4163.6 2.0319e-14
4166.4 1.9660e-14
4169.2 1.9429e-14
4172.0 2.0029e-14
4174.7 1.8956e-14
4177.5 1.8740e-14
4180.3 1.8224e-14
4183.1 1.7923e-14
4185.9 1.8604e-14
4188.6 1.8320e-14
4191.4 1.8011e-14
4194.2 1.8240e-14
4197.0 1.7500e-14
4199.8 1.7533e-14
4202.5 1.7876e-14
4205.3 1.7880e-14
4208.1 1.6951e-14
4210.9 1.6897e-14
4213.7 1.6909e-14
4216.4 1.7183e-14
4219.2 1.7133e-14
4222.0 1.7342e-14
4224.8 1.7073e-14
4227.6 1.6881e-14
4230.3 1.7015e-14
4233.1 1.6756e-14
4235.9 1.6603e-14
4238.7 1.6347e-14
4241.4 1.6082e-14
4244.2 1.5940e-14
4247.0 1.5618e-14
4249.8 1.5289e-14
4252.6 1.5291e-14
4255.3 1.5202e-14
4258.1 1.4288e-14
4260.9 1.4620e-14
4263.7 1.4743e-14
4266.5 1.4169e-14
4269.2 1.4224e-14
4272.0 1.3796e-14
4274.8 1.3360e-14
4277.6 1.3433e-14
4280.4 1.3165e-14
4283.1 1.2789e-14
4285.9 1.2557e-14
4288.7 1.2558e-14
4291.5 1.2535e-14
4294.3 1.2321e-14
4297.0 1.2226e-14
4299.8 1.2366e-14
4302.6 1.1896e-14
4305.4 1.1292e-14
4308.2 1.1319e-14
4310.9 1.1885e-14
4313.7 1.1344e-14
4316.5 1.1080e-14
4319.3 1.1135e-14
4322.1 1.0997e-14
4324.8 1.0742e-14
4327.6 1.0728e-14
4330.4 1.0572e-14
4333.2 1.0234e-14
4336.0 1.0460e-14
4338.7 1.0237e-14
4341.5 1.0026e-14
4344.3 1.0081e-14
4347.1 9.8695e-15
4349.9 9.7227e-15
4352.6 9.3080e-15
4355.4 9.8053e-15
4358.2 9.4687e-15
4361.0 9.5755e-15
4363.8 9.6441e-15
4366.5 9.7806e-15
4369.3 9.6091e-15
4372.1 9.6268e-15
4374.9 9.6969e-15
4377.7 9.9567e-15
4380.4 1.0021e-14
4383.2 1.0343e-14
4386.0 1.0431e-14
4388.8 1.0239e-14
4391.6 1.0335e-14
4394.3 1.0493e-14
4397.1 1.0539e-14
4399.9 1.0263e-14
4402.7 1.0761e-14
4405.5 1.0508e-14
4408.2 1.0800e-14
4411.0 1.1084e-14
4413.8 1.1382e-14
4416.6 1.1178e-14
4419.4 1.1136e-14
4422.1 1.1562e-14
4424.9 1.1770e-14
4427.7 1.1504e-14
4430.5 1.1429e-14
4433.3 1.1979e-14
4436.0 1.2078e-14
4438.8 1.1656e-14
4441.6 1.1949e-14
4444.4 1.2058e-14
4447.2 1.1610e-14
4449.9 1.1744e-14
4452.7 1.1996e-14
4455.5 1.1309e-14
4458.3 1.0902e-14
4461.1 1.1264e-14
4463.8 1.1188e-14
4466.6 1.0986e-14
4469.4 1.0768e-14
4472.2 1.0367e-14
4474.9 1.0347e-14
4477.7 1.0030e-14
4480.5 9.9004e-15
4483.3 1.0126e-14
4486.1 1.0061e-14
4488.8 1.0171e-14
4491.6 1.0066e-14
4494.4 9.7624e-15
4497.2 9.8708e-15
4500.0 9.9724e-15
4502.7 1.0185e-14
4505.5 1.0612e-14
4508.3 1.0647e-14
4511.1 1.0808e-14
4513.9 1.1014e-14
4516.6 1.1091e-14
4519.4 1.1659e-14
4522.2 1.1463e-14
4525.0 1.1808e-14
4527.8 1.2064e-14
4530.5 1.1590e-14
4533.3 1.2205e-14
4536.1 1.2295e-14
4538.9 1.2217e-14
4541.7 1.2200e-14
4544.4 1.2358e-14
4547.2 1.2666e-14
4550.0 1.2403e-14
4552.8 1.2391e-14
4555.6 1.2582e-14
4558.3 1.2334e-14
4561.1 1.2540e-14
4563.9 1.2505e-14
4566.7 1.2522e-14
4569.5 1.2174e-14
4572.2 1.2140e-14
4575.0 1.2200e-14
4577.8 1.2529e-14
4580.6 1.2492e-14
4583.4 1.2135e-14
4586.1 1.2079e-14
4588.9 1.2279e-14
4591.7 1.2287e-14
4594.5 1.1983e-14
4597.3 1.1837e-14
4600.0 1.1852e-14
4602.8 1.1598e-14
4605.6 1.1415e-14
4608.4 1.1938e-14
4611.2 1.1750e-14
4613.9 1.1534e-14
4616.7 1.1648e-14
4619.5 1.1814e-14
4622.3 1.1876e-14
4625.1 1.1832e-14
4627.8 1.1879e-14
4630.6 1.1853e-14
4633.4 1.1890e-14
4636.2 1.1902e-14
4639.0 1.1805e-14
4641.7 1.1876e-14
4644.5 1.1753e-14
4647.3 1.1772e-14
4650.1 1.1538e-14
4652.9 1.1416e-14
4655.6 1.1475e-14
4658.4 1.1859e-14
4661.2 1.1830e-14
4664.0 1.1667e-14
4666.8 1.1548e-14
4669.5 1.0892e-14
4672.3 1.1230e-14
4675.1 1.1463e-14
4677.9 1.1349e-14
4680.7 1.1328e-14
4683.4 1.0852e-14
4686.2 1.0622e-14
4689.0 1.0970e-14
4691.8 1.0528e-14
4694.6 1.0219e-14
4697.3 1.0412e-14
4700.1 1.0123e-14
4702.9 9.9916e-15
4705.7 1.0012e-14
4708.5 9.7468e-15
4711.2 9.8495e-15
4714.0 9.7932e-15
4716.8 9.2288e-15
4719.6 9.2523e-15
4722.3 8.9104e-15
4725.1 8.9045e-15
4727.9 9.0570e-15
4730.7 8.8898e-15
4733.5 8.9095e-15
4736.2 9.0207e-15
4739.0 8.6536e-15
4741.8 8.6704e-15
4744.6 8.6198e-15
4747.4 8.7854e-15
4750.1 8.6147e-15
4752.9 8.3508e-15
4755.7 8.7007e-15
4758.5 8.6878e-15
4761.3 8.7857e-15
4764.0 8.7528e-15
4766.8 8.9698e-15
4769.6 8.7836e-15
4772.4 8.5913e-15
4775.2 8.6359e-15
4777.9 8.7327e-15
4780.7 8.5770e-15
4783.5 8.2702e-15
4786.3 8.3676e-15
4789.1 8.4413e-15
4791.8 8.3422e-15
4794.6 7.9397e-15
4797.4 7.7868e-15
4800.2 8.1015e-15
4803.0 7.8952e-15
4805.7 8.0483e-15
4808.5 8.0355e-15
4811.3 7.7790e-15
4814.1 7.8097e-15
4816.9 7.8162e-15
4819.6 8.0771e-15
4822.4 7.7532e-15
4825.2 7.6684e-15
4828.0 7.8654e-15
4830.8 8.0585e-15
4833.5 8.0023e-15
4836.3 8.0644e-15
4839.1 8.1387e-15
4841.9 8.1718e-15
4844.7 8.2024e-15
4847.4 8.0620e-15
4850.2 8.0500e-15
4853.0 8.0482e-15
4855.8 8.0813e-15
4858.6 7.9708e-15
4861.3 7.9293e-15
4864.1 8.0860e-15
4866.9 7.9565e-15
4869.7 8.0081e-15
4872.5 7.8299e-15
4875.2 7.9331e-15
4878.0 7.8879e-15
4880.8 7.5116e-15
4883.6 7.5253e-15
4886.4 7.2323e-15
4889.1 7.0504e-15
4891.9 7.2101e-15
4894.7 6.9976e-15
4897.5 7.0476e-15
4900.3 7.1011e-15
4903.0 6.7681e-15
4905.8 6.4435e-15
4908.6 6.2916e-15
4911.4 6.2977e-15
4914.2 6.3359e-15
4916.9 6.1823e-15
4919.7 6.1594e-15
4922.5 5.8480e-15
4925.3 6.0453e-15
4928.1 6.1332e-15
4930.8 6.0597e-15
4933.6 6.2738e-15
4936.4 6.2181e-15
4939.2 6.1990e-15
4942.0 6.1892e-15
4944.7 6.1613e-15
4947.5 6.2684e-15
4950.3 6.4962e-15
4953.1 6.2887e-15
4955.9 6.3874e-15
4958.6 6.5059e-15
4961.4 6.5671e-15
4964.2 6.8443e-15
4967.0 6.5841e-15
4969.7 6.4374e-15
4972.5 6.4091e-15
4975.3 6.3867e-15
4978.1 6.4433e-15
4980.9 6.4111e-15
4983.6 6.6165e-15
4986.4 6.5400e-15
4989.2 6.5788e-15
4992.0 6.5570e-15
4994.8 6.5115e-15
4997.5 6.5865e-15
5000.3 6.9139e-15
5003.1 6.8090e-15
5005.9 6.7219e-15
5008.7 6.6597e-15
5011.4 6.7013e-15
5014.2 6.6050e-15
5017.0 6.5737e-15
5019.8 6.4082e-15
5022.6 6.5431e-15
5025.3 6.5648e-15
5028.1 6.6455e-15
5030.9 6.4074e-15
5033.7 6.4628e-15
5036.5 6.4576e-15
5039.2 6.4342e-15
5042.0 6.3481e-15
5044.8 6.4212e-15
5047.6 6.4039e-15
5050.4 6.3266e-15
5053.1 6.6150e-15
5055.9 6.4364e-15
5058.7 6.4451e-15
5061.5 6.5548e-15
5064.3 6.3825e-15
5067.0 6.3350e-15
5069.8 6.3902e-15
5072.6 6.5018e-15
5075.4 6.4283e-15
5078.2 6.6225e-15
5080.9 6.8198e-15
5083.7 6.8125e-15
5086.5 6.7172e-15
5089.3 6.9334e-15
5092.1 6.8573e-15
5094.8 6.6229e-15
5097.6 6.9315e-15
5100.4 7.3927e-15
5103.2 7.1676e-15
5106.0 6.2670e-15
5108.7 6.2959e-15
5111.5 7.2290e-15
5114.3 7.3911e-15
5117.1 7.3299e-15
5119.9 7.3082e-15
5122.6 7.2967e-15
5125.4 7.5024e-15
5128.2 7.3915e-15
5131.0 7.4839e-15
5133.8 7.9619e-15
5136.5 7.6444e-15
5139.3 7.8336e-15
5142.1 7.7417e-15
5144.9 7.6106e-15
5147.7 7.9022e-15
5150.4 7.9705e-15
5153.2 7.8685e-15
5156.0 8.0963e-15
5158.8 8.2488e-15
5161.6 8.2211e-15
5164.3 8.0378e-15
5167.1 7.9647e-15
5169.9 8.4753e-15
5172.7 8.4591e-15
5175.5 8.1221e-15
5178.2 8.1461e-15
5181.0 8.1023e-15
5183.8 8.2622e-15
5186.6 8.2882e-15
5189.4 8.0890e-15
5192.1 7.8388e-15
5194.9 8.0403e-15
5197.7 8.1699e-15
5200.5 7.9441e-15
5203.2 7.8116e-15
5206.0 7.8744e-15
5208.8 7.8780e-15
5211.6 7.9624e-15
5214.4 7.7748e-15
5217.1 7.6408e-15
5219.9 7.6176e-15
5222.7 7.5864e-15
5225.5 7.5927e-15
5228.3 7.6743e-15
5231.0 7.5921e-15
5233.8 7.7784e-15
5236.6 7.4823e-15
5239.4 7.5702e-15
5242.2 7.7374e-15
5244.9 7.7260e-15
5247.7 7.6273e-15
5250.5 7.5184e-15
5253.3 7.4438e-15
5256.1 7.6339e-15
5258.8 7.6996e-15
5261.6 7.6435e-15
5264.4 7.5868e-15
5267.2 7.6649e-15
5270.0 7.6237e-15
5272.7 7.4529e-15
5275.5 7.3035e-15
5278.3 7.1522e-15
5281.1 6.9011e-15
5283.9 6.9974e-15
5286.6 7.0506e-15
5289.4 6.5247e-15
5292.2 6.3952e-15
5295.0 6.4363e-15
5297.8 6.2723e-15
5300.5 6.2258e-15
5303.3 6.0325e-15
5306.1 6.0139e-15
5308.9 5.7300e-15
5311.7 5.7104e-15
5314.4 5.4268e-15
5317.2 5.4558e-15
5320.0 5.4588e-15
5322.8 5.2388e-15
5325.6 5.1642e-15
5328.3 5.2545e-15
5331.1 5.1874e-15
5333.9 5.1897e-15
5336.7 5.0973e-15
5339.5 4.9640e-15
5342.2 4.8918e-15
5345.0 5.0898e-15
5347.8 5.0887e-15
5350.6 5.0449e-15
5353.4 4.8481e-15
5356.1 4.9849e-15
5358.9 5.0514e-15
5361.7 5.1746e-15
5364.5 5.0541e-15
5367.3 5.1569e-15
5370.0 5.0955e-15
5372.8 5.0884e-15
5375.6 5.2219e-15
5378.4 5.1150e-15
5381.2 5.3074e-15
5383.9 5.4416e-15
5386.7 5.1874e-15
5389.5 5.2578e-15
5392.3 5.4074e-15
5395.1 5.4318e-15
5397.8 5.4082e-15
5400.6 5.4977e-15
5403.4 5.4703e-15
5406.2 5.4307e-15
5409.0 5.6703e-15
5411.7 5.6746e-15
5414.5 5.7133e-15
5417.3 5.6914e-15
5420.1 5.6841e-15
5422.9 5.8972e-15
5425.6 5.8320e-15
5428.4 5.7578e-15
5431.2 5.9484e-15
5434.0 5.8977e-15
5436.8 5.7284e-15
5439.5 5.7926e-15
5442.3 5.8095e-15
5445.1 5.9723e-15
5447.9 5.8177e-15
5450.6 5.6714e-15
5453.4 5.7591e-15
5456.2 5.6783e-15
5459.0 5.7317e-15
5461.8 5.6627e-15
5464.5 5.8246e-15
5467.3 5.7793e-15
5470.1 5.6347e-15
5472.9 5.5064e-15
5475.7 5.4304e-15
5478.4 5.4965e-15
5481.2 5.4473e-15
5484.0 5.3241e-15
5486.8 5.1495e-15
5489.6 5.1546e-15
5492.3 5.1319e-15
5495.1 5.2075e-15
5497.9 5.1580e-15
5500.7 5.0430e-15
5503.5 4.8469e-15
5506.2 4.8716e-15
5509.0 4.9711e-15
5511.8 4.8121e-15
5514.6 4.7291e-15
5517.4 4.6668e-15
5520.1 4.6957e-15
5522.9 4.6642e-15
5525.7 4.6106e-15
5528.5 4.6454e-15
5531.3 4.6373e-15
5534.0 4.6914e-15
5536.8 4.6638e-15
5539.6 4.6953e-15
5542.4 4.7988e-15
5545.2 4.8468e-15
5547.9 4.9613e-15
5550.7 5.0075e-15
5553.5 5.0397e-15
5556.3 5.2367e-15
5559.1 5.3348e-15
5561.8 5.4274e-15
5564.6 5.4813e-15
5567.4 5.2635e-15
5570.2 5.4175e-15
5573.0 5.4555e-15
5575.7 5.4181e-15
5578.5 5.4765e-15
5581.3 5.8817e-15
5584.1 6.0460e-15
5586.9 5.9281e-15
5589.6 5.9146e-15
5592.4 6.0196e-15
5595.2 6.1248e-15
5598.0 6.1134e-15
5600.8 6.1440e-15
5603.5 6.0886e-15
5606.3 5.9519e-15
5609.1 6.1502e-15
5611.9 6.3218e-15
5614.7 6.1576e-15
5617.4 6.1846e-15
5620.2 6.1157e-15
5623.0 6.0070e-15
5625.8 6.1698e-15
5628.6 6.1291e-15
5631.3 5.9157e-15
5634.1 6.0583e-15
5636.9 6.1455e-15
5639.7 5.9928e-15
5642.5 6.1284e-15
5645.2 6.0988e-15
5648.0 6.0189e-15
5650.8 5.8555e-15
5653.6 5.9786e-15
5656.4 6.1057e-15
5659.1 6.1636e-15
5661.9 6.2782e-15
5664.7 6.0516e-15
5667.5 6.1114e-15
5670.3 6.1852e-15
5673.0 6.2459e-15
5675.8 6.1880e-15
5678.6 6.1497e-15
5681.4 6.1970e-15
5684.2 6.2386e-15
5686.9 6.1178e-15
5689.7 6.2363e-15
5692.5 6.0244e-15
5695.3 6.1794e-15
5698.0 6.3293e-15
5700.8 6.2039e-15
5703.6 6.1781e-15
5706.4 6.1894e-15
5709.2 6.2609e-15
5711.9 6.3311e-15
5714.7 6.2871e-15
5717.5 6.2247e-15
5720.3 6.0414e-15
5723.1 5.9791e-15
5725.8 6.0763e-15
5728.6 6.2132e-15
5731.4 6.3285e-15
5734.2 6.1545e-15
5737.0 6.0035e-15
5739.7 5.9980e-15
5742.5 5.9798e-15
5745.3 6.1114e-15
5748.1 6.1348e-15
5750.9 6.1139e-15
5753.6 6.0721e-15
5756.4 6.0904e-15
5759.2 6.0562e-15
5762.0 6.0465e-15
5764.8 6.1699e-15
5767.5 6.1189e-15
5770.3 6.1182e-15
5773.1 5.9501e-15
5775.9 6.1086e-15
5778.7 6.1014e-15
5781.4 6.0966e-15
5784.2 5.9266e-15
5787.0 5.8649e-15
5789.8 5.8541e-15
5792.6 6.1304e-15
5795.3 6.0134e-15
5798.1 6.1198e-15
5800.9 6.0130e-15
5803.7 6.0236e-15
5806.5 5.9959e-15
5809.2 5.8782e-15
5812.0 5.7785e-15
5814.8 5.6629e-15
5817.6 5.6036e-15
5820.4 5.5561e-15
5823.1 5.6940e-15
5825.9 5.7186e-15
5828.7 5.4496e-15
5831.5 5.5718e-15
5834.3 5.5814e-15
5837.0 5.7194e-15
5839.8 5.7081e-15
5842.6 5.6760e-15
5845.4 5.5950e-15
5848.2 5.6072e-15
5850.9 5.5523e-15
5853.7 5.4370e-15
5856.5 5.4940e-15
5859.3 5.5097e-15
5862.1 5.5415e-15
5864.8 5.6095e-15
5867.6 5.6470e-15
5870.4 5.7032e-15
5873.2 5.5316e-15
5876.0 5.3462e-15
5878.7 5.4124e-15
5881.5 5.5816e-15
5884.3 5.3777e-15
5887.1 5.4540e-15
5889.9 5.5547e-15
5892.6 5.2671e-15
5895.4 5.2097e-15
5898.2 5.4123e-15
5901.0 5.3938e-15
5903.8 5.4758e-15
5906.5 5.5263e-15
5909.3 5.5335e-15
5912.1 5.5162e-15
5914.9 5.5123e-15
5917.7 5.4684e-15
5920.4 5.5848e-15
5923.2 5.4727e-15
5926.0 5.5546e-15
5928.8 5.5998e-15
5931.5 5.5155e-15
5934.3 5.4981e-15
5937.1 5.3608e-15
5939.9 5.5809e-15
5942.7 5.5696e-15
5945.4 5.5473e-15
5948.2 5.5014e-15
5951.0 5.4481e-15
5953.8 5.3915e-15
5956.6 5.4672e-15
5959.3 5.6062e-15
5962.1 5.5025e-15
5964.9 5.5568e-15
5967.7 5.6501e-15
5970.5 5.8132e-15
5973.2 5.6256e-15
5976.0 5.7479e-15
5978.8 5.7364e-15
5981.6 5.6641e-15
5984.4 5.6729e-15
5987.1 5.5313e-15
5989.9 5.5952e-15
5992.7 5.8311e-15
5995.5 5.6221e-15
5998.3 5.5241e-15
6001.0 5.4674e-15
6003.8 5.4848e-15
6006.6 5.5126e-15
6009.4 5.4795e-15
6012.2 5.6216e-15
6014.9 5.5578e-15
6017.7 5.5282e-15
6020.5 5.5450e-15
6023.3 5.5847e-15
6026.1 5.6226e-15
6028.8 5.6435e-15
6031.6 5.3921e-15
6034.4 5.4362e-15
6037.2 5.4202e-15
6040.0 5.3414e-15
6042.7 5.3285e-15
6045.5 5.5054e-15
6048.3 5.3759e-15
6051.1 5.2430e-15
6053.9 5.4276e-15
6056.6 5.4917e-15
6059.4 5.2040e-15
6062.2 5.2973e-15
6065.0 5.2692e-15
6067.8 5.1681e-15
6070.5 5.3969e-15
6073.3 5.1877e-15
6076.1 5.1575e-15
6078.9 5.3138e-15
6081.7 5.2366e-15
6084.4 5.2135e-15
6087.2 5.0964e-15
6090.0 5.0068e-15
6092.8 5.0184e-15
6095.6 5.0402e-15
6098.3 4.9781e-15
6101.1 4.9487e-15
6103.9 4.9714e-15
6106.7 4.6967e-15
6109.5 4.5284e-15
6112.2 4.6772e-15
6115.0 4.6683e-15
6117.8 4.5741e-15
6120.6 4.5070e-15
6123.4 4.4842e-15
6126.1 4.3917e-15
6128.9 4.1817e-15
6131.7 4.1420e-15
6134.5 4.1532e-15
6137.3 4.0540e-15
6140.0 3.8316e-15
6142.8 3.7050e-15
6145.6 3.6441e-15
6148.4 3.6134e-15
6151.2 3.5960e-15
6153.9 3.3558e-15
6156.7 3.2664e-15
6159.5 3.1624e-15
6162.3 2.9689e-15
6165.1 3.0594e-15
6167.8 2.9147e-15
6170.6 2.8075e-15
6173.4 2.7798e-15
6176.2 2.7908e-15
6178.9 2.6986e-15
6181.7 2.5925e-15
6184.5 2.4892e-15
6187.3 2.4700e-15
6190.1 2.3973e-15
6192.8 2.3529e-15
6195.6 2.4028e-15
6198.4 2.4024e-15
6201.2 2.3725e-15
6204.0 2.1367e-15
6206.7 2.1952e-15
6209.5 2.2676e-15
6212.3 2.2394e-15
6215.1 2.2832e-15
6217.9 2.3883e-15
6220.6 2.4061e-15
6223.4 2.3260e-15
6226.2 2.3590e-15
6229.0 2.4638e-15
6231.8 2.4980e-15
6234.5 2.4778e-15
6237.3 2.3957e-15
6240.1 2.5206e-15
6242.9 2.7398e-15
6245.7 2.7178e-15
6248.4 2.6624e-15
6251.2 2.7703e-15
6254.0 2.9024e-15
6256.8 3.0510e-15
6259.6 3.0032e-15
6262.3 3.2214e-15
6265.1 3.1862e-15
6267.9 3.0571e-15
6270.7 3.2219e-15
6273.5 3.3682e-15
6276.2 3.4509e-15
6279.0 3.6287e-15
6281.8 3.7846e-15
6284.6 3.7642e-15
6287.4 3.7347e-15
6290.1 3.8106e-15
6292.9 3.9082e-15
6295.7 3.9929e-15
6298.5 4.0570e-15
6301.3 4.0182e-15
6304.0 4.0097e-15
6306.8 4.0678e-15
6309.6 4.1156e-15
6312.4 4.2366e-15
6315.2 4.3013e-15
6317.9 4.2450e-15
6320.7 4.1507e-15
6323.5 4.3573e-15
6326.3 4.4937e-15
6329.1 4.4754e-15
6331.8 4.5214e-15
6334.6 4.5921e-15
6337.4 4.5907e-15
6340.2 4.5892e-15
6343.0 4.5416e-15
6345.7 4.6691e-15
6348.5 4.4318e-15
6351.3 4.6221e-15
6354.1 4.5593e-15
6356.9 4.5687e-15
6359.6 4.6033e-15
6362.4 4.6714e-15
6365.2 4.6044e-15
6368.0 4.6821e-15
6370.8 4.7528e-15
6373.5 4.6693e-15
6376.3 4.7093e-15
6379.1 4.6291e-15
6381.9 4.7549e-15
6384.7 4.7537e-15
6387.4 4.6484e-15
6390.2 4.6946e-15
6393.0 4.6115e-15
6395.8 4.5601e-15
6398.6 4.5807e-15
6401.3 4.5917e-15
6404.1 4.6647e-15
6406.9 4.6434e-15
6409.7 4.5552e-15
6412.5 4.5124e-15
6415.2 4.4295e-15
6418.0 4.4870e-15
6420.8 4.5351e-15
6423.6 4.4603e-15
6426.3 4.2896e-15
6429.1 4.2928e-15
6431.9 4.3903e-15
6434.7 4.3287e-15
6437.5 4.3827e-15
6440.2 4.4420e-15
6443.0 4.3670e-15
6445.8 4.3322e-15
6448.6 4.3184e-15
6451.4 4.2763e-15
6454.1 4.2750e-15
6456.9 4.2742e-15
6459.7 4.2344e-15
6462.5 4.3119e-15
6465.3 4.4280e-15
6468.0 4.2699e-15
6470.8 4.3040e-15
6473.6 4.2382e-15
6476.4 4.1851e-15
6479.2 4.1904e-15
6481.9 4.1258e-15
6484.7 4.4610e-15
6487.5 4.4224e-15
6490.3 4.3970e-15
6493.1 4.2113e-15
6495.8 4.2500e-15
6498.6 4.1445e-15
6501.4 4.2372e-15
6504.2 4.4653e-15
6507.0 4.3041e-15
6509.7 4.1829e-15
6512.5 4.2675e-15
6515.3 4.3253e-15
6518.1 4.3635e-15
6520.9 4.2170e-15
6523.6 4.1724e-15
6526.4 4.1549e-15
6529.2 4.0678e-15
6532.0 4.2023e-15
6534.8 4.1778e-15
6537.5 4.0221e-15
6540.3 4.1132e-15
6543.1 4.1772e-15
6545.9 4.1618e-15
6548.7 4.0605e-15
6551.4 3.9505e-15
6554.2 3.9913e-15
6557.0 4.0244e-15
6559.8 3.9782e-15
6562.6 3.9667e-15
6565.3 4.1043e-15
6568.1 3.9479e-15
6570.9 3.9531e-15
6573.7 4.0804e-15
6576.5 4.0111e-15
6579.2 4.0061e-15
6582.0 3.8127e-15
6584.8 3.8669e-15
6587.6 3.9096e-15
6590.4 3.8855e-15
6593.1 3.9336e-15
6595.9 3.9986e-15
6598.7 3.8528e-15
6601.5 3.8141e-15
6604.3 3.8504e-15
6607.0 3.7296e-15
6609.8 3.7373e-15
6612.6 3.8283e-15
6615.4 3.8571e-15
6618.2 3.8294e-15
6620.9 3.8552e-15
6623.7 3.7342e-15
6626.5 3.7683e-15
6629.3 3.7522e-15
6632.1 3.6687e-15
6634.8 3.7517e-15
6637.6 3.7946e-15
6640.4 3.6917e-15
6643.2 3.7549e-15
6646.0 3.7480e-15
6648.7 3.6023e-15
6651.5 3.4924e-15
6654.3 3.4567e-15
6657.1 3.5513e-15
6659.9 3.5310e-15
6662.6 3.4418e-15
6665.4 3.3667e-15
6668.2 3.4458e-15
6671.0 3.6030e-15
6673.7 3.5976e-15
6676.5 3.3862e-15
6679.3 3.5080e-15
6682.1 3.4394e-15
6684.9 3.5289e-15
6687.6 3.3678e-15
6690.4 3.4148e-15
6693.2 3.3244e-15
6696.0 3.4287e-15
6698.8 3.3234e-15
6701.5 3.4903e-15
6704.3 3.2553e-15
6707.1 3.2507e-15
6709.9 3.3385e-15
6712.7 3.3683e-15
6715.4 3.4303e-15
6718.2 3.4191e-15
6721.0 3.3970e-15
6723.8 3.2391e-15
6726.6 3.3195e-15
6729.3 3.3213e-15
6732.1 3.2345e-15
6734.9 3.2476e-15
6737.7 3.2449e-15
6740.5 3.2934e-15
6743.2 3.3021e-15
6746.0 3.3237e-15
6748.8 3.2822e-15
6751.6 3.0572e-15
6754.4 3.1022e-15
6757.1 3.2706e-15
6759.9 3.2410e-15
6762.7 3.2631e-15
6765.5 3.2577e-15
6768.3 3.1872e-15
6771.0 3.1438e-15
6773.8 3.0769e-15
6776.6 3.1742e-15
6779.4 3.1659e-15
6782.2 3.1014e-15
6784.9 3.0444e-15
6787.7 3.0085e-15
6790.5 3.0486e-15
6793.3 3.0459e-15
6796.1 3.1193e-15
6798.8 3.0773e-15
6801.6 3.0563e-15
6804.4 3.0466e-15
6807.2 2.9642e-15
6810.0 2.9538e-15
6812.7 3.0177e-15
6815.5 2.9291e-15
6818.3 2.8703e-15
6821.1 2.9123e-15
6823.9 2.9538e-15
6826.6 2.9686e-15
6829.4 2.9906e-15
6832.2 2.9628e-15
6835.0 2.9046e-15
6837.8 2.8894e-15
6840.5 2.9130e-15
6843.3 3.0051e-15
6846.1 2.9118e-15
6848.9 2.8875e-15
6851.7 2.9673e-15
6854.4 2.8459e-15
6857.2 2.7615e-15
6860.0 2.8722e-15
6862.8 2.8554e-15
6865.6 2.7993e-15
6868.3 2.6831e-15
6871.1 2.7818e-15
6873.9 2.8115e-15
6876.7 2.7774e-15
6879.5 2.8747e-15
6882.2 2.9401e-15
6885.0 2.8086e-15
6887.8 2.8230e-15
6890.6 2.8900e-15
6893.4 2.8967e-15
6896.1 2.9204e-15
6898.9 2.8178e-15
6901.7 2.7359e-15
6904.5 2.6471e-15
6907.2 2.6824e-15
6910.0 2.7829e-15
6912.8 2.7804e-15
6915.6 2.7219e-15
6918.4 2.7767e-15
6921.1 2.9067e-15
6923.9 2.8618e-15
6926.7 2.9235e-15
6929.5 2.8318e-15
6932.3 2.9766e-15
6935.0 2.8326e-15
6937.8 2.7885e-15
6940.6 2.7187e-15
6943.4 2.6817e-15
6946.2 2.7381e-15
6948.9 2.8487e-15
6951.7 2.8121e-15
6954.5 2.9186e-15
6957.3 2.8358e-15
6960.1 2.7739e-15
6962.8 2.7310e-15
6965.6 2.7113e-15
6968.4 2.7961e-15
6971.2 2.6636e-15
6974.0 2.5620e-15
6976.7 2.6868e-15
6979.5 2.6781e-15
6982.3 2.5594e-15
6985.1 2.6668e-15
6987.9 2.7681e-15
6990.6 2.6971e-15
6993.4 2.6477e-15
6996.2 2.5918e-15
6999.0 2.6118e-15
7001.8 2.6515e-15
7004.5 2.6931e-15
7007.3 2.6963e-15
7010.1 2.6687e-15
7012.9 2.6430e-15
7015.7 2.6582e-15
7018.4 2.7126e-15
7021.2 2.7390e-15
7024.0 2.7177e-15
7026.8 2.6946e-15
7029.6 2.6940e-15
7032.3 2.7094e-15
7035.1 2.7251e-15
7037.9 2.7275e-15
7040.7 2.7001e-15
7043.5 2.6621e-15
7046.2 2.6706e-15
7049.0 2.7230e-15
7051.8 2.7444e-15
7054.6 2.7151e-15
7057.4 2.6870e-15
7060.1 2.6685e-15
7062.9 2.6326e-15
7065.7 2.5987e-15
7068.5 2.5987e-15
7071.3 2.6179e-15
7074.0 2.6466e-15
7076.8 2.6661e-15
7079.6 2.6273e-15
7082.4 2.5606e-15
7085.2 2.5299e-15
7087.9 2.5444e-15
7090.7 2.5796e-15
7093.5 2.5906e-15
7096.3 2.5812e-15
7099.1 2.5813e-15
7101.8 2.5972e-15
7104.6 2.6133e-15
7107.4 2.6287e-15
7110.2 2.6220e-15
7113.0 2.5845e-15
7115.7 2.5733e-15
7118.5 2.5902e-15
7121.3 2.5935e-15
7124.1 2.5884e-15
7126.9 2.5782e-15
7129.6 2.5822e-15
7132.4 2.6292e-15
7135.2 2.6887e-15
7138.0 2.7340e-15
7140.8 2.7589e-15
7143.5 2.7447e-15
7146.3 2.7125e-15
7149.1 2.6959e-15
7151.9 2.6861e-15
7154.6 2.6680e-15
7157.4 2.6600e-15
7160.2 2.6840e-15
7163.0 2.7230e-15
7165.8 2.7444e-15
7168.5 2.7361e-15
7171.3 2.7212e-15
7174.1 2.7168e-15
7176.9 2.7184e-15
7179.7 2.7050e-15
7182.4 2.6911e-15
7185.2 2.7243e-15
7188.0 2.7560e-15
7190.8 2.7327e-15
7193.6 2.6956e-15
7196.3 2.6698e-15
7199.1 2.6779e-15
7201.9 2.7291e-15
7204.7 2.7548e-15
7207.5 2.7424e-15
7210.2 2.7382e-15
7213.0 2.7312e-15
7215.8 2.7067e-15
7218.6 2.6902e-15
7221.4 2.6996e-15
7224.1 2.7197e-15
7226.9 2.7417e-15
7229.7 2.7652e-15
7232.5 2.7678e-15
7235.3 2.7474e-15
7238.0 2.7394e-15
7240.8 2.7514e-15
7243.6 2.7408e-15
7246.4 2.7183e-15
7249.2 2.7270e-15
7251.9 2.7356e-15
7254.7 2.7198e-15
7257.5 2.6892e-15
7260.3 2.6535e-15
7263.1 2.6343e-15
7265.8 2.6408e-15
7268.6 2.6693e-15
7271.4 2.7182e-15
7274.2 2.7778e-15
7277.0 2.8364e-15
7279.7 2.8566e-15
7282.5 2.7895e-15
7285.3 2.6802e-15
7288.1 2.6251e-15
7290.9 2.6353e-15
7293.6 2.6654e-15
7296.4 2.6987e-15
7299.2 2.7125e-15
7302.0 2.7042e-15
7304.8 2.7193e-15
7307.5 2.7455e-15
7310.3 2.7296e-15
7313.1 2.6933e-15
7315.9 2.6839e-15
7318.7 2.6789e-15
7321.4 2.6663e-15
7324.2 2.6713e-15
7327.0 2.6956e-15
7329.8 2.7268e-15
7332.6 2.7289e-15
7335.3 2.6823e-15
7338.1 2.6453e-15
7340.9 2.6487e-15
7343.7 2.6478e-15
7346.5 2.6441e-15
7349.2 2.6587e-15
7352.0 2.6643e-15
7354.8 2.6690e-15
7357.6 2.6787e-15
7360.4 2.6743e-15
7363.1 2.6932e-15
7365.9 2.7322e-15
7368.7 2.7476e-15
7371.5 2.7263e-15
7374.3 2.6845e-15
7377.0 2.6700e-15
7379.8 2.6992e-15
7382.6 2.7460e-15
7385.4 2.7802e-15
7388.1 2.7791e-15
7390.9 2.7644e-15
7393.7 2.7547e-15
7396.5 2.7360e-15
7399.3 2.7129e-15
7402.0 2.6924e-15
7404.8 2.6692e-15
7407.6 2.6722e-15
7410.4 2.7051e-15
7413.2 2.7174e-15
7415.9 2.7183e-15
7418.7 2.7298e-15
7421.5 2.7358e-15
7424.3 2.7412e-15
7427.1 2.7387e-15
7429.8 2.7241e-15
7432.6 2.7505e-15
7435.4 2.8036e-15
7438.2 2.8048e-15
7441.0 2.7742e-15
7443.7 2.7396e-15
7446.5 2.7159e-15
7449.3 2.7285e-15
7452.1 2.7596e-15
7454.9 2.7869e-15
7457.6 2.7997e-15
7460.4 2.7841e-15
7463.2 2.7545e-15
7466.0 2.7332e-15
7468.8 2.7036e-15
7471.5 2.6518e-15
7474.3 2.6045e-15
7477.1 2.5875e-15
7479.9 2.6237e-15
7482.7 2.7299e-15
7485.4 2.8398e-15
7488.2 2.8744e-15
7491.0 2.8490e-15
7493.8 2.8139e-15
7496.6 2.7837e-15
7499.3 2.7546e-15
7502.1 2.7384e-15
7504.9 2.7368e-15
7507.7 2.7494e-15
7510.5 2.7664e-15
7513.2 2.7701e-15
7516.0 2.7708e-15
7518.8 2.7681e-15
7521.6 2.7560e-15
7524.4 2.7445e-15
7527.1 2.7397e-15
7529.9 2.7373e-15
7532.7 2.7209e-15
7535.5 2.6863e-15
7538.3 2.6588e-15
7541.0 2.6511e-15
7543.8 2.6482e-15
7546.6 2.6669e-15
7549.4 2.7040e-15
7552.2 2.7285e-15
7554.9 2.7377e-15
7557.7 2.7599e-15
7560.5 2.7796e-15
7563.3 2.7670e-15
7566.1 2.7348e-15
7568.8 2.7085e-15
7571.6 2.6810e-15
7574.4 2.6292e-15
7577.2 2.5940e-15
7580.0 2.5961e-15
7582.7 2.6047e-15
7585.5 2.6070e-15
7588.3 2.6003e-15
7591.1 2.6138e-15
7593.9 2.6560e-15
7596.6 2.6792e-15
7599.4 2.6678e-15
7602.2 2.6445e-15
7605.0 2.6356e-15
7607.8 2.6435e-15
7610.5 2.6458e-15
7613.3 2.6578e-15
7616.1 2.6997e-15
7618.9 2.7302e-15
7621.7 2.7526e-15
7624.4 2.7881e-15
7627.2 2.7700e-15
7630.0 2.6971e-15
7632.8 2.6519e-15
7635.5 2.6406e-15
7638.3 2.6319e-15
7641.1 2.6420e-15
7643.9 2.6886e-15
7646.7 2.7503e-15
7649.4 2.7991e-15
7652.2 2.8212e-15
7655.0 2.8190e-15
7657.8 2.8166e-15
7660.6 2.8142e-15
7663.3 2.8044e-15
7666.1 2.8048e-15
7668.9 2.8250e-15
7671.7 2.8451e-15
7674.5 2.8553e-15
7677.2 2.8592e-15
7680.0 2.8204e-15
7682.8 2.7476e-15
7685.6 2.7117e-15
7688.4 2.7070e-15
7691.1 2.7154e-15
7693.9 2.7547e-15
7696.7 2.8019e-15
7699.5 2.8455e-15
7702.3 2.8857e-15
7705.0 2.9015e-15
7707.8 2.8672e-15
7710.6 2.7720e-15
7713.4 2.6857e-15
7716.2 2.6758e-15
7718.9 2.7269e-15
7721.7 2.8181e-15
7724.5 2.9149e-15
7727.3 2.9522e-15
7730.1 2.9529e-15
7732.8 2.9812e-15
7735.6 3.0074e-15
7738.4 2.9868e-15
7741.2 2.9442e-15
7744.0 2.9220e-15
7746.7 2.9017e-15
7749.5 2.8680e-15
7752.3 2.8719e-15
7755.1 2.9444e-15
7757.9 3.0113e-15
7760.6 3.0123e-15
7763.4 2.9888e-15
7766.2 2.9843e-15
7769.0 2.9735e-15
7771.8 2.9359e-15
7774.5 2.9330e-15
7777.3 2.9760e-15
7780.1 2.9880e-15
7782.9 2.9622e-15
7785.7 2.9517e-15
7788.4 2.9795e-15
7791.2 3.0295e-15
7794.0 3.0673e-15
7796.8 3.0893e-15
7799.6 3.1362e-15
7802.3 3.1930e-15
7805.1 3.2189e-15
7807.9 3.2059e-15
7810.7 3.1567e-15
7813.5 3.1179e-15
7816.2 3.1271e-15
7819.0 3.1706e-15
7821.8 3.2214e-15
7824.6 3.2609e-15
7827.4 3.3023e-15
7830.1 3.3739e-15
7832.9 3.4604e-15
7835.7 3.5182e-15
7838.5 3.5598e-15
7841.3 3.5873e-15
7844.0 3.5865e-15
7846.8 3.5704e-15
7849.6 3.5606e-15
7852.4 3.5804e-15
7855.2 3.6173e-15
7857.9 3.6522e-15
7860.7 3.6590e-15
7863.5 3.6077e-15
7866.3 3.5313e-15
7869.1 3.4947e-15
7871.8 3.5165e-15
7874.6 3.5882e-15
7877.4 3.6710e-15
7880.2 3.7178e-15
7882.9 3.7193e-15
7885.7 3.6832e-15
7888.5 3.6408e-15
7891.3 3.6108e-15
7894.1 3.5949e-15
7896.8 3.6034e-15
7899.6 3.6397e-15
7902.4 3.6799e-15
7905.2 3.7055e-15
7908.0 3.7342e-15
7910.7 3.7701e-15
7913.5 3.7824e-15
7916.3 3.7553e-15
7919.1 3.7333e-15
7921.9 3.7633e-15
7924.6 3.8136e-15
7927.4 3.8519e-15
7930.2 3.8700e-15
7933.0 3.8460e-15
7935.8 3.7976e-15
7938.5 3.7772e-15
7941.3 3.7973e-15
7944.1 3.8108e-15
7946.9 3.8111e-15
7949.7 3.8335e-15
7952.4 3.8672e-15
7955.2 3.8707e-15
7958.0 3.8197e-15
7960.8 3.7866e-15
7963.6 3.8018e-15
7966.3 3.7889e-15
7969.1 3.7312e-15
7971.9 3.6938e-15
7974.7 3.6815e-15
7977.5 3.6530e-15
7980.2 3.6127e-15
7983.0 3.6176e-15
7985.8 3.6764e-15
7988.6 3.7196e-15
7991.4 3.7167e-15
7994.1 3.6869e-15
7996.9 3.6389e-15
7999.7 3.6138e-15
8002.5 3.6408e-15
8005.3 3.6287e-15
8008.0 3.5446e-15
8010.8 3.5229e-15
8013.6 3.5738e-15
8016.4 3.5953e-15
8019.2 3.6086e-15
8021.9 3.6550e-15
8024.7 3.6702e-15
8027.5 3.6296e-15
8030.3 3.5599e-15
8033.1 3.4975e-15
8035.8 3.4922e-15
8038.6 3.5293e-15
8041.4 3.5458e-15
8044.2 3.5270e-15
8047.0 3.4959e-15
8049.7 3.4519e-15
8052.5 3.3706e-15
8055.3 3.2980e-15
8058.1 3.3147e-15
8060.9 3.3723e-15
8063.6 3.4194e-15
8066.4 3.4627e-15
8069.2 3.4678e-15
8072.0 3.4379e-15
8074.8 3.3972e-15
8077.5 3.3227e-15
8080.3 3.2303e-15
8083.1 3.2060e-15
8085.9 3.2441e-15
8088.7 3.2468e-15
8091.4 3.2072e-15
8094.2 3.1954e-15
8097.0 3.2388e-15
8099.8 3.3077e-15
8102.6 3.3718e-15
8105.3 3.4063e-15
8108.1 3.4165e-15
8110.9 3.4239e-15
8113.7 3.4008e-15
8116.5 3.3616e-15
8119.2 3.3395e-15
8122.0 3.3547e-15
8124.8 3.3929e-15
8127.6 3.3878e-15
8130.3 3.3500e-15
8133.1 3.3270e-15
8135.9 3.2971e-15
8138.7 3.2705e-15
8141.5 3.2666e-15
8144.2 3.2918e-15
8147.0 3.3268e-15
8149.8 3.3318e-15
8152.6 3.3355e-15
8155.4 3.3324e-15
8158.1 3.2807e-15
8160.9 3.2572e-15
8163.7 3.2779e-15
8166.5 3.2600e-15
8169.3 3.2364e-15
8172.0 3.2654e-15
8174.8 3.3066e-15
8177.6 3.3032e-15
8180.4 3.3153e-15
8183.2 3.3761e-15
8185.9 3.4165e-15
8188.7 3.4173e-15
8191.5 3.4216e-15
8194.3 3.4228e-15
8197.1 3.3849e-15
8199.8 3.3445e-15
8202.6 3.3583e-15
8205.4 3.4116e-15
8208.2 3.4508e-15
8211.0 3.4574e-15
8213.7 3.4495e-15
8216.5 3.4433e-15
8219.3 3.4494e-15
8222.1 3.4602e-15
8224.9 3.4424e-15
8227.6 3.3490e-15
8230.4 3.2422e-15
8233.2 3.2551e-15
8236.0 3.3820e-15
8238.8 3.5041e-15
8241.5 3.5023e-15
8244.3 3.3714e-15
8247.1 3.2595e-15
8249.9 3.2551e-15
8252.7 3.2919e-15
8255.4 3.3030e-15
8258.2 3.2715e-15
8261.0 3.1856e-15
8263.8 3.0905e-15
8266.6 3.0440e-15
8269.3 3.0362e-15
8272.1 3.0826e-15
8274.9 3.1707e-15
8277.7 3.2318e-15
8280.5 3.2356e-15
8283.2 3.1665e-15
8286.0 3.0878e-15
8288.8 3.0763e-15
8291.6 3.0958e-15
8294.4 3.0685e-15
8297.1 3.0066e-15
8299.9 2.9335e-15
8302.7 2.8798e-15
8305.5 2.8834e-15
8308.3 2.9151e-15
8311.0 2.9578e-15
8313.8 3.0310e-15
8316.6 3.0835e-15
8319.4 3.0649e-15
8322.2 3.0290e-15
8324.9 3.0246e-15
8327.7 3.0544e-15
8330.5 3.0880e-15
8333.3 3.0744e-15
8336.1 3.0530e-15
8338.8 3.0572e-15
8341.6 3.0330e-15
8344.4 2.9754e-15
8347.2 2.9206e-15
8350.0 2.8694e-15
8352.7 2.8568e-15
8355.5 2.8533e-15
8358.3 2.8469e-15
8361.1 2.9146e-15
8363.8 3.0297e-15
8366.6 3.0877e-15
8369.4 3.0634e-15
8372.2 2.9829e-15
8375.0 2.9006e-15
8377.7 2.8941e-15
8380.5 2.9626e-15
8383.3 3.0405e-15
8386.1 3.0693e-15
8388.9 3.0244e-15
8391.6 2.9822e-15
8394.4 3.0211e-15
8397.2 3.0585e-15
8400.0 3.0950e-15
8402.8 3.2064e-15
8405.5 3.3280e-15
8408.3 3.3295e-15
8411.1 3.2163e-15
8413.9 3.0939e-15
8416.7 3.0417e-15
8419.4 3.0841e-15
8422.2 3.1620e-15
8425.0 3.2144e-15
8427.8 3.2508e-15
8430.6 3.2604e-15
8433.3 3.2496e-15
8436.1 3.2780e-15
8438.9 3.3329e-15
8441.7 3.3366e-15
8444.5 3.2474e-15
8447.2 3.1682e-15
8450.0 3.1522e-15
8452.8 3.2073e-15
8455.6 3.3119e-15
8458.4 3.3933e-15
8461.1 3.4477e-15
8463.9 3.4713e-15
8466.7 3.4447e-15
8469.5 3.4088e-15
8472.3 3.4057e-15
8475.0 3.4548e-15
8477.8 3.5034e-15
8480.6 3.4886e-15
8483.4 3.4812e-15
8486.2 3.5289e-15
8488.9 3.5930e-15
8491.7 3.6377e-15
8494.5 3.6537e-15
8497.3 3.6670e-15
8500.1 3.6678e-15
8502.8 3.6618e-15
8505.6 3.7013e-15
8508.4 3.7793e-15
8511.2 3.8694e-15
8514.0 3.9533e-15
8516.7 3.9586e-15
8519.5 3.8869e-15
8522.3 3.8808e-15
8525.1 3.9345e-15
8527.9 3.9005e-15
8530.6 3.8362e-15
8533.4 3.8558e-15
8536.2 3.9032e-15
8539.0 3.9257e-15
8541.8 3.9724e-15
8544.5 4.0744e-15
8547.3 4.1220e-15
8550.1 4.0958e-15
8552.9 4.1032e-15
8555.7 4.1687e-15
8558.4 4.2252e-15
8561.2 4.2558e-15
8564.0 4.2909e-15
8566.8 4.3250e-15
8569.6 4.3245e-15
8572.3 4.2799e-15
8575.1 4.2353e-15
8577.9 4.2006e-15
8580.7 4.1513e-15
8583.5 4.1516e-15
8586.2 4.2230e-15
8589.0 4.2838e-15
8591.8 4.3142e-15
8594.6 4.3558e-15
8597.4 4.4333e-15
8600.1 4.4842e-15
8602.9 4.4669e-15
8605.7 4.4222e-15
8608.5 4.3743e-15
8611.2 4.3429e-15
8614.0 4.3506e-15
8616.8 4.3543e-15
8619.6 4.3108e-15
8622.4 4.2414e-15
8625.1 4.2088e-15
8627.9 4.2381e-15
8630.7 4.2876e-15
8633.5 4.2842e-15
8636.3 4.2122e-15
8639.0 4.1632e-15
8641.8 4.2079e-15
8644.6 4.2828e-15
8647.4 4.2673e-15
8650.2 4.1824e-15
8652.9 4.1727e-15
8655.7 4.2646e-15
8658.5 4.3782e-15
8661.3 4.4736e-15
8664.1 4.5241e-15
8666.8 4.4667e-15
8669.6 4.3557e-15
8672.4 4.2877e-15
8675.2 4.2567e-15
8678.0 4.2892e-15
8680.7 4.4004e-15
8683.5 4.4756e-15
8686.3 4.4572e-15
8689.1 4.4254e-15
8691.9 4.4026e-15
8694.6 4.3782e-15
8697.4 4.3840e-15
8700.2 4.3831e-15
8703.0 4.3429e-15
8705.8 4.3064e-15
8708.5 4.2896e-15
8711.3 4.3168e-15
8714.1 4.4316e-15
8716.9 4.5525e-15
8719.7 4.6379e-15
8722.4 4.6611e-15
8725.2 4.5485e-15
8728.0 4.4145e-15
8730.8 4.4031e-15
8733.6 4.4342e-15
8736.3 4.4600e-15
8739.1 4.5171e-15
8741.9 4.5129e-15
8744.7 4.4050e-15
8747.5 4.3275e-15
8750.2 4.3634e-15
8753.0 4.4614e-15
8755.8 4.4977e-15
8758.6 4.3886e-15
8761.4 4.2497e-15
8764.1 4.2380e-15
8766.9 4.3165e-15
8769.7 4.3539e-15
8772.5 4.2678e-15
8775.3 4.1601e-15
8778.0 4.1446e-15
8780.8 4.1768e-15
8783.6 4.2696e-15
8786.4 4.4126e-15
8789.2 4.4615e-15
8791.9 4.4236e-15
8794.7 4.4260e-15
8797.5 4.4804e-15
8800.3 4.5275e-15
8803.1 4.5427e-15
8805.8 4.5437e-15
8808.6 4.5382e-15
8811.4 4.5377e-15
8814.2 4.5588e-15
8817.0 4.5926e-15
