3975.3 1.9318e-14
3978.0 2.0926e-14
3980.8 2.1166e-14
3983.6 2.1231e-14
3986.4 2.1494e-14
3989.2 2.1763e-14
3992.0 2.1611e-14
3994.7 2.1367e-14
3997.5 2.1492e-14
4000.3 2.1697e-14
4003.1 2.1431e-14
4005.9 2.0901e-14
4008.6 2.0886e-14
4011.4 2.0830e-14
4014.2 2.0318e-14
4017.0 1.9936e-14
4019.8 1.9545e-14
4022.6 1.9230e-14
4025.3 1.9314e-14
4028.1 1.9312e-14
4030.9 1.8927e-14
4033.7 1.8684e-14
4036.5 1.8864e-14
4039.3 1.8503e-14
4042.0 1.8343e-14
4044.8 1.8247e-14
4047.6 1.8178e-14
4050.4 1.7972e-14
4053.2 1.7940e-14
4056.0 1.7901e-14
4058.7 1.8011e-14
4061.5 1.8145e-14
4064.3 1.8264e-14
4067.1 1.8527e-14
4069.9 1.8447e-14
4072.7 1.8726e-14
4075.4 1.8799e-14
4078.2 1.9045e-14
4081.0 1.8939e-14
4083.8 1.9375e-14
4086.6 1.9708e-14
4089.3 1.9694e-14
4092.1 1.9729e-14
4094.9 2.0397e-14
4097.7 2.0496e-14
4100.5 2.0683e-14
4103.3 2.0740e-14
4106.0 2.0969e-14
4108.8 2.1474e-14
4111.6 2.1328e-14
4114.4 2.1278e-14
4117.2 2.1422e-14
4120.0 2.1397e-14
4122.7 2.1767e-14
4125.5 2.1764e-14
4128.3 2.1640e-14
4131.1 2.1497e-14
4133.9 2.1618e-14
4136.7 2.1503e-14
4139.4 2.1441e-14
4142.2 2.1262e-14
4145.0 2.1025e-14
4147.8 2.0920e-14
4150.6 2.1002e-14
4153.4 2.0746e-14
4156.1 2.0499e-14
4158.9 2.0245e-14
4161.7 2.0142e-14
4164.5 2.0291e-14
4167.3 2.0065e-14
4170.0 1.9712e-14
4172.8 1.9610e-14
4175.6 1.9547e-14
4178.4 1.9390e-14
4181.2 1.9065e-14
4184.0 1.8711e-14
4186.7 1.8569e-14
4189.5 1.8507e-14
4192.3 1.8587e-14
4195.1 1.8360e-14
4197.9 1.8106e-14
4200.7 1.8295e-14
4203.4 1.8351e-14
4206.2 1.8271e-14
4209.0 1.8325e-14
4211.8 1.8468e-14
4214.6 1.8516e-14
4217.4 1.8455e-14
4220.1 1.8404e-14
4222.9 1.8461e-14
4225.7 1.8894e-14
4228.5 1.9103e-14
4231.3 1.8942e-14
4234.1 1.8924e-14
4236.8 1.8860e-14
4239.6 1.8717e-14
4242.4 1.8601e-14
4245.2 1.8279e-14
4248.0 1.8056e-14
4250.8 1.7654e-14
4253.5 1.7468e-14
4256.3 1.7018e-14
4259.1 1.6825e-14
4261.9 1.6665e-14
4264.7 1.6681e-14
4267.4 1.6583e-14
4270.2 1.6111e-14
4273.0 1.5898e-14
4275.8 1.5723e-14
4278.6 1.5302e-14
4281.4 1.4914e-14
4284.1 1.4939e-14
4286.9 1.4467e-14
4289.7 1.4347e-14
4292.5 1.4164e-14
4295.3 1.4087e-14
4298.1 1.4016e-14
4300.8 1.3641e-14
4303.6 1.3444e-14
4306.4 1.3384e-14
4309.2 1.3295e-14
4312.0 1.3199e-14
4314.8 1.2903e-14
4317.5 1.2936e-14
4320.3 1.2587e-14
4323.1 1.2310e-14
4325.9 1.2467e-14
4328.7 1.2118e-14
4331.5 1.1885e-14
4334.2 1.1686e-14
4337.0 1.1421e-14
4339.8 1.1307e-14
4342.6 1.1040e-14
4345.4 1.1050e-14
4348.1 1.0832e-14
4350.9 1.0671e-14
4353.7 1.0323e-14
4356.5 1.0347e-14
4359.3 1.0383e-14
4362.1 1.0337e-14
4364.8 1.0437e-14
4367.6 1.0265e-14
4370.4 1.0187e-14
4373.2 1.0252e-14
4376.0 1.0381e-14
4378.8 1.0591e-14
4381.5 1.0628e-14
4384.3 1.0630e-14
4387.1 1.0778e-14
4389.9 1.0940e-14
4392.7 1.0972e-14
4395.5 1.0989e-14
4398.2 1.0995e-14
4401.0 1.1115e-14
4403.8 1.1154e-14
4406.6 1.1198e-14
4409.4 1.1239e-14
4412.2 1.1417e-14
4414.9 1.1508e-14
4417.7 1.1527e-14
4420.5 1.1617e-14
4423.3 1.1721e-14
4426.1 1.2016e-14
4428.8 1.2026e-14
4431.6 1.2094e-14
4434.4 1.2114e-14
4437.2 1.2410e-14
4440.0 1.2369e-14
4442.8 1.2494e-14
4445.5 1.2649e-14
4448.3 1.2630e-14
4451.1 1.2798e-14
4453.9 1.2679e-14
4456.7 1.2681e-14
4459.5 1.2777e-14
4462.2 1.2856e-14
4465.0 1.2725e-14
4467.8 1.2812e-14
4470.6 1.2646e-14
4473.4 1.2351e-14
4476.2 1.2269e-14
4478.9 1.2087e-14
4481.7 1.2025e-14
4484.5 1.2062e-14
4487.3 1.1949e-14
4490.1 1.1679e-14
4492.9 1.1691e-14
4495.6 1.1662e-14
4498.4 1.1810e-14
4501.2 1.1869e-14
4504.0 1.1792e-14
4506.8 1.2095e-14
4509.5 1.2337e-14
4512.3 1.2584e-14
4515.1 1.2543e-14
4517.9 1.2863e-14
4520.7 1.3057e-14
4523.5 1.3121e-14
4526.2 1.3322e-14
4529.0 1.3581e-14
4531.8 1.3761e-14
4534.6 1.3945e-14
4537.4 1.4081e-14
4540.2 1.3970e-14
4542.9 1.4215e-14
4545.7 1.4229e-14
4548.5 1.4360e-14
4551.3 1.4514e-14
4554.1 1.4671e-14
4556.9 1.4353e-14
4559.6 1.4411e-14
4562.4 1.4385e-14
4565.2 1.4443e-14
4568.0 1.4410e-14
4570.8 1.4243e-14
4573.6 1.4137e-14
4576.3 1.4168e-14
4579.1 1.4173e-14
4581.9 1.4151e-14
4584.7 1.4279e-14
4587.5 1.4207e-14
4590.2 1.3996e-14
4593.0 1.4006e-14
4595.8 1.3940e-14
4598.6 1.3851e-14
4601.4 1.3698e-14
4604.2 1.3637e-14
4606.9 1.3664e-14
4609.7 1.3439e-14
4612.5 1.3435e-14
4615.3 1.3486e-14
4618.1 1.3365e-14
4620.9 1.3297e-14
4623.6 1.3415e-14
4626.4 1.3381e-14
4629.2 1.3311e-14
4632.0 1.3247e-14
4634.8 1.3296e-14
4637.6 1.3332e-14
4640.3 1.3207e-14
4643.1 1.3434e-14
4645.9 1.3393e-14
4648.7 1.3307e-14
4651.5 1.3384e-14
4654.3 1.3379e-14
4657.0 1.3303e-14
4659.8 1.3419e-14
4662.6 1.3499e-14
4665.4 1.3418e-14
4668.2 1.3209e-14
4670.9 1.3314e-14
4673.7 1.3331e-14
4676.5 1.3188e-14
4679.3 1.3117e-14
4682.1 1.2967e-14
4684.9 1.2765e-14
4687.6 1.2592e-14
4690.4 1.2507e-14
4693.2 1.2410e-14
4696.0 1.2232e-14
4698.8 1.2101e-14
4701.6 1.2026e-14
4704.3 1.1720e-14
4707.1 1.1674e-14
4709.9 1.1389e-14
4712.7 1.1145e-14
4715.5 1.1107e-14
4718.3 1.0839e-14
4721.0 1.0671e-14
4723.8 1.0712e-14
4726.6 1.0574e-14
4729.4 1.0398e-14
4732.2 1.0390e-14
4735.0 1.0264e-14
4737.7 1.0245e-14
4740.5 1.0226e-14
4743.3 1.0107e-14
4746.1 1.0046e-14
4748.9 1.0188e-14
4751.7 1.0075e-14
4754.4 9.9485e-15
4757.2 1.0003e-14
4760.0 1.0035e-14
4762.8 1.0135e-14
4765.6 1.0040e-14
4768.3 9.9875e-15
4771.1 1.0101e-14
4773.9 1.0040e-14
4776.7 1.0086e-14
4779.5 1.0224e-14
4782.3 1.0066e-14
4785.0 9.9498e-15
4787.8 9.8885e-15
4790.6 9.8324e-15
4793.4 9.8179e-15
4796.2 9.6829e-15
4799.0 9.6525e-15
4801.7 9.5049e-15
4804.5 9.3376e-15
4807.3 9.3370e-15
4810.1 9.2172e-15
4812.9 9.1047e-15
4815.7 8.9554e-15
4818.4 8.9661e-15
4821.2 8.8582e-15
4824.0 8.8247e-15
4826.8 8.7030e-15
4829.6 8.7232e-15
4832.4 8.6811e-15
4835.1 8.6917e-15
4837.9 8.6748e-15
4840.7 8.8493e-15
4843.5 8.6641e-15
4846.3 8.7735e-15
4849.0 8.8497e-15
4851.8 8.8017e-15
4854.6 8.9159e-15
4857.4 9.0347e-15
4860.2 9.0759e-15
4863.0 9.0801e-15
4865.7 9.1280e-15
4868.5 9.0658e-15
4871.3 8.9447e-15
4874.1 8.8197e-15
4876.9 8.7914e-15
4879.7 8.7718e-15
4882.4 8.7490e-15
4885.2 8.6118e-15
4888.0 8.5566e-15
4890.8 8.3942e-15
4893.6 8.2773e-15
4896.4 8.1148e-15
4899.1 8.0055e-15
4901.9 7.9377e-15
4904.7 7.8191e-15
4907.5 7.6442e-15
4910.3 7.5865e-15
4913.1 7.5806e-15
4915.8 7.3554e-15
4918.6 7.2917e-15
4921.4 7.0623e-15
4924.2 7.0387e-15
4927.0 6.9757e-15
4929.7 6.9004e-15
4932.5 6.9184e-15
4935.3 6.8145e-15
4938.1 6.8090e-15
4940.9 6.8465e-15
4943.7 6.8956e-15
4946.4 6.9529e-15
4949.2 7.0376e-15
4952.0 7.1392e-15
4954.8 7.2412e-15
4957.6 7.2997e-15
4960.4 7.3713e-15
4963.1 7.4810e-15
4965.9 7.4661e-15
4968.7 7.5670e-15
4971.5 7.5848e-15
4974.3 7.6609e-15
4977.1 7.6733e-15
4979.8 7.6265e-15
4982.6 7.5993e-15
4985.4 7.6253e-15
4988.2 7.6721e-15
4991.0 7.5563e-15
4993.8 7.6320e-15
4996.5 7.5219e-15
4999.3 7.6132e-15
5002.1 7.7026e-15
5004.9 7.6160e-15
5007.7 7.5600e-15
5010.4 7.5487e-15
5013.2 7.5834e-15
5016.0 7.5030e-15
5018.8 7.5068e-15
5021.6 7.4443e-15
5024.4 7.3840e-15
5027.1 7.4976e-15
5029.9 7.3934e-15
5032.7 7.3051e-15
5035.5 7.3162e-15
5038.3 7.3257e-15
5041.1 7.3028e-15
5043.8 7.2950e-15
5046.6 7.1895e-15
5049.4 7.1555e-15
5052.2 7.3674e-15
5055.0 7.3201e-15
5057.8 7.3545e-15
5060.5 7.4393e-15
5063.3 7.2477e-15
5066.1 7.3662e-15
5068.9 7.3426e-15
5071.7 7.3407e-15
5074.5 7.3886e-15
5077.2 7.3416e-15
5080.0 7.4320e-15
5082.8 7.5454e-15
5085.6 7.6046e-15
5088.4 7.6408e-15
5091.1 7.7538e-15
5093.9 7.7916e-15
5096.7 7.7624e-15
5099.5 7.8623e-15
5102.3 7.9889e-15
5105.1 8.0053e-15
5107.8 8.0903e-15
5110.6 8.0175e-15
5113.4 8.1311e-15
5116.2 8.2360e-15
5119.0 8.2112e-15
5121.8 8.2692e-15
5124.5 8.3224e-15
5127.3 8.4530e-15
5130.1 8.5299e-15
5132.9 8.6307e-15
5135.7 8.7521e-15
5138.5 8.8109e-15
5141.2 8.7611e-15
5144.0 8.8553e-15
5146.8 9.0094e-15
5149.6 9.1492e-15
5152.4 9.1318e-15
5155.2 9.2475e-15
5157.9 9.3891e-15
5160.7 9.4453e-15
5163.5 9.5004e-15
5166.3 9.4625e-15
5169.1 9.4837e-15
5171.9 9.5055e-15
5174.6 9.4308e-15
5177.4 9.5082e-15
5180.2 9.6758e-15
5183.0 9.7103e-15
5185.8 9.7485e-15
5188.5 9.7246e-15
5191.3 9.7674e-15
5194.1 9.6193e-15
5196.9 9.6085e-15
5199.7 9.5526e-15
5202.5 9.5551e-15
5205.2 9.4518e-15
5208.0 9.3537e-15
5210.8 9.3585e-15
5213.6 9.3287e-15
5216.4 9.2215e-15
5219.2 9.1207e-15
5221.9 8.9677e-15
5224.7 8.8942e-15
5227.5 8.8565e-15
5230.3 8.8682e-15
5233.1 8.7340e-15
5235.9 8.7666e-15
5238.6 8.7423e-15
5241.4 8.6236e-15
5244.2 8.7361e-15
5247.0 8.7412e-15
5249.8 8.6161e-15
5252.6 8.6173e-15
5255.3 8.7143e-15
5258.1 8.6928e-15
5260.9 8.7577e-15
5263.7 8.6840e-15
5266.5 8.6194e-15
5269.2 8.7191e-15
5272.0 8.6634e-15
5274.8 8.6056e-15
5277.6 8.5376e-15
5280.4 8.4330e-15
5283.2 8.3092e-15
5285.9 8.2781e-15
5288.7 8.2240e-15
5291.5 7.9848e-15
5294.3 7.9359e-15
5297.1 7.8168e-15
5299.9 7.6250e-15
5302.6 7.4079e-15
5305.4 7.2703e-15
5308.2 7.1392e-15
5311.0 6.8959e-15
5313.8 6.8370e-15
5316.6 6.5947e-15
5319.3 6.4667e-15
5322.1 6.4512e-15
5324.9 6.3098e-15
5327.7 6.1815e-15
5330.5 5.9911e-15
5333.3 5.9189e-15
5336.0 5.8183e-15
5338.8 5.7312e-15
5341.6 5.6290e-15
5344.4 5.5850e-15
5347.2 5.5973e-15
5349.9 5.4851e-15
5352.7 5.4439e-15
5355.5 5.4999e-15
5358.3 5.4783e-15
5361.1 5.4757e-15
5363.9 5.4525e-15
5366.6 5.4392e-15
5369.4 5.5754e-15
5372.2 5.5543e-15
5375.0 5.5958e-15
5377.8 5.6264e-15
5380.6 5.6447e-15
5383.3 5.7004e-15
5386.1 5.6821e-15
5388.9 5.7001e-15
5391.7 5.6951e-15
5394.5 5.7763e-15
5397.3 5.7559e-15
5400.0 5.8139e-15
5402.8 5.8627e-15
5405.6 5.7975e-15
5408.4 5.9681e-15
5411.2 5.9700e-15
5414.0 5.9454e-15
5416.7 6.0634e-15
5419.5 6.1706e-15
5422.3 6.1189e-15
5425.1 6.2557e-15
5427.9 6.2714e-15
5430.6 6.3042e-15
5433.4 6.3615e-15
5436.2 6.3753e-15
5439.0 6.4619e-15
5441.8 6.4050e-15
5444.6 6.4253e-15
5447.3 6.3970e-15
5450.1 6.4034e-15
5452.9 6.3916e-15
5455.7 6.3313e-15
5458.5 6.3467e-15
5461.3 6.3299e-15
5464.0 6.2257e-15
5466.8 6.1261e-15
5469.6 6.0699e-15
5472.4 6.1045e-15
5475.2 6.0778e-15
5478.0 6.0519e-15
5480.7 6.0050e-15
5483.5 5.9367e-15
5486.3 5.8412e-15
5489.1 5.7561e-15
5491.9 5.7866e-15
5494.7 5.6638e-15
5497.4 5.6219e-15
5500.2 5.5518e-15
5503.0 5.4864e-15
5505.8 5.3893e-15
5508.6 5.2273e-15
5511.3 5.1110e-15
5514.1 5.0683e-15
5516.9 5.0871e-15
5519.7 5.0380e-15
5522.5 4.9462e-15
5525.3 4.8610e-15
5528.0 4.8102e-15
5530.8 4.7885e-15
5533.6 4.8025e-15
5536.4 4.8056e-15
5539.2 4.7514e-15
5542.0 4.7905e-15
5544.7 4.8516e-15
5547.5 4.8821e-15
5550.3 4.8385e-15
5553.1 4.9396e-15
5555.9 5.0569e-15
5558.7 5.1549e-15
5561.4 5.2275e-15
5564.2 5.3597e-15
5567.0 5.4612e-15
5569.8 5.5935e-15
5572.6 5.6804e-15
5575.4 5.7968e-15
5578.1 5.9470e-15
5580.9 5.9991e-15
5583.7 6.0257e-15
5586.5 6.1538e-15
5589.3 6.1652e-15
5592.0 6.2563e-15
5594.8 6.2847e-15
5597.6 6.3476e-15
5600.4 6.4665e-15
5603.2 6.5264e-15
5606.0 6.5477e-15
5608.7 6.6421e-15
5611.5 6.6796e-15
5614.3 6.7522e-15
5617.1 6.8516e-15
5619.9 6.8665e-15
5622.7 6.8395e-15
5625.4 6.8932e-15
5628.2 6.9447e-15
5631.0 6.8476e-15
5633.8 6.9110e-15
5636.6 6.8666e-15
5639.4 6.8446e-15
5642.1 6.8145e-15
5644.9 6.7880e-15
5647.7 6.8207e-15
5650.5 6.8356e-15
5653.3 6.8249e-15
5656.1 6.8146e-15
5658.8 6.8917e-15
5661.6 6.9583e-15
5664.4 6.9395e-15
5667.2 6.9432e-15
5670.0 6.9674e-15
5672.8 6.9090e-15
5675.5 6.8727e-15
5678.3 6.9109e-15
5681.1 6.9241e-15
5683.9 6.9319e-15
5686.7 6.9308e-15
5689.4 6.9178e-15
5692.2 6.9003e-15
5695.0 6.8247e-15
5697.8 6.7876e-15
5700.6 6.6877e-15
5703.4 6.6807e-15
5706.1 6.6743e-15
5708.9 6.6330e-15
5711.7 6.6080e-15
5714.5 6.5227e-15
5717.3 6.4858e-15
5720.1 6.4675e-15
5722.8 6.4566e-15
5725.6 6.4894e-15
5728.4 6.4604e-15
5731.2 6.3826e-15
5734.0 6.4232e-15
5736.8 6.3373e-15
5739.5 6.3393e-15
5742.3 6.3110e-15
5745.1 6.3115e-15
5747.9 6.2759e-15
5750.7 6.2505e-15
5753.5 6.2485e-15
5756.2 6.2724e-15
5759.0 6.2695e-15
5761.8 6.2863e-15
5764.6 6.2449e-15
5767.4 6.1436e-15
5770.1 6.1701e-15
5772.9 6.2317e-15
5775.7 6.1371e-15
5778.5 6.1260e-15
5781.3 6.1407e-15
5784.1 6.0882e-15
5786.8 6.0609e-15
5789.6 6.0940e-15
5792.4 6.0376e-15
5795.2 5.9870e-15
5798.0 5.9813e-15
5800.8 5.9670e-15
5803.5 5.9491e-15
5806.3 5.9745e-15
5809.1 5.8680e-15
5811.9 5.8294e-15
5814.7 5.8168e-15
5817.5 5.8336e-15
5820.2 5.7538e-15
5823.0 5.7014e-15
5825.8 5.7386e-15
5828.6 5.7004e-15
5831.4 5.7245e-15
5834.2 5.6839e-15
5836.9 5.6889e-15
5839.7 5.6946e-15
5842.5 5.6590e-15
5845.3 5.6000e-15
5848.1 5.5809e-15
5850.8 5.6388e-15
5853.6 5.5869e-15
5856.4 5.5915e-15
5859.2 5.6042e-15
5862.0 5.5880e-15
5864.8 5.5992e-15
5867.5 5.6097e-15
5870.3 5.6031e-15
5873.1 5.6228e-15
5875.9 5.5938e-15
5878.7 5.5982e-15
5881.5 5.6100e-15
5884.2 5.6094e-15
5887.0 5.5373e-15
5889.8 5.5357e-15
5892.6 5.5048e-15
5895.4 5.5704e-15
5898.2 5.6334e-15
5900.9 5.7024e-15
5903.7 5.7093e-15
5906.5 5.7616e-15
5909.3 5.8259e-15
5912.1 5.7442e-15
5914.9 5.7267e-15
5917.6 5.7144e-15
5920.4 5.7022e-15
5923.2 5.7109e-15
5926.0 5.7073e-15
5928.8 5.6258e-15
5931.5 5.6441e-15
5934.3 5.6376e-15
5937.1 5.6262e-15
5939.9 5.6477e-15
5942.7 5.6077e-15
5945.5 5.5761e-15
5948.2 5.5986e-15
5951.0 5.5329e-15
5953.8 5.6132e-15
5956.6 5.6476e-15
5959.4 5.5971e-15
5962.2 5.5997e-15
5964.9 5.5526e-15
5967.7 5.5496e-15
5970.5 5.5931e-15
5973.3 5.6077e-15
5976.1 5.5757e-15
5978.9 5.5798e-15
5981.6 5.5589e-15
5984.4 5.6135e-15
5987.2 5.5496e-15
5990.0 5.5561e-15
5992.8 5.6014e-15
5995.6 5.6164e-15
5998.3 5.5614e-15
6001.1 5.4748e-15
6003.9 5.4517e-15
6006.7 5.4614e-15
6009.5 5.4605e-15
6012.2 5.3915e-15
6015.0 5.3506e-15
6017.8 5.3307e-15
6020.6 5.3402e-15
6023.4 5.3390e-15
6026.2 5.3289e-15
6028.9 5.2651e-15
6031.7 5.2403e-15
6034.5 5.3095e-15
6037.3 5.2478e-15
6040.1 5.2388e-15
6042.9 5.2761e-15
6045.6 5.2862e-15
6048.4 5.3053e-15
6051.2 5.2637e-15
6054.0 5.2068e-15
6056.8 5.1419e-15
6059.6 5.1849e-15
6062.3 5.1740e-15
6065.1 5.0974e-15
6067.9 5.1345e-15
6070.7 5.1392e-15
6073.5 5.0511e-15
6076.3 5.0215e-15
6079.0 5.0464e-15
6081.8 4.9859e-15
6084.6 4.9681e-15
6087.4 4.9353e-15
6090.2 4.9295e-15
6093.0 4.9034e-15
6095.7 4.8232e-15
6098.5 4.8044e-15
6101.3 4.7950e-15
6104.1 4.7264e-15
6106.9 4.6195e-15
6109.6 4.6132e-15
6112.4 4.5569e-15
6115.2 4.4253e-15
6118.0 4.3955e-15
6120.8 4.3442e-15
6123.6 4.2631e-15
6126.3 4.1518e-15
6129.1 4.0414e-15
6131.9 3.9495e-15
6134.7 3.8497e-15
6137.5 3.7286e-15
6140.3 3.6131e-15
6143.0 3.5239e-15
6145.8 3.4152e-15
6148.6 3.2480e-15
6151.4 3.1364e-15
6154.2 3.0240e-15
6157.0 2.9246e-15
6159.7 2.8654e-15
6162.5 2.7363e-15
6165.3 2.6147e-15
6168.1 2.5007e-15
6170.9 2.4285e-15
6173.7 2.3326e-15
6176.4 2.2768e-15
6179.2 2.1725e-15
6182.0 2.1505e-15
6184.8 2.0693e-15
6187.6 2.0441e-15
6190.3 1.9637e-15
6193.1 1.9462e-15
6195.9 1.8962e-15
6198.7 1.8743e-15
6201.5 1.8053e-15
6204.3 1.8575e-15
6207.0 1.8865e-15
6209.8 1.8661e-15
6212.6 1.8406e-15
6215.4 1.8766e-15
6218.2 1.9202e-15
6221.0 1.9002e-15
6223.7 1.9182e-15
6226.5 1.9477e-15
6229.3 1.9571e-15
6232.1 2.0141e-15
6234.9 2.0560e-15
6237.7 2.0803e-15
6240.4 2.1273e-15
6243.2 2.1592e-15
6246.0 2.1889e-15
6248.8 2.2828e-15
6251.6 2.3348e-15
6254.4 2.4057e-15
6257.1 2.4547e-15
6259.9 2.5019e-15
6262.7 2.5801e-15
6265.5 2.6549e-15
6268.3 2.7148e-15
6271.0 2.7760e-15
6273.8 2.8763e-15
6276.6 2.9734e-15
6279.4 3.0359e-15
6282.2 3.0996e-15
6285.0 3.1772e-15
6287.7 3.2408e-15
6290.5 3.2958e-15
6293.3 3.3867e-15
6296.1 3.4826e-15
6298.9 3.5180e-15
6301.7 3.5697e-15
6304.4 3.6551e-15
6307.2 3.7148e-15
6310.0 3.7409e-15
6312.8 3.7791e-15
6315.6 3.8525e-15
6318.4 3.8913e-15
6321.1 3.9389e-15
6323.9 3.9812e-15
6326.7 3.9972e-15
6329.5 3.9875e-15
6332.3 4.0349e-15
6335.1 4.0431e-15
6337.8 4.0974e-15
6340.6 4.0951e-15
6343.4 4.0772e-15
6346.2 4.1239e-15
6349.0 4.1372e-15
6351.7 4.1718e-15
6354.5 4.1492e-15
6357.3 4.1355e-15
6360.1 4.1952e-15
6362.9 4.1926e-15
6365.7 4.1526e-15
6368.4 4.1447e-15
6371.2 4.1634e-15
6374.0 4.1155e-15
6376.8 4.1143e-15
6379.6 4.1109e-15
6382.4 4.0564e-15
6385.1 4.0672e-15
6387.9 4.0532e-15
6390.7 4.0410e-15
6393.5 4.0413e-15
6396.3 3.9898e-15
6399.1 3.9747e-15
6401.8 3.9672e-15
6404.6 3.9537e-15
6407.4 3.9419e-15
6410.2 3.8978e-15
6413.0 3.8819e-15
6415.8 3.8819e-15
6418.5 3.8356e-15
6421.3 3.7884e-15
6424.1 3.8025e-15
6426.9 3.8042e-15
6429.7 3.7596e-15
6432.4 3.7293e-15
6435.2 3.6995e-15
6438.0 3.6441e-15
6440.8 3.5940e-15
6443.6 3.6089e-15
6446.4 3.6176e-15
6449.1 3.5547e-15
6451.9 3.5483e-15
6454.7 3.5946e-15
6457.5 3.5545e-15
6460.3 3.5264e-15
6463.1 3.5060e-15
6465.8 3.5228e-15
6468.6 3.5264e-15
6471.4 3.5845e-15
6474.2 3.5580e-15
6477.0 3.4924e-15
6479.8 3.5358e-15
6482.5 3.5733e-15
6485.3 3.5577e-15
6488.1 3.5059e-15
6490.9 3.5335e-15
6493.7 3.5327e-15
6496.5 3.5196e-15
6499.2 3.5170e-15
6502.0 3.5090e-15
6504.8 3.4946e-15
6507.6 3.4475e-15
6510.4 3.4429e-15
6513.1 3.4330e-15
6515.9 3.4113e-15
6518.7 3.4285e-15
6521.5 3.4243e-15
6524.3 3.4177e-15
6527.1 3.3823e-15
6529.8 3.3427e-15
6532.6 3.3728e-15
6535.4 3.3595e-15
6538.2 3.3611e-15
6541.0 3.3518e-15
6543.8 3.3330e-15
6546.5 3.3674e-15
6549.3 3.3461e-15
6552.1 3.3309e-15
6554.9 3.3414e-15
6557.7 3.3329e-15
6560.5 3.3126e-15
6563.2 3.2798e-15
6566.0 3.2965e-15
6568.8 3.2957e-15
6571.6 3.3010e-15
6574.4 3.2772e-15
6577.2 3.2282e-15
6579.9 3.2248e-15
6582.7 3.2163e-15
6585.5 3.2018e-15
6588.3 3.1711e-15
6591.1 3.1893e-15
6593.9 3.1677e-15
6596.6 3.1415e-15
6599.4 3.1256e-15
6602.2 3.1150e-15
6605.0 3.0952e-15
6607.8 3.0934e-15
6610.5 3.0784e-15
6613.3 3.1179e-15
6616.1 3.0995e-15
6618.9 3.0413e-15
6621.7 3.0301e-15
6624.5 3.0405e-15
6627.2 3.0486e-15
6630.0 3.0369e-15
6632.8 3.0130e-15
6635.6 2.9824e-15
6638.4 3.0087e-15
6641.2 2.9826e-15
6643.9 2.9137e-15
6646.7 2.9180e-15
6649.5 2.8872e-15
6652.3 2.8256e-15
6655.1 2.8386e-15
6657.9 2.8421e-15
6660.6 2.8451e-15
6663.4 2.8308e-15
6666.2 2.7498e-15
6669.0 2.7415e-15
6671.8 2.7278e-15
6674.6 2.7473e-15
6677.3 2.7538e-15
6680.1 2.7152e-15
6682.9 2.6906e-15
6685.7 2.6581e-15
6688.5 2.6499e-15
6691.2 2.6732e-15
6694.0 2.6929e-15
6696.8 2.6039e-15
6699.6 2.5790e-15
6702.4 2.5689e-15
6705.2 2.5737e-15
6707.9 2.5473e-15
6710.7 2.5416e-15
6713.5 2.5158e-15
6716.3 2.5213e-15
6719.1 2.5134e-15
6721.9 2.4723e-15
6724.6 2.4673e-15
6727.4 2.4505e-15
6730.2 2.4447e-15
6733.0 2.4352e-15
6735.8 2.4274e-15
6738.6 2.4529e-15
6741.3 2.4529e-15
6744.1 2.4270e-15
6746.9 2.4218e-15
6749.7 2.4190e-15
6752.5 2.4093e-15
6755.3 2.4090e-15
6758.0 2.3948e-15
6760.8 2.3738e-15
6763.6 2.3750e-15
6766.4 2.3659e-15
6769.2 2.3567e-15
6771.9 2.3601e-15
6774.7 2.3414e-15
6777.5 2.3277e-15
6780.3 2.3437e-15
6783.1 2.3210e-15
6785.9 2.2871e-15
6788.6 2.3103e-15
6791.4 2.3343e-15
6794.2 2.2969e-15
6797.0 2.2583e-15
6799.8 2.2724e-15
6802.6 2.2631e-15
6805.3 2.2416e-15
6808.1 2.2252e-15
6810.9 2.2169e-15
6813.7 2.1944e-15
6816.5 2.1790e-15
6819.3 2.1781e-15
6822.0 2.2106e-15
6824.8 2.1563e-15
6827.6 2.1504e-15
6830.4 2.1593e-15
6833.2 2.0978e-15
6836.0 2.1026e-15
6838.7 2.1395e-15
6841.5 2.1355e-15
6844.3 2.1172e-15
6847.1 2.0880e-15
6849.9 2.0753e-15
6852.6 2.0950e-15
6855.4 2.0507e-15
6858.2 1.9855e-15
6861.0 1.9697e-15
6863.8 1.9511e-15
6866.6 1.9187e-15
6869.3 1.8577e-15
6872.1 1.8738e-15
6874.9 1.8979e-15
6877.7 1.9182e-15
6880.5 1.9529e-15
6883.3 1.9359e-15
6886.0 1.9437e-15
6888.8 1.9123e-15
6891.6 1.9153e-15
6894.4 1.9305e-15
6897.2 1.9218e-15
6900.0 1.9134e-15
6902.7 1.9205e-15
6905.5 1.9247e-15
6908.3 1.9193e-15
6911.1 1.9209e-15
6913.9 1.9098e-15
6916.7 1.8807e-15
6919.4 1.8889e-15
6922.2 1.9109e-15
6925.0 1.9030e-15
6927.8 1.9094e-15
6930.6 1.9043e-15
6933.3 1.8927e-15
6936.1 1.9383e-15
6938.9 1.9296e-15
6941.7 1.8781e-15
6944.5 1.8740e-15
6947.3 1.8751e-15
6950.0 1.8898e-15
6952.8 1.8711e-15
6955.6 1.8550e-15
6958.4 1.8413e-15
6961.2 1.7867e-15
6964.0 1.8103e-15
6966.7 1.8551e-15
6969.5 1.8212e-15
6972.3 1.8155e-15
6975.1 1.8057e-15
6977.9 1.8117e-15
6980.7 1.7730e-15
6983.4 1.7655e-15
6986.2 1.7711e-15
6989.0 1.7526e-15
6991.8 1.7447e-15
6994.6 1.7235e-15
6997.4 1.7112e-15
7000.1 1.7130e-15
7002.9 1.7213e-15
7005.7 1.7263e-15
7008.5 1.7257e-15
7011.3 1.7214e-15
7014.1 1.7166e-15
7016.8 1.7076e-15
7019.6 1.6954e-15
7022.4 1.6861e-15
7025.2 1.6806e-15
7028.0 1.6786e-15
7030.7 1.6799e-15
7033.5 1.6815e-15
7036.3 1.6799e-15
7039.1 1.6750e-15
7041.9 1.6650e-15
7044.7 1.6542e-15
7047.4 1.6477e-15
7050.2 1.6443e-15
7053.0 1.6419e-15
7055.8 1.6397e-15
7058.6 1.6338e-15
7061.4 1.6238e-15
7064.1 1.6158e-15
7066.9 1.6087e-15
7069.7 1.5945e-15
7072.5 1.5790e-15
7075.3 1.5716e-15
7078.1 1.5662e-15
7080.8 1.5584e-15
7083.6 1.5553e-15
7086.4 1.5546e-15
7089.2 1.5496e-15
7092.0 1.5391e-15
7094.8 1.5219e-15
7097.5 1.5040e-15
7100.3 1.4934e-15
7103.1 1.4889e-15
7105.9 1.4850e-15
7108.7 1.4803e-15
7111.4 1.4797e-15
7114.2 1.4839e-15
7117.0 1.4856e-15
7119.8 1.4836e-15
7122.6 1.4858e-15
7125.4 1.4888e-15
7128.1 1.4883e-15
7130.9 1.4871e-15
7133.7 1.4829e-15
7136.5 1.4776e-15
7139.3 1.4766e-15
7142.1 1.4764e-15
7144.8 1.4714e-15
7147.6 1.4647e-15
7150.4 1.4594e-15
7153.2 1.4561e-15
7156.0 1.4563e-15
7158.8 1.4573e-15
7161.5 1.4575e-15
7164.3 1.4583e-15
7167.1 1.4578e-15
7169.9 1.4570e-15
7172.7 1.4591e-15
7175.5 1.4651e-15
7178.2 1.4717e-15
7181.0 1.4774e-15
7183.8 1.4827e-15
7186.6 1.4803e-15
7189.4 1.4675e-15
7192.1 1.4576e-15
7194.9 1.4561e-15
7197.7 1.4538e-15
7200.5 1.4522e-15
7203.3 1.4518e-15
7206.1 1.4478e-15
7208.8 1.4435e-15
7211.6 1.4402e-15
7214.4 1.4355e-15
7217.2 1.4292e-15
7220.0 1.4260e-15
7222.8 1.4296e-15
7225.5 1.4325e-15
7228.3 1.4281e-15
7231.1 1.4217e-15
7233.9 1.4175e-15
7236.7 1.4105e-15
7239.5 1.3995e-15
7242.2 1.3965e-15
7245.0 1.4055e-15
7247.8 1.4141e-15
7250.6 1.4208e-15
7253.4 1.4288e-15
7256.2 1.4334e-15
7258.9 1.4376e-15
7261.7 1.4424e-15
7264.5 1.4444e-15
7267.3 1.4403e-15
7270.1 1.4295e-15
7272.8 1.4213e-15
7275.6 1.4177e-15
7278.4 1.4059e-15
7281.2 1.3858e-15
7284.0 1.3737e-15
7286.8 1.3702e-15
7289.5 1.3640e-15
7292.3 1.3576e-15
7295.1 1.3542e-15
7297.9 1.3484e-15
7300.7 1.3426e-15
7303.5 1.3438e-15
7306.2 1.3464e-15
7309.0 1.3438e-15
7311.8 1.3383e-15
7314.6 1.3299e-15
7317.4 1.3165e-15
7320.2 1.3044e-15
7322.9 1.2989e-15
7325.7 1.2982e-15
7328.5 1.3033e-15
7331.3 1.3116e-15
7334.1 1.3151e-15
7336.9 1.3107e-15
7339.6 1.2999e-15
7342.4 1.2917e-15
7345.2 1.2892e-15
7348.0 1.2871e-15
7350.8 1.2873e-15
7353.5 1.2884e-15
7356.3 1.2857e-15
7359.1 1.2832e-15
7361.9 1.2846e-15
7364.7 1.2884e-15
7367.5 1.2918e-15
7370.2 1.2926e-15
7373.0 1.2934e-15
7375.8 1.2967e-15
7378.6 1.3011e-15
7381.4 1.3073e-15
7384.2 1.3113e-15
7386.9 1.3054e-15
7389.7 1.2907e-15
7392.5 1.2781e-15
7395.3 1.2772e-15
7398.1 1.2801e-15
7400.9 1.2701e-15
7403.6 1.2519e-15
7406.4 1.2400e-15
7409.2 1.2334e-15
7412.0 1.2268e-15
7414.8 1.2231e-15
7417.6 1.2262e-15
7420.3 1.2307e-15
7423.1 1.2262e-15
7425.9 1.2113e-15
7428.7 1.1942e-15
7431.5 1.1839e-15
7434.2 1.1815e-15
7437.0 1.1814e-15
7439.8 1.1813e-15
7442.6 1.1797e-15
7445.4 1.1779e-15
7448.2 1.1780e-15
7450.9 1.1750e-15
7453.7 1.1730e-15
7456.5 1.1800e-15
7459.3 1.1911e-15
7462.1 1.1919e-15
7464.9 1.1832e-15
7467.6 1.1809e-15
7470.4 1.1858e-15
7473.2 1.1879e-15
7476.0 1.1845e-15
7478.8 1.1802e-15
7481.6 1.1800e-15
7484.3 1.1821e-15
7487.1 1.1798e-15
7489.9 1.1742e-15
7492.7 1.1742e-15
7495.5 1.1803e-15
7498.3 1.1813e-15
7501.0 1.1736e-15
7503.8 1.1663e-15
7506.6 1.1636e-15
7509.4 1.1635e-15
7512.2 1.1617e-15
7515.0 1.1521e-15
7517.7 1.1373e-15
7520.5 1.1279e-15
7523.3 1.1274e-15
7526.1 1.1285e-15
7528.9 1.1274e-15
7531.6 1.1282e-15
7534.4 1.1290e-15
7537.2 1.1227e-15
7540.0 1.1102e-15
7542.8 1.1001e-15
7545.6 1.0981e-15
7548.3 1.1006e-15
7551.1 1.1004e-15
7553.9 1.0979e-15
7556.7 1.0964e-15
7559.5 1.0964e-15
7562.3 1.0949e-15
7565.0 1.0921e-15
7567.8 1.0852e-15
7570.6 1.0697e-15
7573.4 1.0493e-15
7576.2 1.0336e-15
7579.0 1.0234e-15
7581.7 1.0144e-15
7584.5 1.0086e-15
7587.3 1.0047e-15
7590.1 1.0016e-15
7592.9 1.0010e-15
7595.7 9.9841e-16
7598.4 9.9555e-16
7601.2 1.0011e-15
7604.0 1.0107e-15
7606.8 1.0157e-15
7609.6 1.0154e-15
7612.3 1.0125e-15
7615.1 1.0108e-15
7617.9 1.0140e-15
7620.7 1.0185e-15
7623.5 1.0193e-15
7626.3 1.0179e-15
7629.0 1.0156e-15
7631.8 1.0104e-15
7634.6 1.0074e-15
7637.4 1.0104e-15
7640.2 1.0133e-15
7643.0 1.0127e-15
7645.7 1.0098e-15
7648.5 1.0042e-15
7651.3 9.9857e-16
7654.1 9.9801e-16
7656.9 9.9916e-16
7659.7 9.9860e-16
7662.4 1.0039e-15
7665.2 1.0131e-15
7668.0 1.0168e-15
7670.8 1.0187e-15
7673.6 1.0198e-15
7676.4 1.0163e-15
7679.1 1.0139e-15
7681.9 1.0182e-15
7684.7 1.0250e-15
7687.5 1.0252e-15
7690.3 1.0186e-15
7693.0 1.0127e-15
7695.8 1.0138e-15
7698.6 1.0209e-15
7701.4 1.0272e-15
7704.2 1.0323e-15
7707.0 1.0356e-15
7709.7 1.0288e-15
7712.5 1.0192e-15
7715.3 1.0200e-15
7718.1 1.0268e-15
7720.9 1.0304e-15
7723.7 1.0295e-15
7726.4 1.0284e-15
7729.2 1.0308e-15
7732.0 1.0361e-15
7734.8 1.0407e-15
7737.6 1.0416e-15
7740.4 1.0389e-15
7743.1 1.0355e-15
7745.9 1.0323e-15
7748.7 1.0283e-15
7751.5 1.0254e-15
7754.3 1.0261e-15
7757.1 1.0226e-15
7759.8 1.0147e-15
7762.6 1.0151e-15
7765.4 1.0258e-15
7768.2 1.0397e-15
7771.0 1.0507e-15
7773.7 1.0526e-15
7776.5 1.0465e-15
7779.3 1.0420e-15
7782.1 1.0394e-15
7784.9 1.0358e-15
7787.7 1.0394e-15
7790.4 1.0508e-15
7793.2 1.0587e-15
7796.0 1.0618e-15
7798.8 1.0630e-15
7801.6 1.0649e-15
7804.4 1.0707e-15
7807.1 1.0742e-15
7809.9 1.0750e-15
7812.7 1.0818e-15
7815.5 1.0933e-15
7818.3 1.1039e-15
7821.1 1.1138e-15
7823.8 1.1273e-15
7826.6 1.1461e-15
7829.4 1.1675e-15
7832.2 1.1863e-15
7835.0 1.2008e-15
7837.8 1.2099e-15
7840.5 1.2115e-15
7843.3 1.2133e-15
7846.1 1.2225e-15
7848.9 1.2335e-15
7851.7 1.2436e-15
7854.4 1.2506e-15
7857.2 1.2468e-15
7860.0 1.2362e-15
7862.8 1.2299e-15
7865.6 1.2253e-15
7868.4 1.2200e-15
7871.1 1.2199e-15
7873.9 1.2229e-15
7876.7 1.2217e-15
7879.5 1.2194e-15
7882.3 1.2191e-15
7885.1 1.2205e-15
7887.8 1.2228e-15
7890.6 1.2247e-15
7893.4 1.2237e-15
7896.2 1.2236e-15
7899.0 1.2263e-15
7901.8 1.2215e-15
7904.5 1.2104e-15
7907.3 1.2055e-15
7910.1 1.2068e-15
7912.9 1.2140e-15
7915.7 1.2268e-15
7918.5 1.2336e-15
7921.2 1.2282e-15
7924.0 1.2228e-15
7926.8 1.2243e-15
7929.6 1.2246e-15
7932.4 1.2210e-15
7935.2 1.2140e-15
7937.9 1.2070e-15
7940.7 1.2040e-15
7943.5 1.2008e-15
7946.3 1.1930e-15
7949.1 1.1869e-15
7951.8 1.1891e-15
7954.6 1.1934e-15
7957.4 1.1937e-15
7960.2 1.1922e-15
7963.0 1.1912e-15
7965.8 1.1886e-15
7968.5 1.1811e-15
7971.3 1.1703e-15
7974.1 1.1637e-15
7976.9 1.1633e-15
7979.7 1.1631e-15
7982.5 1.1612e-15
7985.2 1.1562e-15
7988.0 1.1486e-15
7990.8 1.1438e-15
7993.6 1.1428e-15
7996.4 1.1405e-15
7999.2 1.1342e-15
8001.9 1.1256e-15
8004.7 1.1187e-15
8007.5 1.1115e-15
8010.3 1.0982e-15
8013.1 1.0813e-15
8015.9 1.0713e-15
8018.6 1.0710e-15
8021.4 1.0727e-15
8024.2 1.0704e-15
8027.0 1.0630e-15
8029.8 1.0513e-15
8032.5 1.0395e-15
8035.3 1.0330e-15
8038.1 1.0279e-15
8040.9 1.0232e-15
8043.7 1.0216e-15
8046.5 1.0183e-15
8049.2 1.0091e-15
8052.0 9.9682e-16
8054.8 9.8888e-16
8057.6 9.8507e-16
8060.4 9.8027e-16
8063.2 9.7342e-16
8065.9 9.6579e-16
8068.7 9.5878e-16
8071.5 9.5370e-16
8074.3 9.5210e-16
8077.1 9.5503e-16
8079.9 9.5968e-16
8082.6 9.5954e-16
8085.4 9.5472e-16
8088.2 9.5311e-16
8091.0 9.5378e-16
8093.8 9.5002e-16
8096.6 9.4645e-16
8099.3 9.4644e-16
8102.1 9.4810e-16
8104.9 9.5281e-16
8107.7 9.5488e-16
8110.5 9.4924e-16
8113.2 9.4072e-16
8116.0 9.3669e-16
8118.8 9.3636e-16
8121.6 9.3159e-16
8124.4 9.2049e-16
8127.2 9.1287e-16
8129.9 9.1598e-16
8132.7 9.2407e-16
8135.5 9.2612e-16
8138.3 9.2119e-16
8141.1 9.1569e-16
8143.9 9.0898e-16
8146.6 9.0033e-16
8149.4 8.9127e-16
8152.2 8.8343e-16
8155.0 8.7687e-16
8157.8 8.7004e-16
8160.6 8.6578e-16
8163.3 8.6648e-16
8166.1 8.6884e-16
8168.9 8.6935e-16
8171.7 8.6416e-16
8174.5 8.5351e-16
8177.3 8.4425e-16
8180.0 8.4396e-16
8182.8 8.5194e-16
8185.6 8.5831e-16
8188.4 8.5838e-16
8191.2 8.5706e-16
8193.9 8.5595e-16
8196.7 8.5414e-16
8199.5 8.5458e-16
8202.3 8.5571e-16
8205.1 8.5379e-16
8207.9 8.5152e-16
8210.6 8.5239e-16
8213.4 8.5081e-16
8216.2 8.4406e-16
8219.0 8.3995e-16
8221.8 8.4167e-16
8224.6 8.4627e-16
8227.3 8.5060e-16
8230.1 8.4935e-16
8232.9 8.4099e-16
8235.7 8.3326e-16
8238.5 8.3304e-16
8241.3 8.3594e-16
8244.0 8.3237e-16
8246.8 8.2097e-16
8249.6 8.1205e-16
8252.4 8.1217e-16
8255.2 8.1454e-16
8258.0 8.1256e-16
8260.7 8.0547e-16
8263.5 7.9589e-16
8266.3 7.8616e-16
8269.1 7.7539e-16
8271.9 7.6181e-16
8274.6 7.5117e-16
8277.4 7.5337e-16
8280.2 7.5805e-16
8283.0 7.5085e-16
8285.8 7.3781e-16
8288.6 7.2823e-16
8291.3 7.2371e-16
8294.1 7.2065e-16
8296.9 7.1286e-16
8299.7 7.0215e-16
8302.5 6.9415e-16
8305.3 6.8817e-16
8308.0 6.8173e-16
8310.8 6.7462e-16
8313.6 6.6944e-16
8316.4 6.6883e-16
8319.2 6.7143e-16
8322.0 6.7155e-16
8324.7 6.6939e-16
8327.5 6.6714e-16
8330.3 6.5941e-16
8333.1 6.4792e-16
8335.9 6.4266e-16
8338.7 6.4448e-16
8341.4 6.4936e-16
8344.2 6.5650e-16
8347.0 6.6366e-16
8349.8 6.6917e-16
8352.6 6.7486e-16
8355.3 6.7983e-16
8358.1 6.7983e-16
8360.9 6.7522e-16
8363.7 6.7183e-16
8366.5 6.7233e-16
8369.3 6.7127e-16
8372.0 6.6576e-16
8374.8 6.6146e-16
8377.6 6.5862e-16
8380.4 6.5383e-16
8383.2 6.4808e-16
8386.0 6.4229e-16
8388.7 6.3916e-16
8391.5 6.4092e-16
8394.3 6.4787e-16
8397.1 6.5619e-16
8399.9 6.5846e-16
8402.7 6.5404e-16
8405.4 6.4925e-16
8408.2 6.4592e-16
8411.0 6.4469e-16
8413.8 6.4928e-16
8416.6 6.5628e-16
8419.4 6.6142e-16
8422.1 6.6690e-16
8424.9 6.7205e-16
8427.7 6.7505e-16
8430.5 6.7534e-16
8433.3 6.7469e-16
8436.1 6.7741e-16
8438.8 6.8281e-16
8441.6 6.8647e-16
8444.4 6.8565e-16
8447.2 6.8342e-16
8450.0 6.8760e-16
8452.7 6.9552e-16
8455.5 6.9706e-16
8458.3 6.9474e-16
8461.1 6.9731e-16
8463.9 7.0318e-16
8466.7 7.0629e-16
8469.4 7.0841e-16
8472.2 7.1174e-16
8475.0 7.1132e-16
8477.8 7.0796e-16
8480.6 7.0905e-16
8483.4 7.1482e-16
8486.1 7.2260e-16
8488.9 7.3411e-16
8491.7 7.4744e-16
8494.5 7.5539e-16
8497.3 7.5608e-16
8500.1 7.5413e-16
8502.8 7.5406e-16
8505.6 7.5498e-16
8508.4 7.5606e-16
8511.2 7.6070e-16
8514.0 7.6499e-16
8516.8 7.6323e-16
8519.5 7.5974e-16
8522.3 7.6321e-16
8525.1 7.7628e-16
8527.9 7.9068e-16
8530.7 7.9807e-16
8533.4 7.9819e-16
8536.2 7.9512e-16
8539.0 7.9842e-16
8541.8 8.1150e-16
8544.6 8.2274e-16
8547.4 8.2566e-16
8550.1 8.2411e-16
8552.9 8.2114e-16
8555.7 8.1995e-16
8558.5 8.2164e-16
8561.3 8.2413e-16
8564.1 8.2767e-16
8566.8 8.3429e-16
8569.6 8.4065e-16
8572.4 8.4293e-16
8575.2 8.4344e-16
8578.0 8.4074e-16
8580.8 8.3340e-16
8583.5 8.2996e-16
8586.3 8.3604e-16
8589.1 8.4640e-16
8591.9 8.5476e-16
8594.7 8.5714e-16
8597.5 8.5340e-16
8600.2 8.5117e-16
8603.0 8.5123e-16
8605.8 8.5192e-16
8608.6 8.5342e-16
8611.4 8.5057e-16
8614.1 8.4414e-16
8616.9 8.4271e-16
8619.7 8.4610e-16
8622.5 8.4639e-16
8625.3 8.4189e-16
8628.1 8.3839e-16
8630.8 8.4112e-16
8633.6 8.4622e-16
8636.4 8.4697e-16
8639.2 8.4098e-16
8642.0 8.2984e-16
8644.8 8.2200e-16
8647.5 8.2083e-16
8650.3 8.2032e-16
8653.1 8.2029e-16
8655.9 8.2517e-16
8658.7 8.2951e-16
8661.5 8.2553e-16
8664.2 8.2192e-16
8667.0 8.2402e-16
8669.8 8.2251e-16
8672.6 8.1224e-16
8675.4 8.0213e-16
8678.2 7.9684e-16
8680.9 7.9279e-16
8683.7 7.9220e-16
8686.5 7.9746e-16
8689.3 8.0356e-16
8692.1 8.0651e-16
8694.8 8.0600e-16
8697.6 8.0013e-16
8700.4 7.9194e-16
8703.2 7.8904e-16
8706.0 7.9123e-16
8708.8 7.9478e-16
8711.5 7.9544e-16
8714.3 7.9223e-16
8717.1 7.9222e-16
8719.9 7.9584e-16
8722.7 7.9417e-16
8725.5 7.8663e-16
8728.2 7.7961e-16
8731.0 7.7786e-16
8733.8 7.7972e-16
8736.6 7.8143e-16
8739.4 7.8432e-16
8742.2 7.8841e-16
8744.9 7.9049e-16
8747.7 7.8753e-16
8750.5 7.7907e-16
8753.3 7.7030e-16
8756.1 7.6926e-16
8758.9 7.7617e-16
8761.6 7.8064e-16
8764.4 7.7762e-16
8767.2 7.7169e-16
8770.0 7.6769e-16
8772.8 7.6791e-16
8775.5 7.7113e-16
8778.3 7.7221e-16
8781.1 7.6867e-16
8783.9 7.6644e-16
8786.7 7.7044e-16
8789.5 7.7303e-16
8792.2 7.6766e-16
8795.0 7.5732e-16
8797.8 7.4783e-16
8800.6 7.4018e-16
8803.4 7.3498e-16
8806.2 7.3586e-16
8808.9 7.3769e-16
8811.7 7.3161e-16
8814.5 7.2031e-16
8817.3 7.1209e-16
8820.1 7.1000e-16
8822.9 7.1174e-16
8825.6 7.1507e-16
8828.4 7.1728e-16
8831.2 7.1570e-16
