3899.6 3.9763e-15
3910.1 -2.7813e-15
3920.5 6.5583e-15
3931.0 4.6138e-15
3941.4 4.8643e-15
3951.9 2.5202e-15
3962.3 6.2460e-16
3972.8 3.3540e-15
3983.2 2.6873e-15
3993.6 4.5594e-15
4004.1 1.0047e-15
4014.5 4.6913e-15
4025.0 9.3388e-15
4035.4 6.2539e-15
4045.9 -1.1400e-15
4056.3 3.4470e-15
4066.8 3.8125e-16
4077.2 4.3926e-15
4087.6 6.8593e-17
4098.1 3.8391e-15
4108.5 -2.6689e-15
4119.0 1.2969e-15
4129.4 1.3094e-15
4139.9 -1.1524e-15
4150.3 6.3402e-15
4160.7 3.7720e-16
4171.2 1.9302e-15
4181.6 7.7455e-15
4192.1 6.8742e-17
4202.5 4.3810e-15
4213.0 6.5530e-16
4223.4 3.6880e-15
4233.9 5.0459e-15
4244.3 2.6685e-15
4254.7 -3.9534e-16
4265.2 -7.3228e-16
4275.6 2.0360e-15
4286.1 4.1182e-15
4296.5 4.2726e-15
4307.0 2.2196e-15
4317.4 6.8531e-15
4327.9 5.0030e-15
4338.3 3.5923e-15
4348.7 9.9596e-16
4359.2 3.5469e-15
4369.6 3.7232e-15
4380.1 -2.1183e-16
4390.5 4.8709e-15
4401.0 3.5728e-15
4411.4 6.8895e-15
4421.9 7.5577e-15
4432.3 2.6178e-15
4442.7 5.8422e-17
4453.2 2.2653e-15
4463.6 2.2249e-16
4474.1 1.3646e-15
4484.5 1.1214e-15
4495.0 4.9371e-16
4505.4 6.6069e-15
4515.8 3.1360e-15
4526.3 4.9456e-15
4536.7 5.2064e-15
4547.2 8.9888e-16
4557.6 5.9751e-15
4568.1 1.8559e-15
4578.5 3.1881e-15
4589.0 4.9627e-16
4599.4 4.7880e-15
4609.8 3.2986e-15
4620.3 5.3970e-15
4630.7 4.6162e-15
4641.2 2.6791e-15
4651.6 5.1531e-15
4662.1 5.7905e-15
4672.5 2.8636e-15
4683.0 3.8136e-15
4693.4 3.0138e-15
4703.8 4.3655e-15
4714.3 2.8304e-15
4724.7 2.2146e-15
4735.2 1.0481e-15
4745.6 2.8519e-15
4756.1 1.0108e-15
4766.5 2.6361e-15
4776.9 1.4941e-15
4787.4 1.4629e-16
4797.8 1.2557e-15
4808.3 1.9587e-15
4818.7 -1.0315e-15
4829.2 3.9460e-15
4839.6 7.3969e-16
4850.1 3.9318e-15
4860.5 5.2847e-16
4870.9 2.7769e-15
4881.4 3.3811e-15
4891.8 1.7826e-15
4902.3 1.5098e-15
4912.7 1.9876e-15
4923.2 2.5406e-15
4933.6 1.1515e-15
4944.1 2.4917e-15
4954.5 2.3433e-15
4964.9 1.6423e-15
4975.4 1.5564e-15
4985.8 4.2021e-15
4996.3 2.3167e-15
5006.7 3.8533e-15
5017.2 2.7917e-15
5027.6 2.9384e-15
5038.1 2.8429e-15
5048.5 1.4575e-15
5058.9 1.4749e-15
5069.4 1.3681e-15
5079.8 1.7291e-15
5090.3 1.1938e-15
5100.7 1.3514e-15
5111.2 2.1411e-15
5121.6 1.5293e-15
5132.0 1.3987e-15
5142.5 1.0482e-15
5152.9 1.6288e-15
5163.4 9.3782e-16
5173.8 1.8154e-15
5184.3 1.1478e-15
5194.7 1.6810e-15
5205.2 8.1796e-16
5215.6 1.1839e-15
5226.0 1.3191e-15
5236.5 1.5064e-15
5246.9 2.0576e-15
5257.4 1.7133e-15
5267.8 2.0478e-15
5278.3 2.1494e-15
5288.7 2.4620e-15
5299.2 2.0482e-15
5309.6 2.6482e-15
5320.0 2.8646e-15
5330.5 2.5540e-15
5340.9 2.4696e-15
5351.4 2.5892e-15
5361.8 2.7014e-15
5372.3 2.6547e-15
5382.7 2.7450e-15
5393.2 2.9905e-15
5403.6 2.7313e-15
5414.0 2.5485e-15
5424.5 2.4678e-15
5434.9 2.6039e-15
5445.4 2.6647e-15
5455.8 2.6315e-15
5466.3 2.9712e-15
5476.7 2.6944e-15
5487.1 3.2886e-15
5497.6 2.9938e-15
5508.0 3.4120e-15
5518.5 3.0663e-15
5528.9 3.3817e-15
5539.4 3.3096e-15
5549.8 3.2617e-15
5560.3 3.2589e-15
5570.7 3.1313e-15
5581.1 2.5042e-15
5591.6 2.7915e-15
5602.0 2.5562e-15
5612.5 2.5979e-15
5622.9 2.3860e-15
5633.4 2.3667e-15
5643.8 2.2390e-15
5654.3 2.2210e-15
5664.7 1.6761e-15
5675.1 1.8978e-15
5685.6 2.1556e-15
5696.0 1.8028e-15
5706.5 1.2259e-15
5716.9 1.4960e-15
5727.4 1.3516e-15
5737.8 1.6359e-15
5748.3 1.2454e-15
5758.7 1.4238e-15
5769.1 1.3900e-15
5779.6 1.2955e-15
5790.0 1.1404e-15
5800.5 1.4241e-15
5810.9 1.1864e-15
5821.4 1.3868e-15
5831.8 1.5018e-15
5842.2 2.1650e-15
5852.7 2.3147e-15
5863.1 1.9399e-15
5873.6 2.7466e-15
5884.0 2.4791e-15
5894.5 2.6652e-15
5904.9 2.6189e-15
5915.4 2.4991e-15
5925.8 2.6867e-15
5936.2 3.0086e-15
5946.7 2.3853e-15
5957.1 2.2225e-15
5967.6 2.6775e-15
5978.0 2.7577e-15
5988.5 2.2777e-15
5998.9 2.3507e-15
6009.4 1.9060e-15
6019.8 2.1199e-15
6030.2 1.8232e-15
6040.7 1.5600e-15
6051.1 1.7948e-15
6061.6 1.8664e-15
6072.0 1.7050e-15
6082.5 1.6377e-15
6092.9 1.8068e-15
6103.4 1.6046e-15
6113.8 1.9291e-15
6124.2 1.6942e-15
6134.7 1.4755e-15
6145.1 1.6564e-15
6155.6 1.4200e-15
6166.0 1.5251e-15
6176.5 1.6887e-15
6186.9 1.4496e-15
6197.3 1.5187e-15
6207.8 1.3723e-15
6218.2 1.4084e-15
6228.7 1.1130e-15
6239.1 1.1295e-15
6249.6 9.6898e-16
6260.0 1.3002e-15
6270.5 9.8088e-16
6280.9 1.4420e-15
6291.3 1.2923e-15
6301.8 1.3305e-15
6312.2 1.5047e-15
6322.7 1.5441e-15
6333.1 1.5645e-15
6343.6 1.3976e-15
6354.0 1.4120e-15
6364.5 1.4929e-15
6374.9 1.5799e-15
6385.3 1.4924e-15
6395.8 1.6579e-15
6406.2 1.7178e-15
6416.7 1.8537e-15
6427.1 1.8619e-15
6437.6 1.8670e-15
6448.0 2.3580e-15
6458.4 1.9189e-15
6468.9 2.2145e-15
6479.3 2.2708e-15
6489.8 2.2261e-15
6500.2 2.3184e-15
6510.7 2.2038e-15
6521.1 2.0643e-15
6531.6 2.1029e-15
6542.0 2.3297e-15
6552.4 2.1349e-15
6562.9 2.2344e-15
6573.3 2.3230e-15
6583.8 2.2827e-15
6594.2 1.9711e-15
6604.7 2.3430e-15
6615.1 2.2059e-15
6625.6 2.0653e-15
6636.0 1.9508e-15
6646.4 1.9916e-15
6656.9 2.1243e-15
6667.3 1.8580e-15
6677.8 1.7246e-15
6688.2 1.3143e-15
6698.7 1.4570e-15
6709.1 1.4344e-15
6719.6 1.3781e-15
6730.0 1.1444e-15
6740.4 1.4244e-15
6750.9 1.0134e-15
6761.3 1.0780e-15
6771.8 1.1455e-15
6782.2 1.1561e-15
6792.7 1.1907e-15
6803.1 1.0260e-15
6813.5 1.0985e-15
6824.0 1.1479e-15
6834.4 9.8754e-16
6844.9 8.9031e-16
6855.3 9.0871e-16
6865.8 9.3594e-16
6876.2 8.4204e-16
6886.7 1.0130e-15
6897.1 7.0745e-16
6907.5 8.2725e-16
6918.0 8.8245e-16
6928.4 6.8538e-16
6938.9 9.2942e-16
6949.3 7.9947e-16
6959.8 8.1787e-16
6970.2 7.7984e-16
6980.7 8.6488e-16
6991.1 8.6933e-16
7001.5 7.6266e-16
7012.0 9.7099e-16
7022.4 1.0153e-15
7032.9 8.8785e-16
7043.3 8.1870e-16
7053.8 8.3413e-16
7064.2 6.8368e-16
7074.7 8.3295e-16
7085.1 7.1365e-16
7095.5 8.0489e-16
7106.0 7.9416e-16
7116.4 7.3345e-16
7126.9 7.7720e-16
7137.3 1.0621e-15
7147.8 7.9654e-16
7158.2 9.1550e-16
7168.6 8.9327e-16
7179.1 7.2650e-16
7189.5 8.8433e-16
7200.0 7.4447e-16
7210.4 7.7369e-16
7220.9 9.0457e-16
7231.3 8.7168e-16
7241.8 9.3179e-16
7252.2 7.9593e-16
7262.6 7.9701e-16
7273.1 8.6141e-16
7283.5 6.8876e-16
7294.0 7.4851e-16
7304.4 1.1062e-15
7314.9 8.4560e-16
7325.3 1.0887e-15
7335.8 9.9861e-16
7346.2 7.8510e-16
7356.6 9.3260e-16
7367.1 1.1259e-15
7377.5 9.0044e-16
7388.0 8.2348e-16
7398.4 1.0603e-15
7408.9 9.5765e-16
7419.3 8.4640e-16
7429.8 1.1045e-15
7440.2 1.1086e-15
7450.6 8.9872e-16
7461.1 1.0530e-15
7471.5 1.1307e-15
7482.0 1.1942e-15
7492.4 8.8511e-16
7502.9 4.5799e-16
7513.3 9.8773e-16
7523.7 1.2062e-15
7534.2 8.1669e-16
7544.6 6.5578e-16
7555.1 8.7078e-16
7565.5 7.2570e-16
7576.0 7.3993e-16
7586.4 7.6915e-16
7596.9 1.0419e-15
7607.3 5.3327e-16
7617.7 4.1965e-16
7628.2 5.1596e-16
7638.6 6.2864e-16
7649.1 5.2995e-16
7659.5 6.4542e-16
7670.0 6.0666e-16
7680.4 7.6907e-16
7690.9 9.7835e-16
7701.3 1.1369e-15
7711.7 7.8636e-16
7722.2 9.7643e-16
7732.6 7.6652e-16
7743.1 7.0966e-16
7753.5 7.3097e-16
7764.0 9.7186e-16
7774.4 6.2861e-16
7784.8 5.3814e-16
7795.3 7.1361e-16
7805.7 1.0069e-15
7816.2 8.9893e-16
7826.6 7.0460e-16
7837.1 6.5667e-16
7847.5 8.0935e-16
7858.0 4.5432e-16
7868.4 5.2863e-16
7878.8 3.6948e-16
7889.3 5.0687e-16
7899.7 6.4768e-16
7910.2 5.1327e-16
7920.6 4.4494e-16
7931.1 6.6583e-16
7941.5 7.5412e-16
7952.0 3.7858e-16
7962.4 2.3464e-16
7972.8 4.2836e-16
7983.3 7.1646e-16
7993.7 7.1812e-16
8004.2 5.7816e-16
8014.6 5.2559e-16
8025.1 7.4362e-16
8035.5 6.4716e-16
8046.0 5.8455e-16
8056.4 4.1092e-16
8066.8 3.4102e-16
8077.3 3.7280e-16
8087.7 4.5235e-16
8098.2 6.4674e-16
8108.6 5.2015e-16
8119.1 3.6818e-16
8129.5 1.2999e-16
8139.9 4.8701e-16
8150.4 2.6609e-16
8160.8 5.9695e-16
8171.3 3.0205e-16
8181.7 3.6932e-16
8192.2 4.1088e-16
8202.6 3.3652e-16
8213.1 4.4846e-16
8223.5 3.8034e-16
8233.9 3.1762e-16
8244.4 2.4494e-16
8254.8 3.4520e-16
8265.3 4.7380e-16
8275.7 1.6234e-16
8286.2 -7.9681e-17
8296.6 2.1088e-16
8307.1 4.1550e-16
8317.5 2.1995e-16
8327.9 1.2610e-16
8338.4 2.1422e-16
8348.8 2.3937e-16
8359.3 1.8435e-16
8369.7 -4.3591e-17
8380.2 2.7520e-16
8390.6 5.6644e-17
8401.1 2.1519e-16
8411.5 3.3111e-16
8421.9 2.7788e-16
8432.4 3.0064e-16
8442.8 2.7633e-16
8453.3 2.9240e-16
8463.7 1.9066e-16
8474.2 3.6236e-16
8484.6 3.8525e-16
8495.0 1.9778e-16
8505.5 2.3368e-16
8515.9 3.1648e-16
8526.4 3.6423e-16
8536.8 5.3168e-16
8547.3 3.5588e-16
8557.7 8.4242e-16
8568.2 7.9312e-16
8578.6 9.6889e-16
8589.0 5.2830e-16
8599.5 6.8692e-16
8609.9 6.8951e-16
8620.4 6.0165e-16
8630.8 6.5246e-16
8641.3 1.0244e-15
8651.7 7.0785e-16
8662.2 1.3179e-15
8672.6 7.4767e-16
8683.0 6.4277e-16
8693.5 5.8105e-16
8703.9 7.4531e-16
8714.4 8.6744e-16
8724.8 8.8911e-16
8735.3 1.1156e-15
8745.7 1.1032e-15
8756.2 6.1909e-16
8766.6 7.1563e-16
8777.0 1.1315e-15
8787.5 7.2088e-16
8797.9 8.0964e-16
8808.4 1.3955e-15
8818.8 1.3372e-15
8829.3 1.8862e-15
8839.7 1.0426e-15
8850.1 6.2982e-16
8860.6 6.9478e-16
8871.0 1.0783e-15
8881.5 1.1998e-15
8891.9 9.7393e-16
8902.4 1.4040e-15
8912.8 1.1677e-15
8923.3 8.5683e-16
8933.7 7.5225e-16
8944.1 1.1637e-15
8954.6 9.7814e-16
8965.0 1.0561e-15
8975.5 7.9320e-16
8985.9 9.9307e-16
8996.4 7.0226e-16
9006.8 1.2572e-15
9017.3 4.4516e-16
9027.7 6.2152e-16
9038.1 8.9275e-16
9048.6 1.1140e-15
9059.0 1.3464e-15
9069.5 5.8732e-16
9079.9 1.0271e-15
9090.4 7.3452e-16
9100.8 3.0431e-17
9111.3 8.6794e-16
9121.7 5.2107e-16
9132.1 9.8936e-16
9142.6 1.1271e-15
9153.0 9.4570e-16
9163.5 7.9167e-16
9173.9 1.0355e-15
9184.4 8.0689e-16
9194.8 6.1290e-16
9205.2 4.2696e-16
9215.7 5.9594e-16
9226.1 1.0279e-15
9236.6 5.3200e-16
9247.0 1.1502e-15
9257.5 9.0886e-16
9267.9 1.1372e-15
9278.4 7.2258e-17
9288.8 5.4570e-16
9299.2 3.8848e-16
