3715.3 1.9781e-15
3719.0 1.9985e-15
3722.6 2.0044e-15
3726.2 1.7680e-15
3729.9 2.0469e-15
3733.5 2.2646e-15
3737.2 2.1337e-15
3740.8 2.3054e-15
3744.5 2.1778e-15
3748.1 2.3394e-15
3751.8 2.1941e-15
3755.4 1.9962e-15
3759.1 2.0301e-15
3762.7 2.5094e-15
3766.4 2.6115e-15
3770.0 2.5638e-15
3773.6 2.3693e-15
3777.3 2.2885e-15
3780.9 2.3614e-15
3784.6 2.1488e-15
3788.2 1.8286e-15
3791.9 2.1396e-15
3795.5 1.7541e-15
3799.2 1.7566e-15
3802.8 1.6168e-15
3806.5 1.5734e-15
3810.1 1.6947e-15
3813.8 1.3365e-15
3817.4 1.1626e-15
3821.0 9.0340e-16
3824.7 8.8747e-16
3828.3 8.1095e-16
3832.0 9.1343e-16
3835.6 7.4859e-16
3839.3 6.6167e-16
3842.9 6.4764e-16
3846.6 4.5700e-16
3850.2 4.9164e-16
3853.9 6.0341e-16
3857.5 4.8941e-16
3861.2 4.0846e-16
3864.8 2.8973e-16
3868.4 3.9887e-16
3872.1 4.0061e-16
3875.7 6.0155e-16
3879.4 7.7793e-16
3883.0 8.2679e-16
3886.7 8.3712e-16
3890.3 6.8665e-16
3894.0 9.8506e-16
3897.6 1.0289e-15
3901.3 9.0182e-16
3904.9 9.7115e-16
3908.6 1.1515e-15
3912.2 1.3507e-15
3915.9 1.3321e-15
3919.5 1.3525e-15
3923.1 1.7101e-15
3926.8 1.7414e-15
3930.4 1.8544e-15
3934.1 1.7285e-15
3937.7 1.6861e-15
3941.4 1.7550e-15
3945.0 2.1155e-15
3948.7 2.0594e-15
3952.3 1.9874e-15
3956.0 2.0624e-15
3959.6 2.1066e-15
3963.3 2.0599e-15
3966.9 2.0559e-15
3970.5 2.1526e-15
3974.2 2.0316e-15
3977.8 2.0765e-15
3981.5 2.2566e-15
3985.1 2.2070e-15
3988.8 2.1081e-15
3992.4 2.1482e-15
3996.1 2.2738e-15
3999.7 2.4173e-15
4003.4 2.4528e-15
4007.0 2.1667e-15
4010.7 2.2269e-15
4014.3 2.4317e-15
4017.9 2.4295e-15
4021.6 2.4296e-15
4025.2 2.5741e-15
4028.9 2.4253e-15
4032.5 2.3514e-15
4036.2 2.3425e-15
4039.8 2.3929e-15
4043.5 2.5208e-15
4047.1 2.3017e-15
4050.8 2.2512e-15
4054.4 2.0696e-15
4058.1 1.9682e-15
4061.7 1.9517e-15
4065.4 1.9659e-15
4069.0 1.9095e-15
4072.6 1.8042e-15
4076.3 1.8187e-15
4079.9 1.5111e-15
4083.6 1.4826e-15
4087.2 1.5573e-15
4090.9 1.6893e-15
4094.5 1.6633e-15
4098.2 1.5355e-15
4101.8 1.5973e-15
4105.5 1.5568e-15
4109.1 1.6846e-15
4112.8 1.7008e-15
4116.4 1.6438e-15
4120.0 1.7204e-15
4123.7 1.7352e-15
4127.3 1.7796e-15
4131.0 1.7169e-15
4134.6 1.6733e-15
4138.3 1.6722e-15
4141.9 1.7604e-15
4145.6 1.5718e-15
4149.2 1.5318e-15
4152.9 1.4208e-15
4156.5 1.4427e-15
4160.2 1.5870e-15
4163.8 1.4912e-15
4167.4 1.4830e-15
4171.1 1.5123e-15
4174.7 1.5554e-15
4178.4 1.5899e-15
4182.0 1.4878e-15
4185.7 1.4528e-15
4189.3 1.4832e-15
4193.0 1.5033e-15
4196.6 1.4659e-15
4200.3 1.3944e-15
4203.9 1.4215e-15
4207.6 1.4527e-15
4211.2 1.4783e-15
4214.9 1.3541e-15
4218.5 1.3963e-15
4222.1 1.3911e-15
4225.8 1.4955e-15
4229.4 1.5143e-15
4233.1 1.4962e-15
4236.7 1.4859e-15
4240.4 1.3542e-15
4244.0 1.4862e-15
4247.7 1.5258e-15
4251.3 1.5561e-15
4255.0 1.7098e-15
4258.6 1.6763e-15
4262.3 1.6105e-15
4265.9 1.5550e-15
4269.5 1.6433e-15
4273.2 1.5963e-15
4276.8 1.6514e-15
4280.5 1.5370e-15
4284.1 1.3997e-15
4287.8 1.5473e-15
4291.4 1.5058e-15
4295.1 1.4053e-15
4298.7 1.4521e-15
4302.4 1.4980e-15
4306.0 1.4703e-15
4309.7 1.5058e-15
4313.3 1.4361e-15
4316.9 1.5302e-15
4320.6 1.5014e-15
4324.2 1.4579e-15
4327.9 1.4597e-15
4331.5 1.2976e-15
4335.2 1.3660e-15
4338.8 1.4126e-15
4342.5 1.3701e-15
4346.1 1.5022e-15
4349.8 1.4434e-15
4353.4 1.3695e-15
4357.1 1.4069e-15
4360.7 1.4036e-15
4364.3 1.4870e-15
4368.0 1.4915e-15
4371.6 1.5479e-15
4375.3 1.6163e-15
4378.9 1.6064e-15
4382.6 1.5616e-15
4386.2 1.5045e-15
4389.9 1.5132e-15
4393.5 1.5110e-15
4397.2 1.3522e-15
4400.8 1.2890e-15
4404.5 1.3803e-15
4408.1 1.3319e-15
4411.8 1.2642e-15
4415.4 1.2488e-15
4419.0 1.1535e-15
4422.7 1.0871e-15
4426.3 9.6479e-16
4430.0 9.6074e-16
4433.6 1.0203e-15
4437.3 9.2962e-16
4440.9 8.9691e-16
4444.6 9.2466e-16
4448.2 9.0745e-16
4451.9 8.3710e-16
4455.5 7.8912e-16
4459.2 7.7705e-16
4462.8 7.7938e-16
4466.4 7.3151e-16
4470.1 6.7677e-16
4473.7 6.7509e-16
4477.4 7.1417e-16
4481.0 7.2918e-16
4484.7 6.7527e-16
4488.3 6.7119e-16
4492.0 6.9153e-16
4495.6 6.9971e-16
4499.3 6.6897e-16
4502.9 6.4563e-16
4506.6 7.1743e-16
4510.2 7.4761e-16
4513.8 6.8782e-16
4517.5 7.3565e-16
4521.1 7.7223e-16
4524.8 7.9690e-16
4528.4 7.4532e-16
4532.1 7.8786e-16
4535.7 7.9734e-16
4539.4 8.4078e-16
4543.0 8.3564e-16
4546.7 8.6489e-16
4550.3 8.9456e-16
4554.0 8.8677e-16
4557.6 8.4439e-16
4561.3 8.3243e-16
4564.9 9.4180e-16
4568.5 9.6853e-16
4572.2 9.1832e-16
4575.8 1.0170e-15
4579.5 1.0466e-15
4583.1 1.0399e-15
4586.8 1.1364e-15
4590.4 1.0746e-15
4594.1 1.1441e-15
4597.7 1.1426e-15
4601.4 1.2072e-15
4605.0 1.2332e-15
4608.7 1.2854e-15
4612.3 1.3866e-15
4615.9 1.4144e-15
4619.6 1.4416e-15
4623.2 1.4982e-15
4626.9 1.5678e-15
4630.5 1.5331e-15
4634.2 1.5886e-15
4637.8 1.6655e-15
4641.5 1.7289e-15
4645.1 1.7255e-15
4648.8 1.7616e-15
4652.4 1.7139e-15
4656.1 1.6569e-15
4659.7 1.7796e-15
4663.3 1.7274e-15
4667.0 1.7694e-15
4670.6 1.6501e-15
4674.3 1.6780e-15
4677.9 1.6733e-15
4681.6 1.6312e-15
4685.2 1.6730e-15
4688.9 1.6682e-15
4692.5 1.6620e-15
4696.2 1.6803e-15
4699.8 1.7203e-15
4703.5 1.6569e-15
4707.1 1.6416e-15
4710.7 1.6783e-15
4714.4 1.6400e-15
4718.0 1.5987e-15
4721.7 1.5850e-15
4725.3 1.5051e-15
4729.0 1.4403e-15
4732.6 1.3952e-15
4736.3 1.3341e-15
4739.9 1.2242e-15
4743.6 1.1526e-15
4747.2 1.0913e-15
4750.9 1.0532e-15
4754.5 1.0051e-15
4758.2 9.6231e-16
4761.8 9.3728e-16
4765.4 8.9149e-16
4769.1 8.3388e-16
4772.7 7.7329e-16
4776.4 7.0145e-16
4780.0 7.3379e-16
4783.7 7.1989e-16
4787.3 7.1950e-16
4791.0 7.3483e-16
4794.6 7.0372e-16
4798.3 6.8103e-16
4801.9 6.7720e-16
4805.6 6.6226e-16
4809.2 6.8604e-16
4812.8 6.5486e-16
4816.5 6.3945e-16
4820.1 6.2413e-16
4823.8 6.0245e-16
4827.4 6.2715e-16
4831.1 6.3040e-16
4834.7 6.3292e-16
4838.4 6.2864e-16
4842.0 6.1135e-16
4845.7 6.4068e-16
4849.3 6.2873e-16
4853.0 6.3536e-16
4856.6 7.0646e-16
4860.2 7.1225e-16
4863.9 7.3363e-16
4867.5 7.1454e-16
4871.2 7.4477e-16
4874.8 7.8895e-16
4878.5 7.9934e-16
4882.1 8.5836e-16
4885.8 8.3074e-16
4889.4 8.3079e-16
4893.1 8.5129e-16
4896.7 8.3465e-16
4900.4 8.0488e-16
4904.0 7.7121e-16
4907.7 7.6436e-16
4911.3 7.5075e-16
4914.9 7.4997e-16
4918.6 7.2268e-16
4922.2 6.8277e-16
4925.9 6.9066e-16
4929.5 6.6997e-16
4933.2 6.3802e-16
4936.8 6.5629e-16
4940.5 6.6155e-16
4944.1 6.8138e-16
4947.8 6.9015e-16
4951.4 7.0727e-16
4955.1 7.3045e-16
4958.7 7.4172e-16
4962.3 7.9408e-16
4966.0 8.0139e-16
4969.6 7.9001e-16
4973.3 8.9295e-16
4976.9 8.9647e-16
4980.6 9.5479e-16
4984.2 9.9243e-16
4987.9 9.9333e-16
4991.5 1.0094e-15
4995.2 1.0958e-15
4998.8 1.1009e-15
5002.5 1.0968e-15
5006.1 1.0966e-15
5009.7 1.0878e-15
5013.4 1.1360e-15
5017.0 1.1615e-15
5020.7 1.1206e-15
5024.3 1.1161e-15
5028.0 1.0726e-15
5031.6 1.0320e-15
5035.3 1.0198e-15
5038.9 9.6217e-16
5042.6 9.0637e-16
5046.2 8.5274e-16
5049.9 8.2708e-16
5053.5 7.9498e-16
5057.1 7.2002e-16
5060.8 7.7509e-16
5064.4 7.3040e-16
5068.1 6.2478e-16
5071.7 6.0569e-16
5075.4 6.0666e-16
5079.0 5.9543e-16
5082.7 5.5479e-16
5086.3 5.5455e-16
5090.0 5.7436e-16
5093.6 5.8791e-16
5097.3 5.5152e-16
5100.9 5.5709e-16
5104.6 5.3935e-16
5108.2 5.5199e-16
5111.8 5.4832e-16
5115.5 5.6129e-16
5119.1 5.6158e-16
5122.8 5.6402e-16
5126.4 5.7324e-16
5130.1 5.2978e-16
5133.7 5.3877e-16
5137.4 5.6284e-16
5141.0 5.3636e-16
5144.7 5.3414e-16
5148.3 5.3612e-16
5152.0 5.3694e-16
5155.6 5.3728e-16
5159.2 5.3648e-16
5162.9 5.5242e-16
5166.5 5.2657e-16
5170.2 5.2842e-16
5173.8 5.2864e-16
5177.5 5.2259e-16
5181.1 5.3409e-16
5184.8 5.5981e-16
5188.4 5.3191e-16
5192.1 5.1654e-16
5195.7 5.3024e-16
5199.4 5.2972e-16
5203.0 5.1877e-16
5206.6 5.2375e-16
5210.3 5.2088e-16
5213.9 5.2262e-16
5217.6 5.5055e-16
5221.2 5.0482e-16
5224.9 4.9448e-16
5228.5 5.1534e-16
5232.2 5.4367e-16
5235.8 5.6702e-16
5239.5 5.2362e-16
5243.1 5.1689e-16
5246.8 5.4386e-16
5250.4 5.8353e-16
5254.1 5.9911e-16
5257.7 5.7634e-16
5261.3 5.7228e-16
5265.0 6.2598e-16
5268.6 6.2931e-16
5272.3 6.3164e-16
5275.9 6.5343e-16
5279.6 6.4627e-16
5283.2 6.8168e-16
5286.9 6.8942e-16
5290.5 6.8311e-16
5294.2 7.0761e-16
5297.8 7.4162e-16
5301.5 7.7070e-16
5305.1 7.8470e-16
5308.7 7.6633e-16
5312.4 7.9339e-16
5316.0 7.8200e-16
5319.7 7.8059e-16
5323.3 7.9930e-16
5327.0 7.7885e-16
5330.6 7.9240e-16
5334.3 8.0734e-16
5337.9 8.1131e-16
5341.6 8.3539e-16
5345.2 8.2301e-16
5348.9 8.5013e-16
5352.5 8.8220e-16
5356.1 8.9476e-16
5359.8 8.7465e-16
5363.4 8.4633e-16
5367.1 8.7093e-16
5370.7 8.8689e-16
5374.4 8.8296e-16
5378.0 8.8034e-16
5381.7 9.2383e-16
5385.3 9.6019e-16
5389.0 9.1854e-16
5392.6 9.0818e-16
5396.3 8.9991e-16
5399.9 9.6141e-16
5403.6 9.6918e-16
5407.2 9.3001e-16
5410.8 9.4578e-16
5414.5 9.3369e-16
5418.1 8.9548e-16
5421.8 8.6666e-16
5425.4 9.1673e-16
5429.1 9.4550e-16
5432.7 9.4771e-16
5436.4 9.5733e-16
5440.0 9.4256e-16
5443.7 9.3164e-16
5447.3 9.3839e-16
5451.0 9.4209e-16
5454.6 9.3239e-16
5458.2 9.3115e-16
5461.9 9.2665e-16
5465.5 9.2174e-16
5469.2 9.1681e-16
5472.8 8.8366e-16
5476.5 8.7093e-16
5480.1 8.9027e-16
5483.8 9.3131e-16
5487.4 9.4275e-16
5491.1 9.3980e-16
5494.7 9.4836e-16
5498.4 9.5689e-16
5502.0 9.4665e-16
5505.6 9.7581e-16
5509.3 9.9707e-16
5512.9 1.0481e-15
5516.6 1.0417e-15
5520.2 1.0565e-15
5523.9 1.1147e-15
5527.5 1.0988e-15
5531.2 1.0978e-15
5534.8 1.1341e-15
5538.5 1.1336e-15
5542.1 1.1579e-15
5545.8 1.1957e-15
5549.4 1.1892e-15
5553.0 1.1940e-15
5556.7 1.1456e-15
5560.3 1.1765e-15
5564.0 1.1938e-15
5567.6 1.2043e-15
5571.3 1.2791e-15
5574.9 1.2625e-15
5578.6 1.2131e-15
5582.2 1.1548e-15
5585.9 1.1169e-15
5589.5 1.1511e-15
5593.2 1.1401e-15
5596.8 1.0961e-15
5600.5 1.0796e-15
5604.1 1.0722e-15
5607.7 1.0609e-15
5611.4 1.0449e-15
5615.0 1.0244e-15
5618.7 1.0330e-15
5622.3 1.0017e-15
5626.0 1.0111e-15
5629.6 9.6848e-16
5633.3 9.6644e-16
5636.9 9.5214e-16
5640.6 9.3337e-16
5644.2 9.0516e-16
5647.9 8.9415e-16
5651.5 8.4628e-16
5655.1 8.2921e-16
5658.8 7.8587e-16
5662.4 7.6931e-16
5666.1 7.9490e-16
5669.7 7.6580e-16
5673.4 7.3995e-16
5677.0 7.2046e-16
5680.7 6.8179e-16
5684.3 6.8077e-16
5688.0 6.5127e-16
5691.6 6.6522e-16
5695.3 6.6289e-16
5698.9 6.1463e-16
5702.5 6.0193e-16
5706.2 5.9412e-16
5709.8 5.6487e-16
5713.5 5.5244e-16
5717.1 5.4181e-16
5720.8 5.4178e-16
5724.4 5.2518e-16
5728.1 5.0388e-16
5731.7 4.8250e-16
5735.4 4.9230e-16
5739.0 4.6687e-16
5742.7 4.5973e-16
5746.3 4.5844e-16
5750.0 4.2557e-16
5753.6 4.1517e-16
5757.2 3.8346e-16
5760.9 3.7682e-16
5764.5 3.9499e-16
5768.2 3.7399e-16
5771.8 3.7724e-16
5775.5 3.8465e-16
5779.1 3.8133e-16
5782.8 3.7461e-16
5786.4 3.8312e-16
5790.1 3.8364e-16
5793.7 4.3264e-16
5797.4 4.4866e-16
5801.0 4.6546e-16
5804.6 4.8354e-16
5808.3 5.4393e-16
5811.9 5.7051e-16
5815.6 5.8909e-16
5819.2 6.2264e-16
5822.9 6.7134e-16
5826.5 7.0319e-16
5830.2 7.2915e-16
5833.8 7.5520e-16
5837.5 8.0501e-16
5841.1 8.0672e-16
5844.8 8.5017e-16
5848.4 9.0459e-16
5852.0 9.2610e-16
5855.7 9.3291e-16
5859.3 9.8194e-16
5863.0 1.0179e-15
5866.6 9.8911e-16
5870.3 1.0242e-15
5873.9 1.0693e-15
5877.6 1.0559e-15
5881.2 1.0654e-15
5884.9 1.0502e-15
5888.5 1.0572e-15
5892.2 1.0355e-15
5895.8 1.0104e-15
5899.4 9.9105e-16
5903.1 1.0791e-15
5906.7 1.0935e-15
5910.4 1.0911e-15
5914.0 1.0206e-15
5917.7 1.0080e-15
5921.3 1.0092e-15
5925.0 9.7967e-16
5928.6 9.7803e-16
5932.3 9.5151e-16
5935.9 9.5395e-16
5939.6 9.6105e-16
5943.2 9.1424e-16
5946.9 8.9655e-16
5950.5 8.9112e-16
5954.1 9.2899e-16
5957.8 8.7908e-16
5961.4 8.8384e-16
5965.1 8.6804e-16
5968.7 8.7410e-16
5972.4 8.3083e-16
5976.0 8.1247e-16
5979.7 8.4450e-16
5983.3 8.4409e-16
5987.0 8.2022e-16
5990.6 8.3615e-16
5994.3 8.0797e-16
5997.9 8.0196e-16
6001.5 7.8991e-16
6005.2 7.7331e-16
6008.8 7.7639e-16
6012.5 7.6219e-16
6016.1 7.5514e-16
6019.8 7.4721e-16
6023.4 6.9596e-16
6027.1 6.8729e-16
6030.7 7.0088e-16
6034.4 6.9870e-16
6038.0 6.3981e-16
6041.7 6.2207e-16
6045.3 6.1397e-16
6048.9 6.0293e-16
6052.6 5.8976e-16
6056.2 5.6330e-16
6059.9 5.8198e-16
6063.5 5.5585e-16
6067.2 5.3435e-16
6070.8 5.3178e-16
6074.5 5.1288e-16
6078.1 5.2727e-16
6081.8 5.2611e-16
6085.4 5.3953e-16
6089.1 5.2508e-16
6092.7 4.8685e-16
6096.4 5.0947e-16
6100.0 5.0940e-16
6103.6 5.1602e-16
6107.3 5.2492e-16
6110.9 5.6302e-16
6114.6 5.6383e-16
6118.2 5.3609e-16
6121.9 5.4858e-16
6125.5 5.3523e-16
6129.2 5.5053e-16
6132.8 5.7775e-16
6136.5 5.6515e-16
6140.1 5.1956e-16
6143.8 5.0383e-16
6147.4 5.1774e-16
6151.0 5.3265e-16
6154.7 5.2071e-16
6158.3 5.2436e-16
6162.0 5.2108e-16
6165.6 5.0838e-16
6169.3 5.1800e-16
6172.9 5.0649e-16
6176.6 5.0962e-16
6180.2 5.2077e-16
6183.9 5.2108e-16
6187.5 5.4514e-16
6191.2 5.4210e-16
6194.8 5.3071e-16
6198.4 5.6672e-16
6202.1 5.2410e-16
6205.7 5.4179e-16
6209.4 5.7057e-16
6213.0 5.6027e-16
6216.7 5.6735e-16
6220.3 5.7770e-16
6224.0 5.7436e-16
6227.6 5.6462e-16
6231.3 5.6182e-16
6234.9 5.5283e-16
6238.6 5.4808e-16
6242.2 5.5421e-16
6245.9 5.2095e-16
6249.5 5.6355e-16
6253.1 5.3976e-16
6256.8 5.6366e-16
6260.4 5.5434e-16
6264.1 5.5397e-16
6267.7 5.5991e-16
6271.4 5.7088e-16
6275.0 5.8066e-16
6278.7 5.7004e-16
6282.3 5.7317e-16
6286.0 6.1103e-16
6289.6 6.1921e-16
6293.3 6.3221e-16
6296.9 6.1494e-16
6300.5 6.0673e-16
6304.2 5.8267e-16
6307.8 5.8834e-16
6311.5 5.9404e-16
6315.1 5.8790e-16
6318.8 5.8527e-16
6322.4 5.6807e-16
6326.1 5.6434e-16
6329.7 5.5514e-16
6333.4 5.1663e-16
6337.0 5.0092e-16
6340.7 4.8915e-16
6344.3 4.9375e-16
6347.9 4.6560e-16
6351.6 4.4260e-16
6355.2 4.2641e-16
6358.9 4.5586e-16
6362.5 4.5880e-16
6366.2 4.3237e-16
6369.8 4.3112e-16
6373.5 4.1546e-16
6377.1 4.2976e-16
6380.8 4.2752e-16
6384.4 4.2806e-16
6388.1 4.3710e-16
6391.7 4.4118e-16
6395.3 4.4559e-16
6399.0 4.5355e-16
6402.6 4.4956e-16
6406.3 4.4216e-16
6409.9 4.6032e-16
6413.6 4.5923e-16
6417.2 4.6999e-16
6420.9 4.7956e-16
6424.5 4.9667e-16
6428.2 5.0783e-16
6431.8 5.1631e-16
6435.5 5.1615e-16
6439.1 5.2989e-16
6442.8 5.5434e-16
6446.4 5.5632e-16
6450.0 5.6486e-16
6453.7 5.3520e-16
6457.3 5.5168e-16
6461.0 5.6451e-16
6464.6 5.6471e-16
6468.3 5.6528e-16
6471.9 6.0184e-16
6475.6 6.1261e-16
6479.2 6.1611e-16
6482.9 6.4572e-16
6486.5 6.2022e-16
6490.2 6.3632e-16
6493.8 6.6319e-16
6497.4 6.6473e-16
6501.1 6.8156e-16
6504.7 7.2156e-16
6508.4 7.0493e-16
6512.0 6.8816e-16
6515.7 7.3413e-16
6519.3 7.4272e-16
6523.0 7.6059e-16
6526.6 7.5884e-16
6530.3 7.5936e-16
6533.9 7.6134e-16
6537.6 7.4615e-16
6541.2 7.6861e-16
6544.8 7.7232e-16
6548.5 7.9542e-16
6552.1 7.8962e-16
6555.8 7.7397e-16
6559.4 7.7315e-16
6563.1 7.7804e-16
6566.7 7.4845e-16
6570.4 7.4218e-16
6574.0 7.6357e-16
6577.7 7.7907e-16
6581.3 7.8547e-16
6585.0 7.5525e-16
6588.6 7.3490e-16
6592.3 7.3433e-16
6595.9 7.1532e-16
6599.5 7.1129e-16
6603.2 7.0039e-16
6606.8 6.9071e-16
6610.5 7.0126e-16
6614.1 6.5275e-16
6617.8 6.4270e-16
6621.4 6.3010e-16
6625.1 6.3949e-16
6628.7 6.5487e-16
6632.4 7.3767e-16
6636.0 7.2476e-16
6639.7 6.3686e-16
6643.3 5.8975e-16
6646.9 5.5146e-16
6650.6 5.4441e-16
6654.2 5.5449e-16
6657.9 5.3582e-16
6661.5 5.2304e-16
6665.2 5.0642e-16
6668.8 4.9336e-16
6672.5 4.7901e-16
6676.1 4.6615e-16
6679.8 4.3637e-16
6683.4 4.3208e-16
6687.1 4.3551e-16
6690.7 4.6408e-16
6694.3 4.3536e-16
6698.0 3.9498e-16
6701.6 3.7822e-16
6705.3 3.5298e-16
6708.9 3.4520e-16
6712.6 3.7163e-16
6716.2 3.7586e-16
6719.9 3.4488e-16
6723.5 3.3530e-16
6727.2 3.3444e-16
6730.8 3.0510e-16
6734.5 2.9345e-16
6738.1 2.8983e-16
6741.7 2.8869e-16
6745.4 2.6869e-16
6749.0 2.9424e-16
6752.7 2.8372e-16
6756.3 2.5663e-16
6760.0 2.5284e-16
6763.6 2.4773e-16
6767.3 2.4822e-16
6770.9 2.5277e-16
6774.6 2.5507e-16
6778.2 2.5569e-16
6781.9 2.4265e-16
6785.5 2.4686e-16
6789.2 2.6729e-16
6792.8 2.5266e-16
6796.4 2.4030e-16
6800.1 2.3802e-16
6803.7 2.4972e-16
6807.4 2.5230e-16
6811.0 2.4036e-16
6814.7 2.2368e-16
6818.3 2.3325e-16
6822.0 2.2175e-16
6825.6 2.1531e-16
6829.3 2.1628e-16
6832.9 2.1432e-16
6836.6 2.2017e-16
6840.2 2.0919e-16
6843.8 2.0430e-16
6847.5 1.9587e-16
6851.1 2.0428e-16
6854.8 2.0573e-16
6858.4 2.0511e-16
6862.1 2.1333e-16
6865.7 1.9833e-16
6869.4 1.5772e-16
6873.0 1.5790e-16
6876.7 1.7745e-16
6880.3 1.8913e-16
6884.0 1.8429e-16
6887.6 1.7709e-16
6891.2 1.7928e-16
6894.9 1.7726e-16
6898.5 1.8294e-16
6902.2 1.8900e-16
6905.8 1.8151e-16
6909.5 1.8260e-16
6913.1 1.8519e-16
6916.8 1.8467e-16
6920.4 2.0379e-16
6924.1 2.1131e-16
6927.7 2.0893e-16
6931.4 2.1359e-16
6935.0 2.1386e-16
6938.7 2.0834e-16
6942.3 2.0569e-16
6945.9 2.0457e-16
6949.6 2.2164e-16
6953.2 2.1256e-16
6956.9 2.1321e-16
6960.5 2.2541e-16
6964.2 2.1986e-16
6967.8 2.1480e-16
6971.5 2.0273e-16
6975.1 2.1319e-16
6978.8 2.1360e-16
6982.4 2.1068e-16
6986.1 2.2838e-16
6989.7 2.4240e-16
6993.3 2.3257e-16
6997.0 2.2440e-16
7000.6 2.3011e-16
7004.3 2.2501e-16
7007.9 2.1744e-16
7011.6 2.4203e-16
7015.2 2.5322e-16
7018.9 2.4930e-16
7022.5 2.5989e-16
7026.2 2.5428e-16
7029.8 2.4942e-16
7033.5 2.2827e-16
7037.1 2.0745e-16
7040.7 2.3662e-16
7044.4 2.6247e-16
7048.0 2.4829e-16
7051.7 2.4392e-16
7055.3 2.3743e-16
7059.0 2.2896e-16
7062.6 2.1268e-16
7066.3 2.2869e-16
7069.9 2.2756e-16
7073.6 2.3320e-16
7077.2 2.4095e-16
7080.9 2.4688e-16
7084.5 2.4750e-16
7088.1 2.3601e-16
7091.8 2.2611e-16
7095.4 2.2483e-16
7099.1 2.1554e-16
7102.7 2.1492e-16
7106.4 2.3348e-16
7110.0 2.1865e-16
7113.7 2.3755e-16
7117.3 2.5246e-16
7121.0 2.5122e-16
7124.6 2.4890e-16
7128.3 2.3670e-16
7131.9 2.3272e-16
7135.6 2.3308e-16
7139.2 2.3669e-16
7142.8 2.3257e-16
7146.5 2.5120e-16
7150.1 2.6444e-16
7153.8 2.7607e-16
7157.4 2.6211e-16
7161.1 2.5581e-16
7164.7 2.5360e-16
7168.4 2.3913e-16
7172.0 2.2502e-16
7175.7 2.3920e-16
7179.3 2.4899e-16
7183.0 2.6200e-16
7186.6 2.5812e-16
7190.2 2.4713e-16
7193.9 2.5255e-16
7197.5 2.4151e-16
7201.2 2.4359e-16
7204.8 2.4860e-16
7208.5 2.7634e-16
7212.1 2.7847e-16
7215.8 3.0986e-16
7219.4 3.1375e-16
7223.1 3.2979e-16
7226.7 2.9996e-16
7230.4 2.8221e-16
7234.0 2.7233e-16
7237.6 2.6767e-16
7241.3 2.6330e-16
7244.9 2.8937e-16
7248.6 2.9887e-16
7252.2 3.1610e-16
7255.9 3.1449e-16
7259.5 2.9652e-16
7263.2 2.8899e-16
7266.8 3.1755e-16
7270.5 3.0066e-16
7274.1 2.9713e-16
7277.8 3.0590e-16
7281.4 3.4353e-16
7285.1 3.4821e-16
7288.7 3.3674e-16
7292.3 3.3717e-16
7296.0 3.4040e-16
7299.6 3.2842e-16
7303.3 3.3839e-16
7306.9 3.6086e-16
7310.6 3.5989e-16
7314.2 3.6937e-16
7317.9 3.8272e-16
7321.5 3.9745e-16
7325.2 4.0838e-16
7328.8 3.3746e-16
7332.5 3.3065e-16
7336.1 3.3289e-16
7339.7 3.3289e-16
7343.4 3.6444e-16
7347.0 3.9399e-16
7350.7 3.7839e-16
7354.3 3.7877e-16
7358.0 3.7242e-16
7361.6 3.2814e-16
7365.3 3.2771e-16
7368.9 3.1908e-16
7372.6 3.1407e-16
7376.2 3.1678e-16
7379.9 3.1359e-16
7383.5 3.3248e-16
7387.1 3.3982e-16
7390.8 3.3175e-16
7394.4 3.1611e-16
7398.1 3.1656e-16
7401.7 3.0300e-16
7405.4 2.9973e-16
7409.0 3.0617e-16
7412.7 3.2273e-16
7416.3 3.5298e-16
7420.0 3.4543e-16
7423.6 3.4688e-16
7427.3 3.4273e-16
7430.9 3.2619e-16
7434.6 3.2542e-16
7438.2 3.3312e-16
7441.8 3.3550e-16
7445.5 3.3113e-16
7449.1 3.4062e-16
7452.8 3.6472e-16
7456.4 3.8271e-16
7460.1 4.0700e-16
7463.7 3.8934e-16
7467.4 3.5760e-16
7471.0 3.6438e-16
7474.7 3.4976e-16
7478.3 3.6441e-16
7482.0 3.8027e-16
7485.6 3.8232e-16
7489.2 3.9972e-16
7492.9 4.3323e-16
7496.5 4.1838e-16
7500.2 4.2120e-16
7503.8 4.1604e-16
7507.5 3.8918e-16
7511.1 3.9276e-16
7514.8 4.1864e-16
7518.4 4.1195e-16
7522.1 4.0246e-16
7525.7 4.1499e-16
7529.4 4.2280e-16
7533.0 4.1474e-16
7536.6 4.1196e-16
7540.3 3.8559e-16
7543.9 3.7390e-16
7547.6 3.6353e-16
7551.2 3.6813e-16
7554.9 3.8753e-16
7558.5 3.7928e-16
7562.2 3.9896e-16
7565.8 3.9002e-16
7569.5 3.9155e-16
7573.1 3.3274e-16
7576.8 3.1786e-16
7580.4 2.9795e-16
7584.0 3.1172e-16
7587.7 2.9276e-16
7591.3 2.7934e-16
7595.0 2.3585e-16
7598.6 1.5584e-16
7602.3 1.1956e-16
7605.9 1.0545e-16
7609.6 1.0811e-16
7613.2 1.3487e-16
7616.9 1.8664e-16
7620.5 1.8269e-16
7624.2 1.5845e-16
7627.8 1.5319e-16
7631.5 1.4779e-16
7635.1 1.5028e-16
7638.7 1.4878e-16
7642.4 1.5640e-16
7646.0 1.5142e-16
7649.7 1.5658e-16
7653.3 1.8162e-16
7657.0 2.0878e-16
7660.6 2.3248e-16
7664.3 2.5684e-16
7667.9 2.6658e-16
7671.6 2.5460e-16
7675.2 2.5771e-16
7678.9 2.6608e-16
7682.5 2.7285e-16
7686.1 2.6367e-16
7689.8 2.6192e-16
7693.4 2.9938e-16
7697.1 3.2494e-16
7700.7 3.3339e-16
7704.4 3.3289e-16
7708.0 3.2409e-16
7711.7 3.3096e-16
7715.3 3.1600e-16
7719.0 2.9452e-16
7722.6 3.1285e-16
7726.3 3.3466e-16
7729.9 3.5974e-16
7733.5 3.6863e-16
7737.2 3.6578e-16
7740.8 3.7643e-16
7744.5 3.5452e-16
7748.1 3.4023e-16
7751.8 3.1777e-16
7755.4 3.3580e-16
7759.1 3.5016e-16
7762.7 3.6607e-16
7766.4 3.9624e-16
7770.0 3.9662e-16
7773.7 4.1242e-16
7777.3 3.8719e-16
7781.0 3.3812e-16
7784.6 3.2286e-16
7788.2 3.4967e-16
7791.9 3.7487e-16
7795.5 3.7071e-16
7799.2 3.7692e-16
7802.8 4.0216e-16
7806.5 4.0613e-16
7810.1 3.8013e-16
7813.8 3.8366e-16
7817.4 3.7589e-16
7821.1 3.4667e-16
7824.7 3.4256e-16
7828.4 3.7616e-16
7832.0 3.7049e-16
7835.6 3.8887e-16
7839.3 4.0053e-16
7842.9 3.6585e-16
7846.6 3.5366e-16
7850.2 3.2640e-16
7853.9 3.3333e-16
7857.5 3.3540e-16
7861.2 3.4627e-16
7864.8 3.7745e-16
7868.5 3.9547e-16
7872.1 3.5553e-16
7875.8 3.3604e-16
7879.4 3.2677e-16
7883.0 3.1475e-16
7886.7 3.0519e-16
7890.3 3.1285e-16
7894.0 3.2455e-16
7897.6 3.5032e-16
7901.3 3.4559e-16
7904.9 3.3552e-16
7908.6 3.2037e-16
7912.2 2.6954e-16
7915.9 2.5902e-16
7919.5 2.8524e-16
7923.2 2.9496e-16
7926.8 3.0259e-16
7930.4 3.1432e-16
7934.1 3.0141e-16
7937.7 2.6769e-16
7941.4 2.6107e-16
7945.0 2.7217e-16
7948.7 2.6052e-16
7952.3 2.8847e-16
7956.0 3.1483e-16
7959.6 2.8170e-16
7963.3 2.2159e-16
7966.9 2.0233e-16
7970.6 2.5064e-16
7974.2 2.6439e-16
7977.9 2.6601e-16
7981.5 2.5091e-16
7985.1 2.1815e-16
7988.8 2.3728e-16
7992.4 2.5859e-16
7996.1 2.5458e-16
7999.7 2.5867e-16
8003.4 2.4559e-16
8007.0 2.5488e-16
8010.7 2.6198e-16
8014.3 2.5333e-16
8018.0 2.3252e-16
8021.6 2.4764e-16
8025.3 2.6745e-16
8028.9 2.6080e-16
8032.5 2.6384e-16
8036.2 2.4903e-16
8039.8 2.4716e-16
8043.5 2.6936e-16
8047.1 2.2675e-16
8050.8 2.4857e-16
8054.4 2.7047e-16
8058.1 2.7597e-16
8061.7 2.4075e-16
