3501.8 2.0705e-15
3504.7 2.5738e-15
3507.6 2.1389e-15
3510.4 2.6674e-15
3513.3 2.5052e-15
3516.1 2.8948e-15
3519.0 2.0327e-15
3521.8 1.9936e-15
3524.7 2.1305e-15
3527.5 2.3138e-15
3530.4 1.4735e-15
3533.3 2.7885e-15
3536.1 3.1767e-15
3539.0 2.3962e-15
3541.8 2.4909e-15
3544.7 2.9859e-15
3547.5 2.6383e-15
3550.4 3.6604e-15
3553.2 3.6162e-15
3556.1 3.2092e-15
3559.0 3.3716e-15
3561.8 3.4015e-15
3564.7 3.3845e-15
3567.5 2.6497e-15
3570.4 2.1571e-15
3573.2 3.5704e-15
3576.1 3.4776e-15
3578.9 2.9286e-15
3581.8 3.7293e-15
3584.7 3.4635e-15
3587.5 2.8493e-15
3590.4 3.4310e-15
3593.2 4.0501e-15
3596.1 3.8406e-15
3598.9 3.7095e-15
3601.8 2.9898e-15
3604.6 3.4014e-15
3607.5 4.2355e-15
3610.4 3.3869e-15
3613.2 3.9934e-15
3616.1 3.8054e-15
3618.9 3.6724e-15
3621.8 4.4337e-15
3624.6 4.7492e-15
3627.5 4.2048e-15
3630.3 3.4878e-15
3633.2 3.6228e-15
3636.1 2.9142e-15
3638.9 3.8421e-15
3641.8 3.5185e-15
3644.6 3.4098e-15
3647.5 3.0436e-15
3650.3 3.4853e-15
3653.2 3.4386e-15
3656.0 3.0762e-15
3658.9 3.6031e-15
3661.7 3.5748e-15
3664.6 3.6211e-15
3667.5 3.2542e-15
3670.3 3.6399e-15
3673.2 4.4938e-15
3676.0 4.3884e-15
3678.9 3.9650e-15
3681.7 3.8925e-15
3684.6 4.6216e-15
3687.4 3.8456e-15
3690.3 4.5370e-15
3693.2 5.2794e-15
3696.0 5.1303e-15
3698.9 5.3737e-15
3701.7 5.4755e-15
3704.6 5.3397e-15
3707.4 5.5510e-15
3710.3 5.8980e-15
3713.1 5.4581e-15
3716.0 6.4084e-15
3718.9 5.7435e-15
3721.7 6.1849e-15
3724.6 6.5141e-15
3727.4 5.8099e-15
3730.3 6.7957e-15
3733.1 5.7328e-15
3736.0 6.4877e-15
3738.8 6.0195e-15
3741.7 5.9002e-15
3744.6 5.6159e-15
3747.4 5.2101e-15
3750.3 5.1403e-15
3753.1 5.5035e-15
3756.0 4.6698e-15
3758.8 4.8929e-15
3761.7 3.9348e-15
3764.5 4.8580e-15
3767.4 3.9237e-15
3770.3 3.9420e-15
3773.1 3.7076e-15
3776.0 3.3048e-15
3778.8 3.4036e-15
3781.7 3.6085e-15
3784.5 3.5266e-15
3787.4 3.0487e-15
3790.2 2.9307e-15
3793.1 3.2093e-15
3796.0 3.2386e-15
3798.8 2.8076e-15
3801.7 3.4233e-15
3804.5 2.9687e-15
3807.4 2.6811e-15
3810.2 3.0453e-15
3813.1 2.9952e-15
3815.9 2.6571e-15
3818.8 2.6127e-15
3821.7 3.4792e-15
3824.5 3.3045e-15
3827.4 2.8923e-15
3830.2 3.0253e-15
3833.1 3.7480e-15
3835.9 3.2708e-15
3838.8 3.1828e-15
3841.6 3.0020e-15
3844.5 3.1664e-15
3847.4 3.1371e-15
3850.2 3.6381e-15
3853.1 3.4398e-15
3855.9 3.6127e-15
3858.8 2.8662e-15
3861.6 3.8632e-15
3864.5 3.3937e-15
3867.3 3.2457e-15
3870.2 3.9727e-15
3873.1 4.1416e-15
3875.9 4.2828e-15
3878.8 4.6824e-15
3881.6 4.3971e-15
3884.5 4.6659e-15
3887.3 5.0391e-15
3890.2 5.2949e-15
3893.0 4.9012e-15
3895.9 4.8369e-15
3898.8 5.6427e-15
3901.6 6.2374e-15
3904.5 6.4694e-15
3907.3 6.4009e-15
3910.2 6.5807e-15
3913.0 6.1834e-15
3915.9 6.8823e-15
3918.7 7.2164e-15
3921.6 7.3156e-15
3924.5 7.1956e-15
3927.3 8.2905e-15
3930.2 7.7901e-15
3933.0 8.8673e-15
3935.9 8.9076e-15
3938.7 8.9608e-15
3941.6 9.1944e-15
3944.4 8.8499e-15
3947.3 8.6802e-15
3950.2 9.3910e-15
3953.0 9.0787e-15
3955.9 9.5997e-15
3958.7 9.7161e-15
3961.6 9.2450e-15
3964.4 9.5076e-15
3967.3 9.4095e-15
3970.1 9.4976e-15
3973.0 9.8044e-15
3975.8 9.4094e-15
3978.7 9.4365e-15
3981.6 9.7127e-15
3984.4 1.0494e-14
3987.3 1.0337e-14
3990.1 9.4445e-15
3993.0 1.0012e-14
3995.8 1.0164e-14
3998.7 9.4360e-15
4001.5 9.6067e-15
4004.4 1.0090e-14
4007.3 9.7463e-15
4010.1 1.0169e-14
4013.0 9.3730e-15
4015.8 1.0225e-14
4018.7 1.0436e-14
4021.5 9.8736e-15
4024.4 9.7359e-15
4027.2 9.4854e-15
4030.1 8.9266e-15
4033.0 8.9193e-15
4035.8 8.8719e-15
4038.7 8.1379e-15
4041.5 7.8158e-15
4044.4 7.3415e-15
4047.2 7.6406e-15
4050.1 7.4095e-15
4052.9 7.6331e-15
4055.8 6.8373e-15
4058.7 7.4609e-15
4061.5 6.7756e-15
4064.4 5.8983e-15
4067.2 6.7428e-15
4070.1 6.6471e-15
4072.9 6.5469e-15
4075.8 6.5333e-15
4078.6 6.0916e-15
4081.5 6.5156e-15
4084.4 6.6244e-15
4087.2 6.6319e-15
4090.1 6.4536e-15
4092.9 7.3634e-15
4095.8 6.8969e-15
4098.6 7.1193e-15
4101.5 6.9943e-15
4104.3 7.3069e-15
4107.2 6.9990e-15
4110.1 6.8853e-15
4112.9 6.7420e-15
4115.8 6.9832e-15
4118.6 7.0137e-15
4121.5 6.8717e-15
4124.3 6.9234e-15
4127.2 7.0599e-15
4130.0 6.4615e-15
4132.9 7.0770e-15
4135.8 6.8110e-15
4138.6 6.8721e-15
4141.5 6.8133e-15
4144.3 6.3967e-15
4147.2 6.6155e-15
4150.0 6.2054e-15
4152.9 6.2796e-15
4155.7 6.4804e-15
4158.6 6.2616e-15
4161.5 6.2447e-15
4164.3 6.1433e-15
4167.2 5.7581e-15
4170.0 5.5825e-15
4172.9 6.2002e-15
4175.7 5.9102e-15
4178.6 6.1085e-15
4181.4 5.9761e-15
4184.3 5.9570e-15
4187.2 6.2985e-15
4190.0 6.3965e-15
4192.9 6.1903e-15
4195.7 6.2636e-15
4198.6 6.6942e-15
4201.4 6.7159e-15
4204.3 6.4210e-15
4207.1 7.2187e-15
4210.0 6.6571e-15
4212.9 6.5913e-15
4215.7 7.6326e-15
4218.6 6.8021e-15
4221.4 6.7498e-15
4224.3 7.1750e-15
4227.1 6.8531e-15
4230.0 7.4930e-15
4232.8 7.1004e-15
4235.7 7.3638e-15
4238.6 6.9092e-15
4241.4 7.5227e-15
4244.3 7.9729e-15
4247.1 7.4436e-15
4250.0 7.2087e-15
4252.8 7.9866e-15
4255.7 7.6648e-15
4258.5 7.7108e-15
4261.4 7.3648e-15
4264.2 7.2648e-15
4267.1 7.4736e-15
4270.0 7.2183e-15
4272.8 6.8963e-15
4275.7 7.3171e-15
4278.5 7.1472e-15
4281.4 6.8191e-15
4284.2 6.5167e-15
4287.1 7.1545e-15
4289.9 6.7313e-15
4292.8 6.7726e-15
4295.7 6.8687e-15
4298.5 6.6924e-15
4301.4 6.7421e-15
4304.2 7.3287e-15
4307.1 6.7808e-15
4309.9 6.8496e-15
4312.8 6.5141e-15
4315.6 6.5386e-15
4318.5 6.4011e-15
4321.4 6.7672e-15
4324.2 6.5304e-15
4327.1 6.6471e-15
4329.9 6.6627e-15
4332.8 6.8156e-15
4335.6 6.9156e-15
4338.5 6.9415e-15
4341.3 6.4053e-15
4344.2 6.5795e-15
4347.1 6.3859e-15
4349.9 6.5001e-15
4352.8 7.0439e-15
4355.6 6.8310e-15
4358.5 6.7218e-15
4361.3 6.2240e-15
4364.2 6.5181e-15
4367.0 6.3212e-15
4369.9 6.2447e-15
4372.8 6.6739e-15
4375.6 5.7505e-15
4378.5 5.9140e-15
4381.3 5.7886e-15
4384.2 5.7870e-15
4387.0 5.6792e-15
4389.9 5.5241e-15
4392.7 5.4179e-15
4395.6 5.4648e-15
4398.5 5.1862e-15
4401.3 5.0218e-15
4404.2 5.0717e-15
4407.0 4.9801e-15
4409.9 4.9919e-15
4412.7 4.9225e-15
4415.6 4.3506e-15
4418.4 4.5081e-15
4421.3 4.4532e-15
4424.2 3.7731e-15
4427.0 4.1376e-15
4429.9 4.4377e-15
4432.7 3.9399e-15
4435.6 3.4883e-15
4438.4 4.4429e-15
4441.3 3.9626e-15
4444.1 3.8404e-15
4447.0 3.5756e-15
4449.9 3.4907e-15
4452.7 3.7222e-15
4455.6 3.4495e-15
4458.4 3.6837e-15
4461.3 3.4405e-15
4464.1 3.8298e-15
4467.0 3.2563e-15
4469.8 3.7832e-15
4472.7 3.6153e-15
4475.6 3.8745e-15
4478.4 3.8892e-15
4481.3 3.7192e-15
4484.1 3.9095e-15
4487.0 3.7963e-15
4489.8 3.6785e-15
4492.7 3.8920e-15
4495.5 3.7034e-15
4498.4 3.8699e-15
4501.3 4.0365e-15
4504.1 3.9519e-15
4507.0 4.2185e-15
4509.8 4.1998e-15
4512.7 4.0557e-15
4515.5 4.2925e-15
4518.4 4.5190e-15
4521.2 4.3899e-15
4524.1 4.7572e-15
4527.0 4.7961e-15
4529.8 4.7123e-15
4532.7 4.8524e-15
4535.5 4.7032e-15
4538.4 5.0185e-15
4541.2 4.9691e-15
4544.1 4.8710e-15
4546.9 5.0478e-15
4549.8 4.7261e-15
4552.6 5.0107e-15
4555.5 5.1086e-15
4558.4 5.2713e-15
4561.2 5.2162e-15
4564.1 5.6770e-15
4566.9 5.4225e-15
4569.8 5.6927e-15
4572.6 5.8590e-15
4575.5 5.8524e-15
4578.3 6.1071e-15
4581.2 6.2634e-15
4584.1 6.6154e-15
4586.9 6.7332e-15
4589.8 6.8643e-15
4592.6 7.1146e-15
4595.5 7.4379e-15
4598.3 7.3770e-15
4601.2 7.3669e-15
4604.0 7.6986e-15
4606.9 7.9047e-15
4609.8 8.1535e-15
4612.6 8.2207e-15
4615.5 8.4136e-15
4618.3 8.7239e-15
4621.2 8.8652e-15
4624.0 9.1153e-15
4626.9 9.1189e-15
4629.7 9.0008e-15
4632.6 9.1198e-15
4635.5 9.1827e-15
4638.3 9.2399e-15
4641.2 9.6465e-15
4644.0 9.1996e-15
4646.9 9.1575e-15
4649.7 9.3502e-15
4652.6 9.4168e-15
4655.4 9.5530e-15
4658.3 9.2855e-15
4661.2 9.4708e-15
4664.0 9.0299e-15
4666.9 9.2656e-15
4669.7 9.3067e-15
4672.6 9.1766e-15
4675.4 9.0226e-15
4678.3 9.1548e-15
4681.1 9.0045e-15
4684.0 8.5862e-15
4686.9 8.8552e-15
4689.7 8.5077e-15
4692.6 8.4065e-15
4695.4 8.4019e-15
4698.3 7.5183e-15
4701.1 8.0844e-15
4704.0 7.9749e-15
4706.8 7.6413e-15
4709.7 6.9628e-15
4712.6 6.9502e-15
4715.4 6.9563e-15
4718.3 6.4735e-15
4721.1 6.4242e-15
4724.0 6.1516e-15
4726.8 5.7447e-15
4729.7 5.7295e-15
4732.5 5.6246e-15
4735.4 5.6104e-15
4738.3 5.3512e-15
4741.1 5.3823e-15
4744.0 5.1710e-15
4746.8 5.0812e-15
4749.7 5.2648e-15
4752.5 5.1630e-15
4755.4 4.7935e-15
4758.2 4.7598e-15
4761.1 4.5539e-15
4764.0 4.7969e-15
4766.8 4.7801e-15
4769.7 4.4625e-15
4772.5 4.4659e-15
4775.4 4.4026e-15
4778.2 4.4387e-15
4781.1 4.0463e-15
4783.9 4.2660e-15
4786.8 3.9018e-15
4789.7 4.1036e-15
4792.5 3.9863e-15
4795.4 3.9097e-15
4798.2 4.0728e-15
4801.1 3.9320e-15
4803.9 3.8416e-15
4806.8 3.7731e-15
4809.6 3.8134e-15
4812.5 3.7564e-15
4815.4 3.5147e-15
4818.2 3.8156e-15
4821.1 3.8261e-15
4823.9 3.6803e-15
4826.8 3.5291e-15
4829.6 3.7703e-15
4832.5 3.9066e-15
4835.3 3.7363e-15
4838.2 3.8300e-15
4841.1 3.6243e-15
4843.9 3.5548e-15
4846.8 3.9172e-15
4849.6 3.7028e-15
4852.5 3.9143e-15
4855.3 4.0939e-15
4858.2 3.8767e-15
4861.0 4.2061e-15
4863.9 4.1199e-15
4866.7 4.0625e-15
4869.6 3.9997e-15
4872.5 4.0999e-15
4875.3 3.9980e-15
4878.2 3.9630e-15
4881.0 3.8713e-15
4883.9 3.6572e-15
4886.7 3.9344e-15
4889.6 3.7276e-15
4892.4 3.6052e-15
4895.3 3.6355e-15
4898.2 3.6725e-15
4901.0 3.5905e-15
4903.9 3.7125e-15
4906.7 3.5717e-15
4909.6 3.4590e-15
4912.4 3.6314e-15
4915.3 3.7478e-15
4918.1 3.7278e-15
4921.0 3.3627e-15
4923.9 3.7023e-15
4926.7 3.7541e-15
4929.6 3.8940e-15
4932.4 3.7628e-15
4935.3 3.8408e-15
4938.1 4.0263e-15
4941.0 4.0968e-15
4943.8 3.8603e-15
4946.7 3.8918e-15
4949.6 4.0210e-15
4952.4 4.1475e-15
4955.3 4.2322e-15
4958.1 4.3991e-15
4961.0 4.5016e-15
4963.8 4.4981e-15
4966.7 4.8191e-15
4969.5 4.6839e-15
4972.4 4.8601e-15
4975.3 4.9549e-15
4978.1 4.8833e-15
4981.0 4.8430e-15
4983.8 5.2820e-15
4986.7 5.1747e-15
4989.5 5.0846e-15
4992.4 4.9207e-15
4995.2 4.8685e-15
4998.1 5.0663e-15
5001.0 4.7565e-15
5003.8 4.8850e-15
5006.7 4.9027e-15
5009.5 4.5963e-15
5012.4 4.5478e-15
5015.2 4.4560e-15
5018.1 4.3134e-15
5020.9 4.4968e-15
5023.8 4.3603e-15
5026.7 4.2587e-15
5029.5 4.0838e-15
5032.4 3.8611e-15
5035.2 3.8795e-15
5038.1 3.7561e-15
5040.9 3.6813e-15
5043.8 3.4539e-15
5046.6 3.4842e-15
5049.5 3.2211e-15
5052.4 3.4013e-15
5055.2 3.4996e-15
5058.1 3.4258e-15
5060.9 3.3273e-15
5063.8 3.2015e-15
5066.6 3.3624e-15
5069.5 3.3899e-15
5072.3 3.1464e-15
5075.2 3.4213e-15
5078.1 3.4542e-15
5080.9 3.4212e-15
5083.8 3.2951e-15
5086.6 3.2815e-15
5089.5 3.4121e-15
5092.3 3.4295e-15
5095.2 3.4335e-15
5098.0 3.3980e-15
5100.9 3.4556e-15
5103.8 3.6047e-15
5106.6 3.5254e-15
5109.5 3.6928e-15
5112.3 3.6761e-15
5115.2 3.6510e-15
5118.0 3.6558e-15
5120.9 3.6237e-15
5123.7 3.7322e-15
5126.6 3.7620e-15
5129.5 3.8017e-15
5132.3 3.6380e-15
5135.2 3.7948e-15
5138.0 3.5721e-15
5140.9 3.8685e-15
5143.7 3.6997e-15
5146.6 3.7406e-15
5149.4 3.5986e-15
5152.3 3.9340e-15
5155.1 3.9833e-15
5158.0 4.0863e-15
5160.9 3.9286e-15
5163.7 3.9540e-15
5166.6 4.0724e-15
5169.4 4.0582e-15
5172.3 3.9415e-15
5175.1 3.7634e-15
5178.0 3.9078e-15
5180.8 4.1083e-15
5183.7 4.1542e-15
5186.6 3.8437e-15
5189.4 3.9540e-15
5192.3 3.9858e-15
5195.1 3.9941e-15
5198.0 4.0071e-15
5200.8 4.0529e-15
5203.7 4.1522e-15
5206.5 4.2107e-15
5209.4 4.1133e-15
5212.3 4.1793e-15
5215.1 4.3585e-15
5218.0 4.5322e-15
5220.8 4.3510e-15
5223.7 4.4092e-15
5226.5 4.6059e-15
5229.4 4.4377e-15
5232.2 4.6285e-15
5235.1 4.5558e-15
5238.0 4.8532e-15
5240.8 4.7747e-15
5243.7 4.8758e-15
5246.5 5.1123e-15
5249.4 5.2762e-15
5252.2 5.4539e-15
5255.1 5.2011e-15
5257.9 5.3631e-15
5260.8 5.7081e-15
5263.7 5.5715e-15
5266.5 5.4836e-15
5269.4 5.6234e-15
5272.2 5.6752e-15
5275.1 5.6958e-15
5277.9 5.8789e-15
5280.8 5.7939e-15
5283.6 5.7458e-15
5286.5 5.9409e-15
5289.4 5.8981e-15
5292.2 5.9178e-15
5295.1 6.2537e-15
5297.9 6.1252e-15
5300.8 6.0649e-15
5303.6 6.1820e-15
5306.5 6.1700e-15
5309.3 6.2303e-15
5312.2 6.1078e-15
5315.1 6.0111e-15
5317.9 6.0460e-15
5320.8 5.9016e-15
5323.6 5.8428e-15
5326.5 5.7980e-15
5329.3 5.7684e-15
5332.2 5.7481e-15
5335.0 5.8460e-15
5337.9 5.8539e-15
5340.8 5.8832e-15
5343.6 5.9092e-15
5346.5 5.7617e-15
5349.3 5.7432e-15
5352.2 5.5798e-15
5355.0 5.8037e-15
5357.9 5.5574e-15
5360.7 5.5821e-15
5363.6 5.5810e-15
5366.5 5.5383e-15
5369.3 5.4664e-15
5372.2 5.3579e-15
5375.0 5.3206e-15
5377.9 5.1706e-15
5380.7 5.3308e-15
5383.6 5.2519e-15
5386.4 5.3180e-15
5389.3 5.2533e-15
5392.2 5.1732e-15
5395.0 5.1475e-15
5397.9 5.0108e-15
5400.7 5.1955e-15
5403.6 5.0845e-15
5406.4 4.9922e-15
5409.3 4.9919e-15
5412.1 4.8787e-15
5415.0 4.8929e-15
5417.9 5.0197e-15
5420.7 4.9830e-15
5423.6 4.8106e-15
5426.4 4.8787e-15
5429.3 4.8626e-15
5432.1 4.9492e-15
5435.0 4.8757e-15
5437.8 4.8127e-15
5440.7 4.8087e-15
5443.5 4.8153e-15
5446.4 4.7922e-15
5449.3 4.8890e-15
5452.1 4.8644e-15
5455.0 4.5278e-15
5457.8 4.7874e-15
5460.7 4.8902e-15
5463.5 4.7028e-15
5466.4 4.7099e-15
5469.2 4.5561e-15
5472.1 4.8486e-15
5475.0 4.7074e-15
5477.8 4.6295e-15
5480.7 4.6608e-15
5483.5 4.5575e-15
5486.4 4.6823e-15
5489.2 4.7458e-15
5492.1 4.3802e-15
5494.9 4.5533e-15
5497.8 4.4493e-15
5500.7 4.4995e-15
5503.5 4.4005e-15
5506.4 4.3536e-15
5509.2 4.3672e-15
5512.1 4.3749e-15
5514.9 4.2817e-15
5517.8 4.2306e-15
5520.6 3.9676e-15
5523.5 3.9868e-15
5526.4 3.9147e-15
5529.2 3.9863e-15
5532.1 4.0906e-15
5534.9 3.7742e-15
5537.8 3.8534e-15
5540.6 3.8046e-15
5543.5 3.7753e-15
5546.3 3.6661e-15
5549.2 3.6095e-15
5552.1 3.5710e-15
5554.9 3.4689e-15
5557.8 3.5414e-15
5560.6 3.4310e-15
5563.5 3.2470e-15
5566.3 3.4073e-15
5569.2 3.4467e-15
5572.0 3.4263e-15
5574.9 3.4798e-15
5577.8 3.3264e-15
5580.6 3.3768e-15
5583.5 3.2953e-15
5586.3 3.1459e-15
5589.2 3.2367e-15
5592.0 3.2468e-15
5594.9 2.9580e-15
5597.7 2.8858e-15
5600.6 2.9508e-15
5603.5 3.0514e-15
5606.3 2.9599e-15
5609.2 2.9306e-15
5612.0 2.8354e-15
5614.9 2.6805e-15
5617.7 2.8249e-15
5620.6 2.5986e-15
5623.4 2.6535e-15
5626.3 2.7670e-15
5629.2 2.6456e-15
5632.0 2.7384e-15
5634.9 2.7340e-15
5637.7 2.6701e-15
5640.6 2.5191e-15
5643.4 2.6859e-15
5646.3 2.5757e-15
5649.1 2.5181e-15
5652.0 2.4713e-15
5654.9 2.4113e-15
5657.7 2.4620e-15
5660.6 2.3574e-15
5663.4 2.6290e-15
5666.3 2.3232e-15
5669.1 2.2712e-15
5672.0 2.2359e-15
5674.8 2.2423e-15
5677.7 2.3021e-15
5680.6 2.2163e-15
5683.4 2.2115e-15
5686.3 2.0316e-15
5689.1 2.1321e-15
5692.0 2.0068e-15
5694.8 2.0159e-15
5697.7 1.9615e-15
5700.5 1.9814e-15
5703.4 1.9955e-15
5706.3 1.9673e-15
5709.1 2.0121e-15
5712.0 2.0000e-15
5714.8 1.9724e-15
5717.7 1.8832e-15
5720.5 1.9146e-15
5723.4 1.9830e-15
5726.2 1.7894e-15
5729.1 1.8732e-15
5731.9 1.9299e-15
5734.8 1.9486e-15
5737.7 1.7832e-15
5740.5 1.6696e-15
5743.4 1.9067e-15
5746.2 1.6487e-15
5749.1 1.7660e-15
5751.9 1.7827e-15
5754.8 1.7304e-15
5757.6 1.6372e-15
5760.5 1.6467e-15
5763.4 1.4234e-15
5766.2 1.7814e-15
5769.1 1.5232e-15
5771.9 1.5943e-15
5774.8 1.6167e-15
5777.6 1.7016e-15
5780.5 1.7739e-15
5783.3 1.5912e-15
5786.2 1.7589e-15
5789.1 1.7773e-15
5791.9 1.7825e-15
5794.8 1.8615e-15
5797.6 1.6858e-15
5800.5 1.8522e-15
5803.3 1.9502e-15
5806.2 1.9943e-15
5809.0 2.0007e-15
5811.9 2.1611e-15
5814.8 2.0805e-15
5817.6 2.2339e-15
5820.5 2.2462e-15
5823.3 2.2939e-15
5826.2 2.4936e-15
5829.0 2.6544e-15
5831.9 2.5661e-15
5834.7 2.7658e-15
5837.6 2.8440e-15
5840.5 2.7797e-15
5843.3 3.0524e-15
5846.2 2.8820e-15
5849.0 2.9945e-15
5851.9 3.0335e-15
5854.7 2.9722e-15
5857.6 3.1539e-15
5860.4 3.0804e-15
5863.3 3.4635e-15
5866.2 3.4664e-15
5869.0 3.4024e-15
5871.9 3.5387e-15
5874.7 3.7329e-15
5877.6 3.6487e-15
5880.4 3.5913e-15
5883.3 3.6910e-15
5886.1 3.8526e-15
5889.0 3.8652e-15
5891.9 3.9850e-15
5894.7 4.1496e-15
5897.6 4.0349e-15
5900.4 4.2303e-15
5903.3 4.3412e-15
5906.1 4.3012e-15
5909.0 3.9615e-15
5911.8 4.3956e-15
5914.7 4.1805e-15
5917.6 4.4741e-15
5920.4 4.3145e-15
5923.3 4.2707e-15
5926.1 4.2910e-15
5929.0 4.3150e-15
5931.8 4.1701e-15
5934.7 4.3784e-15
5937.5 4.2374e-15
5940.4 4.1641e-15
5943.3 4.2792e-15
5946.1 4.2102e-15
5949.0 4.0472e-15
5951.8 3.9979e-15
5954.7 4.1697e-15
5957.5 3.9760e-15
5960.4 3.9252e-15
5963.2 3.9869e-15
5966.1 3.8416e-15
5969.0 3.8209e-15
5971.8 3.7420e-15
5974.7 3.7659e-15
5977.5 3.6887e-15
5980.4 3.7312e-15
5983.2 3.5806e-15
5986.1 3.5702e-15
5988.9 3.3259e-15
5991.8 3.4459e-15
5994.7 3.3971e-15
5997.5 3.5792e-15
6000.4 3.3380e-15
6003.2 3.2225e-15
6006.1 3.2165e-15
6008.9 3.0230e-15
6011.8 2.9031e-15
6014.6 2.9590e-15
6017.5 3.1186e-15
6020.4 3.0348e-15
6023.2 3.0238e-15
6026.1 2.9086e-15
6028.9 2.9062e-15
6031.8 2.7705e-15
6034.6 2.9172e-15
6037.5 2.7975e-15
6040.3 2.7173e-15
6043.2 2.7334e-15
6046.0 2.7159e-15
6048.9 2.5895e-15
6051.8 2.5855e-15
6054.6 2.6159e-15
6057.5 2.6278e-15
6060.3 2.5436e-15
6063.2 2.4696e-15
6066.0 2.5285e-15
6068.9 2.5810e-15
6071.7 2.5899e-15
6074.6 2.7074e-15
6077.5 2.5207e-15
6080.3 2.4654e-15
6083.2 2.5081e-15
6086.0 2.4631e-15
6088.9 2.4299e-15
6091.7 2.3959e-15
6094.6 2.5381e-15
6097.4 2.4894e-15
6100.3 2.4597e-15
6103.2 2.4882e-15
6106.0 2.5268e-15
6108.9 2.4280e-15
6111.7 2.4127e-15
6114.6 2.4892e-15
6117.4 2.5989e-15
6120.3 2.4432e-15
6123.1 2.3887e-15
6126.0 2.4461e-15
6128.9 2.5785e-15
6131.7 2.3521e-15
6134.6 2.3824e-15
6137.4 2.3422e-15
6140.3 2.2763e-15
6143.1 2.1624e-15
6146.0 2.3077e-15
6148.8 2.1980e-15
6151.7 2.1626e-15
6154.6 2.1496e-15
6157.4 2.0725e-15
6160.3 2.1312e-15
6163.1 1.8515e-15
6166.0 1.7631e-15
6168.8 1.7427e-15
6171.7 1.7123e-15
6174.5 1.5881e-15
6177.4 1.5858e-15
6180.3 1.3723e-15
6183.1 1.4529e-15
6186.0 1.4053e-15
6188.8 1.3906e-15
6191.7 1.4799e-15
6194.5 1.2858e-15
6197.4 1.3478e-15
6200.2 1.2794e-15
6203.1 1.2324e-15
6206.0 1.0775e-15
6208.8 1.2410e-15
6211.7 1.2553e-15
6214.5 1.1650e-15
6217.4 1.2130e-15
6220.2 1.1015e-15
6223.1 1.0929e-15
6225.9 1.0175e-15
6228.8 1.0326e-15
6231.7 9.7112e-16
6234.5 1.0950e-15
6237.4 1.1509e-15
6240.2 1.2454e-15
6243.1 1.1968e-15
6245.9 1.2548e-15
6248.8 1.3072e-15
6251.6 1.1771e-15
6254.5 1.3006e-15
6257.4 1.3018e-15
6260.2 1.2785e-15
6263.1 1.2942e-15
6265.9 1.5370e-15
6268.8 1.4837e-15
6271.6 1.5592e-15
6274.5 1.6770e-15
6277.3 1.4974e-15
6280.2 1.6036e-15
6283.1 1.7571e-15
6285.9 1.6839e-15
6288.8 1.7066e-15
6291.6 1.8224e-15
6294.5 1.9200e-15
6297.3 1.8811e-15
6300.2 1.8582e-15
6303.0 1.8033e-15
6305.9 1.9426e-15
6308.8 2.0004e-15
6311.6 2.0169e-15
6314.5 2.0287e-15
6317.3 2.0847e-15
6320.2 2.0713e-15
6323.0 2.1587e-15
6325.9 2.0933e-15
6328.7 1.9456e-15
6331.6 2.1268e-15
6334.4 2.0699e-15
6337.3 2.1106e-15
6340.2 2.2379e-15
6343.0 2.1611e-15
6345.9 2.1200e-15
6348.7 2.1221e-15
6351.6 2.2873e-15
6354.4 2.3396e-15
6357.3 2.1336e-15
6360.1 2.1596e-15
6363.0 2.2435e-15
6365.9 2.2042e-15
6368.7 2.2707e-15
6371.6 2.2230e-15
6374.4 2.1627e-15
6377.3 2.1585e-15
6380.1 2.1582e-15
6383.0 2.0280e-15
6385.8 2.1374e-15
6388.7 2.1926e-15
6391.6 2.1547e-15
6394.4 2.2651e-15
6397.3 2.2689e-15
6400.1 2.3377e-15
6403.0 2.1984e-15
6405.8 2.0976e-15
6408.7 2.1304e-15
6411.5 2.2081e-15
6414.4 2.3083e-15
6417.3 2.3298e-15
6420.1 2.2268e-15
6423.0 2.1398e-15
6425.8 2.1069e-15
6428.7 2.0705e-15
6431.5 2.2451e-15
6434.4 2.1306e-15
6437.2 2.2366e-15
6440.1 2.1911e-15
6443.0 2.2065e-15
6445.8 2.1108e-15
6448.7 2.2602e-15
6451.5 2.2104e-15
6454.4 2.1931e-15
6457.2 2.1314e-15
6460.1 2.2100e-15
6462.9 2.1869e-15
6465.8 2.0837e-15
6468.7 2.1827e-15
6471.5 2.0660e-15
6474.4 2.0810e-15
6477.2 2.0938e-15
6480.1 2.2161e-15
6482.9 2.0745e-15
6485.8 2.1272e-15
6488.6 2.3736e-15
6491.5 2.1188e-15
6494.4 2.2980e-15
6497.2 2.1480e-15
6500.1 2.0832e-15
6502.9 2.1942e-15
6505.8 2.1009e-15
6508.6 2.0748e-15
6511.5 2.2506e-15
6514.3 2.2246e-15
6517.2 2.0851e-15
6520.1 2.0897e-15
6522.9 2.1521e-15
6525.8 2.2281e-15
6528.6 2.1486e-15
6531.5 2.1253e-15
6534.3 2.2244e-15
6537.2 2.2515e-15
6540.0 2.1660e-15
6542.9 2.0637e-15
6545.8 2.1331e-15
6548.6 2.0712e-15
6551.5 1.9617e-15
6554.3 2.0591e-15
6557.2 2.2243e-15
6560.0 2.1545e-15
6562.9 2.1845e-15
6565.7 2.1075e-15
6568.6 2.1242e-15
6571.5 2.1135e-15
6574.3 2.0380e-15
6577.2 2.1556e-15
6580.0 2.1181e-15
6582.9 2.0420e-15
6585.7 2.0759e-15
6588.6 2.0929e-15
6591.4 2.0237e-15
6594.3 1.9403e-15
6597.2 2.1032e-15
6600.0 2.0762e-15
6602.9 2.0189e-15
6605.7 1.8930e-15
6608.6 1.8575e-15
6611.4 1.9781e-15
6614.3 1.8418e-15
6617.1 1.9549e-15
6620.0 1.9195e-15
6622.8 1.9534e-15
6625.7 1.7566e-15
6628.6 1.8222e-15
6631.4 1.8529e-15
6634.3 1.8178e-15
6637.1 1.8229e-15
6640.0 1.7238e-15
6642.8 1.6442e-15
6645.7 1.6648e-15
6648.5 1.7415e-15
6651.4 1.8257e-15
6654.3 1.6837e-15
6657.1 1.6888e-15
6660.0 1.6556e-15
6662.8 1.5644e-15
6665.7 1.6995e-15
6668.5 1.6411e-15
6671.4 1.5071e-15
6674.2 1.5706e-15
6677.1 1.5221e-15
6680.0 1.4223e-15
6682.8 1.2905e-15
6685.7 1.3695e-15
6688.5 1.4325e-15
6691.4 1.4291e-15
6694.2 1.3921e-15
6697.1 1.4272e-15
6699.9 1.3756e-15
6702.8 1.3700e-15
6705.7 1.2533e-15
6708.5 1.4254e-15
6711.4 1.3862e-15
6714.2 1.4235e-15
6717.1 1.3262e-15
6719.9 1.2817e-15
6722.8 1.1678e-15
6725.6 1.2237e-15
6728.5 1.2067e-15
6731.4 1.2021e-15
6734.2 1.2358e-15
6737.1 1.1747e-15
6739.9 1.2122e-15
6742.8 1.1421e-15
6745.6 1.1996e-15
6748.5 1.1386e-15
6751.3 1.0642e-15
6754.2 1.0837e-15
6757.1 1.0389e-15
6759.9 1.1535e-15
6762.8 1.1501e-15
6765.6 1.1339e-15
6768.5 1.1919e-15
6771.3 1.1194e-15
6774.2 1.0907e-15
6777.0 1.1050e-15
6779.9 1.0951e-15
6782.8 1.0937e-15
6785.6 1.0378e-15
6788.5 9.9258e-16
6791.3 1.1248e-15
6794.2 9.9215e-16
6797.0 9.4068e-16
6799.9 9.2774e-16
6802.7 1.1016e-15
6805.6 1.0289e-15
6808.5 9.9977e-16
6811.3 1.0042e-15
6814.2 9.9287e-16
6817.0 9.4793e-16
6819.9 9.6183e-16
6822.7 9.2655e-16
6825.6 8.1159e-16
6828.4 1.0724e-15
6831.3 1.0506e-15
6834.2 8.8908e-16
6837.0 9.3218e-16
6839.9 9.5887e-16
6842.7 9.8261e-16
6845.6 1.0497e-15
6848.4 8.9381e-16
6851.3 8.7264e-16
6854.1 8.8799e-16
6857.0 8.4470e-16
6859.9 8.9834e-16
6862.7 8.5499e-16
6865.6 9.3889e-16
6868.4 9.6898e-16
6871.3 8.6541e-16
6874.1 8.9933e-16
6877.0 8.9508e-16
6879.8 8.4881e-16
6882.7 8.6840e-16
6885.6 9.4469e-16
6888.4 7.9531e-16
6891.3 8.8456e-16
6894.1 9.2322e-16
6897.0 9.3345e-16
6899.8 8.6600e-16
6902.7 8.3267e-16
6905.5 7.9007e-16
6908.4 8.3110e-16
6911.3 8.7461e-16
6914.1 8.1256e-16
6917.0 8.9083e-16
6919.8 8.5724e-16
6922.7 7.6657e-16
6925.5 7.8682e-16
6928.4 8.3445e-16
6931.2 8.9603e-16
6934.1 8.1811e-16
6936.9 8.9430e-16
6939.8 8.5271e-16
6942.7 9.1336e-16
6945.5 8.2723e-16
6948.4 7.3126e-16
6951.2 7.9364e-16
6954.1 7.9121e-16
6956.9 8.2863e-16
6959.8 9.1386e-16
6962.6 8.1977e-16
6965.5 8.0641e-16
6968.4 8.0642e-16
6971.2 7.7856e-16
6974.1 8.3177e-16
6976.9 8.4963e-16
6979.8 9.4712e-16
6982.6 8.2849e-16
6985.5 8.3485e-16
6988.3 7.9194e-16
6991.2 9.2384e-16
6994.1 8.2855e-16
6996.9 8.5080e-16
6999.8 8.7276e-16
7002.6 7.8067e-16
7005.5 8.4189e-16
7008.3 7.9726e-16
7011.2 8.9131e-16
7014.0 9.1954e-16
7016.9 9.3027e-16
7019.8 8.6660e-16
7022.6 8.8228e-16
7025.5 9.4222e-16
7028.3 8.0753e-16
7031.2 8.6386e-16
7034.0 8.8434e-16
7036.9 8.0806e-16
7039.7 8.2587e-16
7042.6 8.2820e-16
7045.5 8.0458e-16
7048.3 7.7970e-16
7051.2 7.3118e-16
7054.0 7.1960e-16
7056.9 8.4446e-16
7059.7 8.1738e-16
7062.6 7.7601e-16
7065.4 7.1555e-16
7068.3 7.9618e-16
7071.2 7.9520e-16
7074.0 7.1399e-16
7076.9 9.0207e-16
7079.7 7.1113e-16
7082.6 6.9648e-16
7085.4 8.0913e-16
7088.3 8.3167e-16
7091.1 7.8073e-16
7094.0 8.1145e-16
7096.9 8.5819e-16
7099.7 8.4964e-16
7102.6 8.2745e-16
7105.4 7.7891e-16
7108.3 7.7629e-16
7111.1 8.3550e-16
7114.0 7.5196e-16
7116.8 8.1138e-16
7119.7 7.5346e-16
7122.6 7.9104e-16
7125.4 9.0902e-16
7128.3 8.1798e-16
7131.1 8.0739e-16
7134.0 7.0520e-16
7136.8 7.9309e-16
7139.7 6.8480e-16
7142.5 7.0978e-16
7145.4 9.5191e-16
7148.3 7.7174e-16
7151.1 7.2389e-16
7154.0 7.6731e-16
7156.8 7.0337e-16
7159.7 7.7037e-16
7162.5 7.9055e-16
7165.4 7.3470e-16
7168.2 7.8618e-16
7171.1 7.6421e-16
7174.0 7.9635e-16
7176.8 8.0556e-16
7179.7 7.3594e-16
7182.5 7.8578e-16
7185.4 8.8846e-16
7188.2 8.6648e-16
7191.1 8.3318e-16
7193.9 8.3944e-16
7196.8 7.9976e-16
7199.7 8.0965e-16
7202.5 8.3866e-16
7205.4 8.2871e-16
7208.2 7.6870e-16
7211.1 8.7137e-16
7213.9 8.8523e-16
7216.8 7.6645e-16
7219.6 8.3774e-16
7222.5 7.8100e-16
7225.3 7.1853e-16
7228.2 7.9641e-16
7231.1 7.2750e-16
7233.9 7.5960e-16
7236.8 7.6289e-16
7239.6 7.3417e-16
7242.5 8.4570e-16
7245.3 7.7544e-16
7248.2 8.1192e-16
7251.0 6.7229e-16
7253.9 7.7070e-16
7256.8 7.2540e-16
7259.6 7.0052e-16
7262.5 7.6680e-16
7265.3 8.5215e-16
7268.2 7.8061e-16
7271.0 6.7543e-16
7273.9 6.9984e-16
7276.7 7.1024e-16
7279.6 7.0534e-16
7282.5 7.4497e-16
7285.3 7.3752e-16
7288.2 6.8231e-16
7291.0 6.6923e-16
7293.9 7.0506e-16
7296.7 7.7180e-16
7299.6 7.1405e-16
7302.4 6.2807e-16
7305.3 6.6229e-16
7308.2 7.5116e-16
7311.0 7.7968e-16
7313.9 6.4298e-16
7316.7 6.9397e-16
7319.6 8.4559e-16
7322.4 7.2002e-16
7325.3 6.2158e-16
7328.1 6.7925e-16
7331.0 7.0741e-16
7333.9 6.9385e-16
7336.7 6.1446e-16
7339.6 6.3421e-16
7342.4 7.5670e-16
7345.3 7.4432e-16
7348.1 6.6116e-16
7351.0 7.8460e-16
7353.8 7.8895e-16
7356.7 6.4642e-16
7359.6 7.0230e-16
7362.4 7.4717e-16
7365.3 7.4164e-16
7368.1 6.5483e-16
7371.0 6.2308e-16
7373.8 6.9030e-16
7376.7 6.9595e-16
7379.5 6.5240e-16
7382.4 7.2515e-16
7385.3 7.3527e-16
7388.1 6.8363e-16
7391.0 7.2138e-16
7393.8 6.9075e-16
7396.7 6.8291e-16
7399.5 6.5722e-16
7402.4 7.3578e-16
7405.2 7.3294e-16
7408.1 6.3478e-16
7411.0 7.3902e-16
7413.8 6.9112e-16
7416.7 6.7189e-16
7419.5 7.2647e-16
7422.4 6.8778e-16
7425.2 5.1142e-16
7428.1 5.6763e-16
7430.9 6.3274e-16
7433.8 6.3681e-16
7436.7 6.0812e-16
7439.5 5.7822e-16
7442.4 6.8057e-16
7445.2 6.5440e-16
7448.1 5.8922e-16
7450.9 5.8037e-16
7453.8 5.6958e-16
7456.6 5.5426e-16
7459.5 5.5075e-16
7462.4 5.9929e-16
7465.2 5.8165e-16
7468.1 6.1893e-16
7470.9 6.6761e-16
7473.8 5.7246e-16
7476.6 5.5685e-16
7479.5 4.5835e-16
7482.3 6.1109e-16
7485.2 5.5863e-16
7488.1 5.3797e-16
7490.9 5.9475e-16
7493.8 5.4273e-16
7496.6 5.6621e-16
7499.5 5.4967e-16
7502.3 5.3855e-16
7505.2 5.2601e-16
7508.0 5.2356e-16
7510.9 5.5212e-16
7513.7 4.9894e-16
7516.6 4.4945e-16
7519.5 5.2305e-16
7522.3 5.2387e-16
7525.2 4.4276e-16
7528.0 4.4486e-16
7530.9 5.5690e-16
7533.7 5.5035e-16
7536.6 4.5611e-16
7539.4 5.3798e-16
7542.3 5.6326e-16
7545.2 4.2196e-16
7548.0 4.3568e-16
7550.9 5.4685e-16
7553.7 5.1630e-16
7556.6 5.2910e-16
7559.4 5.0252e-16
7562.3 4.3705e-16
7565.1 5.1799e-16
7568.0 5.1651e-16
7570.9 4.9249e-16
7573.7 4.7360e-16
7576.6 5.2287e-16
7579.4 4.7056e-16
7582.3 5.1793e-16
7585.1 4.0187e-16
7588.0 4.6784e-16
7590.8 4.5074e-16
7593.7 4.1356e-16
7596.6 4.5470e-16
7599.4 4.5776e-16
7602.3 4.7891e-16
7605.1 4.4768e-16
7608.0 3.4380e-16
7610.8 4.8328e-16
7613.7 5.5658e-16
7616.5 4.0632e-16
7619.4 4.2116e-16
7622.3 4.7946e-16
7625.1 4.5828e-16
7628.0 3.6142e-16
7630.8 4.2691e-16
7633.7 4.4834e-16
7636.5 3.7324e-16
7639.4 5.2650e-16
7642.2 5.4751e-16
7645.1 5.0354e-16
7648.0 5.0580e-16
7650.8 4.6505e-16
7653.7 4.1949e-16
7656.5 4.2473e-16
7659.4 5.2760e-16
7662.2 5.8429e-16
7665.1 5.7707e-16
7667.9 5.1863e-16
7670.8 5.6093e-16
7673.7 5.7251e-16
7676.5 5.2704e-16
7679.4 4.0922e-16
7682.2 5.1273e-16
7685.1 4.8784e-16
7687.9 4.7838e-16
7690.8 5.1904e-16
7693.6 4.2475e-16
7696.5 4.2122e-16
7699.4 5.1250e-16
7702.2 4.8598e-16
7705.1 5.1007e-16
7707.9 5.7206e-16
7710.8 5.4612e-16
7713.6 5.0042e-16
7716.5 4.9941e-16
7719.3 5.5101e-16
7722.2 5.2002e-16
7725.1 5.5336e-16
7727.9 4.4879e-16
7730.8 5.2424e-16
7733.6 5.6901e-16
7736.5 5.0391e-16
7739.3 5.7080e-16
7742.2 5.6124e-16
7745.0 5.2624e-16
7747.9 5.4895e-16
7750.8 5.5377e-16
7753.6 5.8366e-16
7756.5 4.0491e-16
7759.3 5.7818e-16
7762.2 5.8833e-16
7765.0 4.7826e-16
7767.9 4.7987e-16
7770.7 5.2343e-16
7773.6 5.4229e-16
7776.5 5.0559e-16
7779.3 5.6088e-16
7782.2 6.1638e-16
7785.0 4.9671e-16
7787.9 5.2074e-16
7790.7 4.4103e-16
7793.6 4.6099e-16
7796.4 5.2149e-16
7799.3 4.5787e-16
7802.2 5.0199e-16
7805.0 5.2388e-16
7807.9 4.4365e-16
7810.7 4.4589e-16
7813.6 4.8853e-16
7816.4 4.8309e-16
7819.3 5.3320e-16
7822.1 5.1132e-16
7825.0 4.4383e-16
7827.8 4.6273e-16
7830.7 4.8238e-16
7833.6 5.4296e-16
7836.4 5.2387e-16
7839.3 4.8887e-16
7842.1 4.5330e-16
7845.0 5.7889e-16
7847.8 5.3081e-16
7850.7 5.1914e-16
7853.5 5.2046e-16
7856.4 4.6052e-16
7859.3 4.6375e-16
7862.1 5.2281e-16
7865.0 4.9660e-16
7867.8 5.2376e-16
7870.7 5.3471e-16
7873.5 5.5410e-16
7876.4 5.1737e-16
7879.2 4.9123e-16
7882.1 5.6162e-16
7885.0 5.5337e-16
7887.8 5.3017e-16
7890.7 5.0002e-16
7893.5 4.8984e-16
7896.4 5.2845e-16
7899.2 5.1069e-16
7902.1 4.9249e-16
7904.9 5.4943e-16
7907.8 5.1298e-16
7910.7 4.2914e-16
7913.5 4.6727e-16
7916.4 5.4185e-16
7919.2 5.7732e-16
7922.1 4.8305e-16
7924.9 6.0195e-16
7927.8 5.1551e-16
7930.6 4.9031e-16
7933.5 4.7423e-16
7936.4 4.4848e-16
7939.2 5.0409e-16
7942.1 5.6484e-16
7944.9 5.2974e-16
7947.8 4.7389e-16
7950.6 5.7389e-16
7953.5 4.9635e-16
7956.3 5.0581e-16
7959.2 5.3308e-16
7962.1 4.6764e-16
7964.9 4.7830e-16
7967.8 4.9354e-16
7970.6 4.1783e-16
7973.5 4.6356e-16
7976.3 5.3664e-16
7979.2 4.4975e-16
7982.0 5.1314e-16
7984.9 5.1700e-16
7987.8 5.1163e-16
7990.6 4.6628e-16
7993.5 4.8207e-16
7996.3 4.9009e-16
7999.2 4.6890e-16
8002.0 4.1740e-16
8004.9 4.9085e-16
8007.7 5.0341e-16
8010.6 4.8042e-16
8013.5 4.9190e-16
8016.3 4.6821e-16
8019.2 4.6315e-16
8022.0 4.7416e-16
8024.9 3.9916e-16
8027.7 4.6904e-16
8030.6 5.2776e-16
8033.4 4.5063e-16
8036.3 4.3844e-16
8039.2 4.7942e-16
8042.0 5.0796e-16
8044.9 3.8592e-16
8047.7 3.8339e-16
8050.6 4.2121e-16
8053.4 3.7679e-16
8056.3 4.6565e-16
8059.1 4.1940e-16
8062.0 4.1128e-16
8064.9 4.5412e-16
8067.7 4.0339e-16
8070.6 4.5624e-16
8073.4 4.9733e-16
8076.3 3.9961e-16
8079.1 4.2425e-16
8082.0 4.8361e-16
8084.8 4.4016e-16
8087.7 3.8463e-16
8090.6 3.4217e-16
8093.4 4.6202e-16
8096.3 4.2510e-16
8099.1 3.6815e-16
8102.0 4.4076e-16
8104.8 3.7795e-16
8107.7 3.6820e-16
8110.5 3.5646e-16
8113.4 2.8136e-16
8116.2 3.0194e-16
8119.1 3.8350e-16
8122.0 4.1077e-16
8124.8 3.9891e-16
8127.7 3.4421e-16
8130.5 3.6291e-16
8133.4 4.2515e-16
8136.2 3.8470e-16
8139.1 2.8300e-16
8141.9 3.2718e-16
8144.8 3.9594e-16
8147.7 4.2257e-16
8150.5 4.1922e-16
8153.4 3.5407e-16
8156.2 3.3985e-16
8159.1 3.5535e-16
8161.9 3.6009e-16
8164.8 2.9825e-16
8167.6 3.0782e-16
8170.5 3.6743e-16
8173.4 3.2566e-16
8176.2 3.4397e-16
8179.1 3.0220e-16
8181.9 3.0677e-16
8184.8 3.4300e-16
8187.6 3.5012e-16
8190.5 3.5147e-16
8193.3 3.1964e-16
8196.2 2.6481e-16
8199.1 2.8170e-16
8201.9 2.9300e-16
8204.8 2.8805e-16
8207.6 2.7591e-16
8210.5 2.9191e-16
8213.3 3.5841e-16
8216.2 3.4037e-16
8219.0 2.9184e-16
8221.9 2.9734e-16
8224.8 2.5438e-16
8227.6 2.3904e-16
8230.5 2.7653e-16
8233.3 2.5729e-16
8236.2 2.9222e-16
8239.0 2.5025e-16
8241.9 2.0581e-16
8244.7 2.4065e-16
8247.6 2.7705e-16
8250.5 2.2898e-16
8253.3 2.1772e-16
8256.2 2.2698e-16
8259.0 1.9458e-16
8261.9 1.7003e-16
8264.7 2.0129e-16
8267.6 1.9176e-16
8270.4 2.2409e-16
8273.3 2.5946e-16
8276.2 2.6070e-16
8279.0 1.9201e-16
8281.9 1.5427e-16
8284.7 1.8966e-16
8287.6 2.2746e-16
8290.4 1.1161e-16
8293.3 2.0963e-16
8296.1 1.1455e-16
8299.0 1.1943e-16
8301.9 1.2455e-16
8304.7 1.5219e-16
8307.6 1.7850e-16
8310.4 1.5708e-16
8313.3 1.6485e-16
8316.1 1.5386e-16
8319.0 1.9100e-16
8321.8 1.5231e-16
8324.7 1.3314e-16
8327.6 2.1438e-16
8330.4 1.4751e-16
8333.3 1.2346e-16
8336.1 1.6644e-16
8339.0 1.5981e-16
8341.8 1.5495e-16
8344.7 1.6447e-16
8347.5 1.8977e-16
8350.4 1.5217e-16
8353.3 1.4996e-16
8356.1 1.8535e-16
8359.0 1.4604e-16
8361.8 1.4116e-16
8364.7 1.7467e-16
8367.5 1.4134e-16
8370.4 1.2696e-16
8373.2 1.4953e-16
8376.1 1.0849e-16
8379.0 1.6173e-16
8381.8 1.6720e-16
8384.7 2.0734e-16
8387.5 1.8675e-16
8390.4 1.2790e-16
8393.2 1.5407e-16
8396.1 1.9019e-16
8398.9 2.0468e-16
8401.8 2.2398e-16
8404.6 1.5668e-16
8407.5 1.9394e-16
8410.4 2.1082e-16
8413.2 1.9113e-16
8416.1 2.2916e-16
8418.9 1.7288e-16
8421.8 1.9714e-16
8424.6 2.1410e-16
8427.5 2.3737e-16
8430.3 2.2272e-16
8433.2 1.7612e-16
8436.1 2.4962e-16
8438.9 2.2506e-16
8441.8 1.9271e-16
8444.6 2.3013e-16
8447.5 2.1012e-16
8450.3 2.3758e-16
8453.2 2.4364e-16
8456.0 1.6597e-16
8458.9 2.0731e-16
8461.8 2.4891e-16
8464.6 2.1282e-16
8467.5 2.6337e-16
8470.3 2.3543e-16
8473.2 2.6410e-16
8476.0 2.0084e-16
8478.9 1.5558e-16
8481.7 2.3903e-16
8484.6 2.4672e-16
8487.5 2.0081e-16
8490.3 2.5732e-16
8493.2 1.9027e-16
8496.0 2.5795e-16
8498.9 2.5064e-16
8501.7 2.6550e-16
8504.6 2.2723e-16
8507.4 2.3667e-16
8510.3 2.8399e-16
8513.2 2.6268e-16
8516.0 2.6809e-16
8518.9 2.5003e-16
8521.7 3.0337e-16
8524.6 2.9147e-16
8527.4 2.4285e-16
8530.3 2.9001e-16
8533.1 3.5285e-16
8536.0 3.2462e-16
8538.9 3.2774e-16
8541.7 3.7506e-16
8544.6 3.8646e-16
8547.4 3.9490e-16
8550.3 3.9139e-16
8553.1 3.5689e-16
8556.0 3.5386e-16
8558.8 3.6454e-16
8561.7 4.0341e-16
8564.6 4.1747e-16
8567.4 4.1993e-16
8570.3 3.8432e-16
8573.1 4.0151e-16
8576.0 4.2225e-16
8578.8 3.8230e-16
8581.7 4.5908e-16
8584.5 4.2759e-16
8587.4 3.9974e-16
8590.3 4.4564e-16
8593.1 4.8248e-16
8596.0 5.2847e-16
8598.8 5.4319e-16
8601.7 4.7264e-16
8604.5 4.7846e-16
8607.4 5.0488e-16
8610.2 4.7136e-16
8613.1 4.7308e-16
8616.0 5.2413e-16
8618.8 5.0256e-16
8621.7 4.8639e-16
8624.5 5.4270e-16
8627.4 5.2228e-16
8630.2 5.4175e-16
8633.1 5.5080e-16
8635.9 5.3431e-16
8638.8 5.1370e-16
8641.7 5.2606e-16
8644.5 5.1826e-16
8647.4 5.1599e-16
8650.2 5.2507e-16
8653.1 4.6486e-16
8655.9 5.4269e-16
8658.8 5.5772e-16
8661.6 5.4785e-16
8664.5 5.9982e-16
8667.4 5.2942e-16
8670.2 5.0883e-16
8673.1 5.8162e-16
8675.9 5.6979e-16
8678.8 5.5514e-16
8681.6 6.2855e-16
8684.5 6.7055e-16
8687.3 6.4468e-16
8690.2 6.1318e-16
8693.1 6.0497e-16
8695.9 6.2522e-16
8698.8 6.5698e-16
8701.6 6.7103e-16
8704.5 6.1570e-16
8707.3 6.1231e-16
8710.2 5.6777e-16
8713.0 5.8877e-16
8715.9 6.3077e-16
8718.7 6.1381e-16
8721.6 6.0880e-16
8724.5 6.2425e-16
8727.3 5.5293e-16
8730.2 6.1272e-16
8733.0 6.2328e-16
8735.9 5.9338e-16
8738.7 6.2134e-16
8741.6 6.4482e-16
8744.4 6.7676e-16
8747.3 6.2535e-16
8750.2 5.8190e-16
8753.0 6.4013e-16
8755.9 6.7379e-16
8758.7 6.6230e-16
8761.6 6.6961e-16
8764.4 6.6726e-16
8767.3 6.5204e-16
8770.1 7.0207e-16
8773.0 6.9138e-16
8775.9 6.1852e-16
8778.7 6.3173e-16
8781.6 6.7681e-16
8784.4 6.5308e-16
8787.3 6.3362e-16
8790.1 6.9056e-16
8793.0 6.5497e-16
8795.8 6.5186e-16
8798.7 6.7845e-16
8801.6 6.7853e-16
8804.4 6.8257e-16
8807.3 6.5634e-16
8810.1 6.1805e-16
8813.0 6.5814e-16
8815.8 6.8925e-16
8818.7 6.7470e-16
8821.5 6.3762e-16
8824.4 6.0708e-16
8827.3 6.4589e-16
8830.1 6.4542e-16
8833.0 7.1511e-16
8835.8 7.1245e-16
8838.7 6.3796e-16
8841.5 6.4317e-16
8844.4 6.7645e-16
8847.2 6.3441e-16
8850.1 6.4525e-16
8853.0 6.9451e-16
8855.8 6.9263e-16
8858.7 6.9915e-16
8861.5 6.7937e-16
8864.4 6.9018e-16
8867.2 6.7899e-16
8870.1 5.8794e-16
8872.9 6.0161e-16
8875.8 6.6159e-16
8878.7 6.2543e-16
8881.5 6.5529e-16
8884.4 6.3526e-16
8887.2 5.9486e-16
8890.1 6.2964e-16
8892.9 6.5291e-16
8895.8 6.2561e-16
8898.6 5.8675e-16
8901.5 7.0102e-16
8904.4 7.2556e-16
8907.2 5.9545e-16
8910.1 5.7229e-16
8912.9 6.3791e-16
8915.8 6.0720e-16
8918.6 6.2677e-16
8921.5 6.6135e-16
8924.3 6.6374e-16
8927.2 6.8487e-16
8930.1 7.5404e-16
8932.9 6.5282e-16
8935.8 5.0741e-16
8938.6 5.7958e-16
8941.5 5.9392e-16
8944.3 5.2416e-16
8947.2 6.3583e-16
8950.0 6.3356e-16
8952.9 6.1423e-16
8955.8 5.3321e-16
8958.6 5.0208e-16
8961.5 4.8346e-16
8964.3 4.9509e-16
8967.2 5.4570e-16
8970.0 4.5716e-16
8972.9 4.5527e-16
8975.7 4.9026e-16
8978.6 4.7421e-16
8981.5 4.9500e-16
8984.3 5.7958e-16
8987.2 4.6614e-16
8990.0 4.6670e-16
8992.9 3.7501e-16
8995.7 5.4064e-16
8998.6 5.1206e-16
9001.4 4.3328e-16
9004.3 4.5710e-16
9007.1 4.9505e-16
9010.0 5.3424e-16
9012.9 5.2704e-16
9015.7 5.3256e-16
9018.6 4.5292e-16
9021.4 4.9038e-16
9024.3 4.9660e-16
9027.1 4.1320e-16
9030.0 3.8842e-16
9032.8 4.9813e-16
9035.7 3.7981e-16
9038.6 3.8443e-16
9041.4 4.8246e-16
9044.3 4.0097e-16
9047.1 3.2924e-16
9050.0 4.6148e-16
9052.8 4.4400e-16
9055.7 4.6190e-16
9058.5 4.1335e-16
9061.4 3.0698e-16
9064.3 4.6675e-16
9067.1 4.3478e-16
9070.0 3.6284e-16
9072.8 4.3272e-16
9075.7 4.3300e-16
9078.5 2.8130e-16
9081.4 2.4749e-16
9084.2 3.7474e-16
9087.1 3.9307e-16
9090.0 3.3789e-16
9092.8 3.4533e-16
9095.7 4.4394e-16
9098.5 3.2024e-16
9101.4 3.2174e-16
9104.2 3.2425e-16
9107.1 3.6791e-16
9109.9 3.9617e-16
9112.8 2.7290e-16
9115.7 1.8057e-16
9118.5 2.6864e-16
9121.4 2.6069e-16
9124.2 2.3659e-16
9127.1 2.2757e-16
9129.9 2.1039e-16
9132.8 2.1485e-16
9135.6 2.1941e-16
9138.5 2.2411e-16
9141.4 2.2892e-16
9144.2 2.3386e-16
9147.1 2.3892e-16
9149.9 2.4413e-16
9152.8 2.4946e-16
9155.6 2.5494e-16
