5601.0 2.587e-15
5601.5 2.531e-15
5601.9 2.582e-15
5602.4 2.537e-15
5602.9 2.555e-15
5603.4 2.538e-15
5603.9 2.551e-15
5604.4 2.453e-15
5604.9 2.461e-15
5605.4 2.482e-15
5605.8 2.479e-15
5606.3 2.450e-15
5606.8 2.458e-15
5607.3 2.462e-15
5607.8 2.424e-15
5608.3 2.435e-15
5608.8 2.392e-15
5609.3 2.386e-15
5609.8 2.351e-15
5610.2 2.364e-15
5610.7 2.392e-15
5611.2 2.354e-15
5611.7 2.387e-15
5612.2 2.462e-15
5612.7 2.427e-15
5613.2 2.361e-15
5613.7 2.353e-15
5614.2 2.330e-15
5614.6 2.316e-15
5615.1 2.327e-15
5615.6 2.300e-15
5616.1 2.342e-15
5616.6 2.324e-15
5617.1 2.322e-15
5617.6 2.344e-15
5618.1 2.317e-15
5618.6 2.268e-15
5619.0 2.262e-15
5619.5 2.294e-15
5620.0 2.352e-15
5620.5 2.343e-15
5621.0 2.308e-15
5621.5 2.288e-15
5622.0 2.293e-15
5622.5 2.296e-15
5622.9 2.275e-15
5623.4 2.264e-15
5623.9 2.260e-15
5624.4 2.255e-15
5624.9 2.268e-15
5625.4 2.244e-15
5625.9 2.259e-15
5626.4 2.261e-15
5626.9 2.229e-15
5627.3 2.246e-15
5627.8 2.229e-15
5628.3 2.225e-15
5628.8 2.202e-15
5629.3 2.208e-15
5629.8 2.223e-15
5630.3 2.202e-15
5630.8 2.213e-15
5631.3 2.230e-15
5631.7 2.214e-15
5632.2 2.189e-15
5632.7 2.179e-15
5633.2 2.192e-15
5633.7 2.143e-15
5634.2 2.166e-15
5634.7 2.188e-15
5635.2 2.166e-15
5635.7 2.168e-15
5636.1 2.177e-15
5636.6 2.157e-15
5637.1 2.150e-15
5637.6 2.165e-15
5638.1 2.127e-15
5638.6 2.146e-15
5639.1 2.166e-15
5639.6 2.125e-15
5640.0 2.107e-15
5640.5 2.112e-15
5641.0 2.160e-15
5641.5 2.150e-15
5642.0 2.152e-15
5642.5 2.167e-15
5643.0 2.099e-15
5643.5 2.102e-15
5644.0 2.111e-15
5644.4 2.117e-15
5644.9 2.103e-15
5645.4 2.092e-15
5645.9 2.065e-15
5646.4 2.078e-15
5646.9 2.061e-15
5647.4 2.063e-15
5647.9 2.075e-15
5648.4 2.086e-15
5648.8 2.048e-15
5649.3 2.061e-15
5649.8 2.086e-15
5650.3 2.075e-15
5650.8 2.041e-15
5651.3 2.057e-15
5651.8 2.037e-15
5652.3 2.022e-15
5652.8 2.050e-15
5653.2 2.018e-15
5653.7 1.988e-15
5654.2 2.037e-15
5654.7 1.996e-15
5655.2 1.991e-15
5655.7 2.003e-15
5656.2 1.936e-15
5656.7 1.965e-15
5657.2 1.958e-15
5657.6 1.963e-15
5658.1 1.946e-15
5658.6 1.937e-15
5659.1 1.942e-15
5659.6 1.989e-15
5660.1 1.959e-15
5660.6 1.902e-15
5661.1 1.928e-15
5661.5 1.956e-15
5662.0 1.956e-15
5662.5 1.938e-15
5663.0 1.910e-15
5663.5 1.934e-15
5664.0 1.945e-15
5664.5 1.900e-15
5665.0 1.903e-15
5665.5 1.880e-15
5665.9 1.885e-15
5666.4 1.913e-15
5666.9 1.922e-15
5667.4 1.910e-15
5667.9 1.887e-15
5668.4 1.874e-15
5668.9 1.870e-15
5669.4 1.889e-15
5669.9 1.859e-15
5670.3 1.868e-15
5670.8 1.870e-15
5671.3 1.817e-15
5671.8 1.844e-15
5672.3 1.879e-15
5672.8 1.870e-15
5673.3 1.864e-15
5673.8 1.890e-15
5674.3 1.877e-15
5674.7 1.826e-15
5675.2 1.850e-15
5675.7 1.860e-15
5676.2 1.809e-15
5676.7 1.825e-15
5677.2 1.819e-15
5677.7 1.817e-15
5678.2 1.844e-15
5678.6 1.838e-15
5679.1 1.849e-15
5679.6 1.822e-15
5680.1 1.813e-15
5680.6 1.811e-15
5681.1 1.798e-15
5681.6 1.765e-15
5682.1 1.811e-15
5682.6 1.836e-15
5683.0 1.782e-15
5683.5 1.761e-15
5684.0 1.799e-15
5684.5 1.777e-15
5685.0 1.780e-15
5685.5 1.786e-15
5686.0 1.779e-15
5686.5 1.795e-15
5687.0 1.763e-15
5687.4 1.767e-15
5687.9 1.749e-15
5688.4 1.762e-15
5688.9 1.768e-15
5689.4 1.771e-15
5689.9 1.767e-15
5690.4 1.777e-15
5690.9 1.723e-15
5691.4 1.748e-15
5691.8 1.767e-15
5692.3 1.748e-15
5692.8 1.753e-15
5693.3 1.748e-15
5693.8 1.744e-15
5694.3 1.674e-15
5694.8 1.753e-15
5695.3 1.761e-15
5695.7 1.737e-15
5696.2 1.719e-15
5696.7 1.709e-15
5697.2 1.708e-15
5697.7 1.690e-15
5698.2 1.699e-15
5698.7 1.687e-15
5699.2 1.703e-15
5699.7 1.730e-15
5700.1 1.661e-15
5700.6 1.662e-15
5701.1 1.714e-15
5701.6 1.718e-15
5702.1 1.705e-15
5702.6 1.681e-15
5703.1 1.676e-15
5703.6 1.683e-15
5704.1 1.692e-15
5704.5 1.702e-15
5705.0 1.675e-15
5705.5 1.694e-15
5706.0 1.666e-15
5706.5 1.626e-15
5707.0 1.680e-15
5707.5 1.651e-15
5708.0 1.669e-15
5708.5 1.638e-15
5708.9 1.622e-15
5709.4 1.604e-15
5709.9 1.664e-15
5710.4 1.683e-15
5710.9 1.634e-15
5711.4 1.623e-15
5711.9 1.651e-15
5712.4 1.620e-15
5712.8 1.619e-15
5713.3 1.588e-15
5713.8 1.594e-15
5714.3 1.588e-15
5714.8 1.617e-15
5715.3 1.631e-15
5715.8 1.592e-15
5716.3 1.621e-15
5716.8 1.600e-15
5717.2 1.594e-15
5717.7 1.627e-15
5718.2 1.614e-15
5718.7 1.591e-15
5719.2 1.590e-15
5719.7 1.604e-15
5720.2 1.592e-15
5720.7 1.586e-15
5721.2 1.565e-15
5721.6 1.550e-15
5722.1 1.622e-15
5722.6 1.587e-15
5723.1 1.597e-15
5723.6 1.585e-15
5724.1 1.572e-15
5724.6 1.570e-15
5725.1 1.564e-15
5725.6 1.562e-15
5726.0 1.537e-15
5726.5 1.576e-15
5727.0 1.600e-15
5727.5 1.537e-15
5728.0 1.540e-15
5728.5 1.559e-15
5729.0 1.515e-15
5729.5 1.562e-15
5729.9 1.568e-15
5730.4 1.527e-15
5730.9 1.531e-15
5731.4 1.543e-15
5731.9 1.544e-15
5732.4 1.532e-15
5732.9 1.535e-15
5733.4 1.497e-15
5733.9 1.478e-15
5734.3 1.532e-15
5734.8 1.515e-15
5735.3 1.496e-15
5735.8 1.515e-15
5736.3 1.487e-15
5736.8 1.480e-15
5737.3 1.468e-15
5737.8 1.476e-15
5738.3 1.501e-15
5738.7 1.507e-15
5739.2 1.489e-15
5739.7 1.476e-15
5740.2 1.492e-15
5740.7 1.509e-15
5741.2 1.465e-15
5741.7 1.444e-15
5742.2 1.450e-15
5742.7 1.500e-15
5743.1 1.505e-15
5743.6 1.472e-15
5744.1 1.462e-15
5744.6 1.480e-15
5745.1 1.465e-15
5745.6 1.490e-15
5746.1 1.491e-15
5746.6 1.480e-15
5747.0 1.451e-15
5747.5 1.444e-15
5748.0 1.433e-15
5748.5 1.434e-15
5749.0 1.452e-15
5749.5 1.402e-15
5750.0 1.420e-15
5750.5 1.434e-15
5751.0 1.393e-15
5751.4 1.448e-15
5751.9 1.429e-15
5752.4 1.394e-15
5752.9 1.426e-15
5753.4 1.410e-15
5753.9 1.401e-15
5754.4 1.399e-15
5754.9 1.440e-15
5755.4 1.435e-15
5755.8 1.430e-15
5756.3 1.421e-15
5756.8 1.428e-15
5757.3 1.369e-15
5757.8 1.427e-15
5758.3 1.434e-15
5758.8 1.412e-15
5759.3 1.423e-15
5759.8 1.415e-15
5760.2 1.402e-15
5760.7 1.394e-15
5761.2 1.396e-15
5761.7 1.402e-15
5762.2 1.393e-15
5762.7 1.416e-15
5763.2 1.401e-15
5763.7 1.392e-15
5764.2 1.411e-15
5764.6 1.391e-15
5765.1 1.375e-15
5765.6 1.420e-15
5766.1 1.411e-15
5766.6 1.390e-15
5767.1 1.376e-15
5767.6 1.401e-15
5768.1 1.376e-15
5768.5 1.388e-15
5769.0 1.428e-15
5769.5 1.405e-15
5770.0 1.373e-15
5770.5 1.379e-15
5771.0 1.375e-15
5771.5 1.386e-15
5772.0 1.354e-15
5772.5 1.382e-15
5772.9 1.393e-15
5773.4 1.383e-15
5773.9 1.377e-15
5774.4 1.357e-15
5774.9 1.392e-15
5775.4 1.376e-15
5775.9 1.341e-15
5776.4 1.391e-15
5776.9 1.409e-15
5777.3 1.390e-15
5777.8 1.365e-15
5778.3 1.356e-15
5778.8 1.331e-15
5779.3 1.327e-15
5779.8 1.379e-15
5780.3 1.364e-15
5780.8 1.381e-15
5781.3 1.393e-15
5781.7 1.360e-15
5782.2 1.370e-15
5782.7 1.421e-15
5783.2 1.408e-15
5783.7 1.362e-15
5784.2 1.418e-15
5784.7 1.424e-15
5785.2 1.402e-15
5785.6 1.409e-15
5786.1 1.421e-15
5786.6 1.406e-15
5787.1 1.408e-15
5787.6 1.407e-15
5788.1 1.397e-15
5788.6 1.396e-15
5789.1 1.429e-15
5789.6 1.448e-15
5790.0 1.423e-15
5790.5 1.417e-15
5791.0 1.448e-15
5791.5 1.465e-15
5792.0 1.452e-15
5792.5 1.430e-15
5793.0 1.451e-15
5793.5 1.477e-15
5794.0 1.471e-15
5794.4 1.490e-15
5794.9 1.493e-15
5795.4 1.499e-15
5795.9 1.478e-15
5796.4 1.477e-15
5796.9 1.520e-15
5797.4 1.498e-15
5797.9 1.499e-15
5798.4 1.534e-15
5798.8 1.510e-15
5799.3 1.530e-15
5799.8 1.544e-15
5800.3 1.532e-15
5800.8 1.573e-15
5801.3 1.602e-15
5801.8 1.587e-15
5802.3 1.575e-15
5802.7 1.589e-15
5803.2 1.588e-15
5803.7 1.614e-15
5804.2 1.623e-15
5804.7 1.641e-15
5805.2 1.635e-15
5805.7 1.627e-15
5806.2 1.639e-15
5806.7 1.650e-15
5807.1 1.677e-15
5807.6 1.698e-15
5808.1 1.672e-15
5808.6 1.746e-15
5809.1 1.836e-15
5809.6 1.806e-15
5810.1 1.859e-15
5810.6 1.812e-15
5811.1 1.772e-15
5811.5 1.776e-15
5812.0 1.784e-15
5812.5 1.776e-15
5813.0 1.841e-15
5813.5 1.870e-15
5814.0 1.851e-15
5814.5 1.873e-15
5815.0 1.876e-15
5815.5 1.870e-15
5815.9 1.923e-15
5816.4 1.900e-15
5816.9 1.945e-15
5817.4 1.970e-15
5817.9 1.951e-15
5818.4 1.944e-15
5818.9 2.009e-15
5819.4 1.997e-15
5819.8 2.035e-15
5820.3 2.023e-15
5820.8 2.045e-15
5821.3 2.068e-15
5821.8 2.065e-15
5822.3 2.092e-15
5822.8 2.063e-15
5823.3 2.063e-15
5823.8 2.127e-15
5824.2 2.134e-15
5824.7 2.160e-15
5825.2 2.158e-15
5825.7 2.124e-15
5826.2 2.181e-15
5826.7 2.155e-15
5827.2 2.202e-15
5827.7 2.246e-15
5828.2 2.232e-15
5828.6 2.163e-15
5829.1 2.281e-15
5829.6 2.297e-15
5830.1 2.288e-15
5830.6 2.258e-15
5831.1 2.328e-15
5831.6 2.339e-15
5832.1 2.347e-15
5832.6 2.359e-15
5833.0 2.372e-15
5833.5 2.362e-15
5834.0 2.327e-15
5834.5 2.371e-15
5835.0 2.372e-15
5835.5 2.425e-15
5836.0 2.471e-15
5836.5 2.394e-15
5836.9 2.463e-15
5837.4 2.471e-15
5837.9 2.450e-15
5838.4 2.460e-15
5838.9 2.472e-15
5839.4 2.516e-15
5839.9 2.567e-15
5840.4 2.583e-15
5840.9 2.522e-15
5841.3 2.571e-15
5841.8 2.630e-15
5842.3 2.578e-15
5842.8 2.649e-15
5843.3 2.671e-15
5843.8 2.671e-15
5844.3 2.633e-15
5844.8 2.621e-15
5845.3 2.662e-15
5845.7 2.660e-15
5846.2 2.674e-15
5846.7 2.663e-15
5847.2 2.657e-15
5847.7 2.728e-15
5848.2 2.792e-15
5848.7 2.771e-15
5849.2 2.795e-15
5849.7 2.785e-15
5850.1 2.767e-15
5850.6 2.698e-15
5851.1 2.685e-15
5851.6 2.726e-15
5852.1 2.741e-15
5852.6 2.820e-15
5853.1 2.820e-15
5853.6 2.775e-15
5854.1 2.878e-15
5854.5 2.875e-15
5855.0 2.784e-15
5855.5 2.838e-15
5856.0 2.823e-15
5856.5 2.843e-15
5857.0 2.956e-15
5857.5 2.936e-15
5858.0 2.891e-15
5858.4 2.874e-15
5858.9 2.885e-15
5859.4 2.878e-15
5859.9 2.882e-15
5860.4 2.924e-15
5860.9 2.955e-15
5861.4 2.973e-15
5861.9 3.035e-15
5862.4 3.027e-15
5862.8 3.011e-15
5863.3 2.993e-15
5863.8 2.994e-15
5864.3 3.013e-15
5864.8 3.025e-15
5865.3 2.987e-15
5865.8 3.045e-15
5866.3 3.087e-15
5866.8 3.040e-15
5867.2 3.036e-15
5867.7 3.050e-15
5868.2 3.083e-15
5868.7 3.100e-15
5869.2 3.109e-15
5869.7 3.085e-15
5870.2 3.125e-15
5870.7 3.194e-15
5871.2 3.196e-15
5871.6 3.196e-15
5872.1 3.188e-15
5872.6 3.189e-15
5873.1 3.243e-15
5873.6 3.265e-15
5874.1 3.201e-15
5874.6 3.251e-15
5875.1 3.306e-15
5875.5 3.237e-15
5876.0 3.303e-15
5876.5 3.328e-15
5877.0 3.285e-15
5877.5 3.288e-15
5878.0 3.303e-15
5878.5 3.341e-15
5879.0 3.328e-15
5879.5 3.299e-15
5879.9 3.336e-15
5880.4 3.300e-15
5880.9 3.296e-15
5881.4 3.318e-15
5881.9 3.358e-15
5882.4 3.336e-15
5882.9 3.406e-15
5883.4 3.449e-15
5883.9 3.372e-15
5884.3 3.365e-15
5884.8 3.409e-15
5885.3 3.392e-15
5885.8 3.428e-15
5886.3 3.426e-15
5886.8 3.419e-15
5887.3 3.448e-15
5887.8 3.453e-15
5888.3 3.429e-15
5888.7 3.348e-15
5889.2 3.135e-15
5889.7 2.941e-15
5890.2 2.992e-15
5890.7 3.243e-15
5891.2 3.387e-15
5891.7 3.556e-15
5892.2 3.632e-15
5892.6 3.619e-15
5893.1 3.566e-15
5893.6 3.645e-15
5894.1 3.653e-15
5894.6 3.592e-15
5895.1 3.460e-15
5895.6 3.269e-15
5896.1 3.178e-15
5896.6 3.433e-15
5897.0 3.615e-15
5897.5 3.670e-15
5898.0 3.694e-15
5898.5 3.813e-15
5899.0 3.800e-15
5899.5 3.733e-15
5900.0 3.761e-15
5900.5 3.767e-15
5901.0 3.770e-15
5901.4 3.795e-15
5901.9 3.834e-15
5902.4 3.829e-15
5902.9 3.887e-15
5903.4 3.859e-15
5903.9 3.887e-15
5904.4 3.901e-15
5904.9 3.871e-15
5905.4 3.882e-15
5905.8 3.914e-15
5906.3 3.926e-15
5906.8 3.939e-15
5907.3 3.898e-15
5907.8 3.939e-15
5908.3 3.927e-15
5908.8 3.936e-15
5909.3 3.954e-15
5909.7 3.946e-15
5910.2 3.957e-15
5910.7 3.983e-15
5911.2 3.982e-15
5911.7 4.006e-15
5912.2 4.023e-15
5912.7 4.026e-15
5913.2 4.047e-15
5913.7 3.970e-15
5914.1 3.968e-15
5914.6 3.982e-15
5915.1 4.057e-15
5915.6 4.020e-15
5916.1 4.060e-15
5916.6 4.047e-15
5917.1 4.036e-15
5917.6 4.081e-15
5918.1 4.092e-15
5918.5 4.023e-15
5919.0 4.076e-15
5919.5 4.088e-15
5920.0 4.069e-15
5920.5 4.099e-15
5921.0 4.068e-15
5921.5 4.043e-15
5922.0 4.070e-15
5922.5 4.109e-15
5922.9 4.076e-15
5923.4 4.067e-15
5923.9 4.024e-15
5924.4 4.112e-15
5924.9 4.079e-15
5925.4 4.084e-15
5925.9 4.135e-15
5926.4 4.107e-15
5926.8 4.146e-15
5927.3 4.156e-15
5927.8 4.101e-15
5928.3 4.123e-15
5928.8 4.131e-15
5929.3 4.131e-15
5929.8 4.127e-15
5930.3 4.108e-15
5930.8 4.102e-15
5931.2 4.085e-15
5931.7 4.072e-15
5932.2 4.052e-15
5932.7 4.063e-15
5933.2 4.089e-15
5933.7 4.109e-15
5934.2 4.059e-15
5934.7 4.071e-15
5935.2 4.082e-15
5935.6 4.077e-15
5936.1 4.121e-15
5936.6 4.105e-15
5937.1 4.084e-15
5937.6 4.084e-15
5938.1 4.120e-15
5938.6 4.097e-15
5939.1 4.089e-15
5939.6 4.088e-15
5940.0 4.043e-15
5940.5 4.045e-15
5941.0 4.043e-15
5941.5 4.024e-15
5942.0 4.035e-15
5942.5 4.055e-15
5943.0 4.058e-15
5943.5 4.074e-15
5944.0 4.035e-15
5944.4 4.025e-15
5944.9 4.000e-15
5945.4 4.013e-15
5945.9 4.017e-15
5946.4 3.957e-15
5946.9 3.952e-15
5947.4 3.954e-15
5947.9 3.913e-15
5948.3 3.897e-15
5948.8 3.958e-15
5949.3 3.947e-15
5949.8 3.928e-15
5950.3 3.949e-15
5950.8 3.925e-15
5951.3 3.901e-15
5951.8 3.895e-15
5952.3 3.964e-15
5952.7 3.948e-15
5953.2 3.926e-15
5953.7 3.929e-15
5954.2 3.874e-15
5954.7 3.881e-15
5955.2 3.855e-15
5955.7 3.861e-15
5956.2 3.901e-15
5956.7 3.887e-15
5957.1 3.872e-15
5957.6 3.832e-15
5958.1 3.815e-15
5958.6 3.864e-15
5959.1 3.799e-15
5959.6 3.791e-15
5960.1 3.825e-15
5960.6 3.802e-15
5961.1 3.791e-15
5961.5 3.794e-15
5962.0 3.777e-15
5962.5 3.818e-15
5963.0 3.838e-15
5963.5 3.773e-15
5964.0 3.755e-15
5964.5 3.739e-15
5965.0 3.761e-15
5965.4 3.731e-15
5965.9 3.705e-15
5966.4 3.715e-15
5966.9 3.690e-15
5967.4 3.688e-15
5967.9 3.726e-15
5968.4 3.723e-15
5968.9 3.710e-15
5969.4 3.697e-15
5969.8 3.650e-15
5970.3 3.649e-15
5970.8 3.639e-15
5971.3 3.654e-15
5971.8 3.636e-15
5972.3 3.597e-15
5972.8 3.611e-15
5973.3 3.592e-15
5973.8 3.600e-15
5974.2 3.569e-15
5974.7 3.585e-15
5975.2 3.545e-15
5975.7 3.486e-15
5976.2 3.452e-15
5976.7 3.488e-15
5977.2 3.510e-15
5977.7 3.494e-15
5978.2 3.434e-15
5978.6 3.438e-15
5979.1 3.476e-15
5979.6 3.490e-15
5980.1 3.383e-15
5980.6 3.466e-15
5981.1 3.545e-15
5981.6 3.485e-15
5982.1 3.387e-15
5982.5 3.404e-15
5983.0 3.430e-15
5983.5 3.427e-15
5984.0 3.398e-15
5984.5 3.347e-15
5985.0 3.305e-15
5985.5 3.310e-15
5986.0 3.344e-15
5986.5 3.327e-15
5986.9 3.243e-15
5987.4 3.323e-15
5987.9 3.263e-15
5988.4 3.243e-15
5988.9 3.267e-15
5989.4 3.305e-15
5989.9 3.297e-15
5990.4 3.203e-15
5990.9 3.285e-15
5991.3 3.256e-15
5991.8 3.266e-15
5992.3 3.330e-15
5992.8 3.212e-15
5993.3 3.153e-15
5993.8 3.150e-15
5994.3 3.131e-15
5994.8 3.157e-15
5995.3 3.208e-15
5995.7 3.187e-15
5996.2 3.168e-15
5996.7 3.126e-15
5997.2 3.156e-15
5997.7 3.171e-15
5998.2 3.128e-15
5998.7 3.098e-15
5999.2 3.110e-15
5999.6 3.120e-15
6000.1 3.049e-15
6000.6 3.052e-15
6001.1 3.027e-15
6001.6 3.077e-15
6002.1 3.079e-15
6002.6 3.038e-15
6003.1 3.038e-15
6003.6 3.051e-15
6004.0 3.002e-15
6004.5 2.951e-15
6005.0 3.031e-15
6005.5 2.984e-15
6006.0 2.890e-15
6006.5 2.958e-15
6007.0 2.903e-15
6007.5 2.870e-15
6008.0 2.900e-15
6008.4 2.927e-15
6008.9 2.956e-15
6009.4 2.924e-15
6009.9 2.916e-15
6010.4 2.892e-15
6010.9 2.827e-15
6011.4 2.890e-15
6011.9 2.823e-15
6012.4 2.789e-15
6012.8 2.798e-15
6013.3 2.838e-15
6013.8 2.833e-15
6014.3 2.745e-15
6014.8 2.834e-15
6015.3 2.797e-15
6015.8 2.763e-15
6016.3 2.828e-15
6016.7 2.811e-15
6017.2 2.846e-15
6017.7 2.751e-15
6018.2 2.751e-15
6018.7 2.717e-15
6019.2 2.746e-15
6019.7 2.723e-15
6020.2 2.668e-15
6020.7 2.704e-15
6021.1 2.718e-15
6021.6 2.746e-15
6022.1 2.757e-15
6022.6 2.701e-15
6023.1 2.681e-15
6023.6 2.690e-15
6024.1 2.665e-15
6024.6 2.645e-15
6025.1 2.694e-15
6025.5 2.710e-15
6026.0 2.688e-15
6026.5 2.597e-15
6027.0 2.649e-15
6027.5 2.625e-15
6028.0 2.607e-15
6028.5 2.609e-15
6029.0 2.594e-15
6029.5 2.521e-15
6029.9 2.522e-15
6030.4 2.577e-15
6030.9 2.579e-15
6031.4 2.559e-15
6031.9 2.568e-15
6032.4 2.544e-15
6032.9 2.550e-15
6033.4 2.498e-15
6033.8 2.544e-15
6034.3 2.552e-15
6034.8 2.577e-15
6035.3 2.532e-15
6035.8 2.493e-15
6036.3 2.473e-15
6036.8 2.501e-15
6037.3 2.508e-15
6037.8 2.451e-15
6038.2 2.434e-15
6038.7 2.468e-15
6039.2 2.507e-15
6039.7 2.432e-15
6040.2 2.449e-15
6040.7 2.460e-15
6041.2 2.459e-15
6041.7 2.407e-15
6042.2 2.441e-15
6042.6 2.473e-15
6043.1 2.430e-15
6043.6 2.365e-15
6044.1 2.422e-15
6044.6 2.449e-15
6045.1 2.432e-15
6045.6 2.420e-15
6046.1 2.413e-15
6046.6 2.403e-15
6047.0 2.369e-15
6047.5 2.393e-15
6048.0 2.341e-15
6048.5 2.372e-15
6049.0 2.370e-15
6049.5 2.398e-15
6050.0 2.415e-15
6050.5 2.363e-15
6051.0 2.427e-15
6051.4 2.562e-15
6051.9 2.506e-15
6052.4 2.431e-15
6052.9 2.376e-15
6053.4 2.434e-15
6053.9 2.420e-15
6054.4 2.363e-15
6054.9 2.357e-15
6055.3 2.373e-15
6055.8 2.334e-15
6056.3 2.293e-15
6056.8 2.330e-15
6057.3 2.364e-15
6057.8 2.370e-15
6058.3 2.440e-15
6058.8 2.347e-15
6059.3 2.350e-15
6059.7 2.394e-15
6060.2 2.330e-15
6060.7 2.297e-15
6061.2 2.339e-15
6061.7 2.356e-15
6062.2 2.395e-15
6062.7 2.355e-15
6063.2 2.334e-15
6063.7 2.355e-15
6064.1 2.346e-15
6064.6 2.394e-15
6065.1 2.372e-15
6065.6 2.393e-15
6066.1 2.434e-15
6066.6 2.429e-15
6067.1 2.412e-15
6067.6 2.378e-15
6068.1 2.416e-15
6068.5 2.443e-15
6069.0 2.407e-15
6069.5 2.391e-15
6070.0 2.450e-15
6070.5 2.403e-15
6071.0 2.388e-15
6071.5 2.379e-15
6072.0 2.413e-15
6072.4 2.391e-15
6072.9 2.394e-15
6073.4 2.419e-15
6073.9 2.416e-15
6074.4 2.346e-15
6074.9 2.366e-15
6075.4 2.376e-15
6075.9 2.396e-15
6076.4 2.399e-15
6076.8 2.370e-15
6077.3 2.358e-15
6077.8 2.370e-15
6078.3 2.378e-15
6078.8 2.337e-15
6079.3 2.365e-15
6079.8 2.432e-15
6080.3 2.438e-15
6080.8 2.398e-15
6081.2 2.373e-15
6081.7 2.380e-15
6082.2 2.395e-15
6082.7 2.395e-15
6083.2 2.398e-15
6083.7 2.387e-15
6084.2 2.341e-15
6084.7 2.351e-15
6085.2 2.394e-15
6085.6 2.421e-15
6086.1 2.441e-15
6086.6 2.381e-15
6087.1 2.349e-15
6087.6 2.365e-15
6088.1 2.366e-15
6088.6 2.356e-15
6089.1 2.348e-15
6089.5 2.386e-15
6090.0 2.383e-15
6090.5 2.332e-15
6091.0 2.318e-15
6091.5 2.369e-15
6092.0 2.385e-15
6092.5 2.330e-15
6093.0 2.368e-15
6093.5 2.457e-15
6093.9 2.427e-15
6094.4 2.358e-15
6094.9 2.392e-15
6095.4 2.374e-15
6095.9 2.353e-15
6096.4 2.388e-15
6096.9 2.392e-15
6097.4 2.349e-15
6097.9 2.396e-15
6098.3 2.384e-15
6098.8 2.341e-15
6099.3 2.337e-15
6099.8 2.402e-15
6100.3 2.465e-15
6100.8 2.439e-15
6101.3 2.382e-15
6101.8 2.396e-15
6102.3 2.417e-15
6102.7 2.345e-15
6103.2 2.331e-15
6103.7 2.386e-15
6104.2 2.343e-15
6104.7 2.340e-15
6105.2 2.352e-15
6105.7 2.354e-15
6106.2 2.409e-15
6106.6 2.385e-15
6107.1 2.303e-15
6107.6 2.297e-15
6108.1 2.317e-15
6108.6 2.344e-15
6109.1 2.355e-15
6109.6 2.383e-15
6110.1 2.416e-15
6110.6 2.395e-15
6111.0 2.403e-15
6111.5 2.373e-15
6112.0 2.378e-15
6112.5 2.372e-15
6113.0 2.345e-15
6113.5 2.321e-15
6114.0 2.363e-15
6114.5 2.380e-15
6115.0 2.392e-15
6115.4 2.372e-15
6115.9 2.345e-15
6116.4 2.367e-15
6116.9 2.336e-15
6117.4 2.312e-15
6117.9 2.299e-15
6118.4 2.297e-15
6118.9 2.315e-15
6119.4 2.375e-15
6119.8 2.353e-15
6120.3 2.318e-15
6120.8 2.336e-15
6121.3 2.314e-15
6121.8 2.299e-15
6122.3 2.293e-15
6122.8 2.325e-15
6123.3 2.412e-15
6123.7 2.386e-15
6124.2 2.297e-15
6124.7 2.340e-15
6125.2 2.392e-15
6125.7 2.333e-15
6126.2 2.279e-15
6126.7 2.291e-15
6127.2 2.291e-15
6127.7 2.280e-15
6128.1 2.294e-15
6128.6 2.313e-15
6129.1 2.305e-15
6129.6 2.283e-15
6130.1 2.306e-15
6130.6 2.304e-15
6131.1 2.315e-15
6131.6 2.318e-15
6132.1 2.277e-15
6132.5 2.260e-15
6133.0 2.276e-15
6133.5 2.328e-15
6134.0 2.294e-15
6134.5 2.243e-15
6135.0 2.260e-15
6135.5 2.301e-15
6136.0 2.328e-15
6136.5 2.281e-15
6136.9 2.300e-15
6137.4 2.316e-15
6137.9 2.292e-15
6138.4 2.276e-15
6138.9 2.223e-15
6139.4 2.230e-15
6139.9 2.240e-15
6140.4 2.223e-15
6140.9 2.220e-15
6141.3 2.231e-15
6141.8 2.233e-15
6142.3 2.215e-15
6142.8 2.215e-15
6143.3 2.256e-15
6143.8 2.287e-15
6144.3 2.259e-15
6144.8 2.242e-15
6145.2 2.290e-15
6145.7 2.274e-15
6146.2 2.254e-15
6146.7 2.233e-15
6147.2 2.230e-15
6147.7 2.261e-15
6148.2 2.262e-15
6148.7 2.275e-15
6149.2 2.299e-15
6149.6 2.252e-15
6150.1 2.252e-15
6150.6 2.285e-15
6151.1 2.258e-15
6151.6 2.240e-15
6152.1 2.272e-15
6152.6 2.269e-15
6153.1 2.252e-15
6153.6 2.279e-15
6154.0 2.224e-15
6154.5 2.247e-15
6155.0 2.326e-15
6155.5 2.246e-15
6156.0 2.244e-15
6156.5 2.273e-15
6157.0 2.266e-15
6157.5 2.241e-15
6158.0 2.249e-15
6158.4 2.328e-15
6158.9 2.290e-15
6159.4 2.227e-15
6159.9 2.214e-15
6160.4 2.233e-15
6160.9 2.219e-15
6161.4 2.174e-15
6161.9 2.200e-15
6162.3 2.240e-15
6162.8 2.217e-15
6163.3 2.219e-15
6163.8 2.186e-15
6164.3 2.164e-15
6164.8 2.147e-15
6165.3 2.156e-15
6165.8 2.151e-15
6166.3 2.154e-15
6166.7 2.155e-15
6167.2 2.160e-15
6167.7 2.133e-15
6168.2 2.111e-15
6168.7 2.131e-15
6169.2 2.167e-15
6169.7 2.171e-15
6170.2 2.141e-15
6170.7 2.122e-15
6171.1 2.104e-15
6171.6 2.098e-15
6172.1 2.117e-15
6172.6 2.089e-15
6173.1 2.100e-15
6173.6 2.088e-15
6174.1 2.044e-15
6174.6 2.008e-15
6175.1 2.058e-15
6175.5 2.055e-15
6176.0 2.029e-15
6176.5 1.973e-15
6177.0 1.969e-15
6177.5 1.936e-15
6178.0 1.964e-15
6178.5 1.973e-15
6179.0 1.950e-15
6179.4 1.949e-15
6179.9 1.987e-15
6180.4 1.974e-15
6180.9 1.962e-15
6181.4 1.899e-15
6181.9 1.890e-15
6182.4 1.941e-15
6182.9 1.925e-15
6183.4 1.910e-15
6183.8 1.881e-15
6184.3 1.873e-15
6184.8 1.838e-15
6185.3 1.811e-15
6185.8 1.836e-15
6186.3 1.859e-15
6186.8 1.835e-15
6187.3 1.811e-15
6187.8 1.826e-15
6188.2 1.792e-15
6188.7 1.737e-15
6189.2 1.751e-15
6189.7 1.787e-15
6190.2 1.758e-15
6190.7 1.700e-15
6191.2 1.679e-15
6191.7 1.690e-15
6192.2 1.751e-15
6192.6 1.736e-15
6193.1 1.686e-15
6193.6 1.714e-15
6194.1 1.715e-15
6194.6 1.675e-15
6195.1 1.677e-15
6195.6 1.700e-15
6196.1 1.636e-15
6196.5 1.596e-15
6197.0 1.650e-15
6197.5 1.616e-15
6198.0 1.621e-15
6198.5 1.596e-15
6199.0 1.555e-15
6199.5 1.580e-15
6200.0 1.591e-15
6200.5 1.561e-15
6200.9 1.548e-15
6201.4 1.559e-15
6201.9 1.545e-15
6202.4 1.547e-15
6202.9 1.510e-15
6203.4 1.479e-15
6203.9 1.472e-15
6204.4 1.512e-15
6204.9 1.508e-15
6205.3 1.478e-15
6205.8 1.494e-15
6206.3 1.488e-15
6206.8 1.497e-15
6207.3 1.480e-15
6207.8 1.440e-15
6208.3 1.469e-15
6208.8 1.486e-15
6209.3 1.421e-15
6209.7 1.395e-15
6210.2 1.481e-15
6210.7 1.459e-15
6211.2 1.405e-15
6211.7 1.438e-15
6212.2 1.423e-15
6212.7 1.407e-15
6213.2 1.425e-15
6213.6 1.386e-15
6214.1 1.407e-15
6214.6 1.430e-15
6215.1 1.423e-15
6215.6 1.403e-15
6216.1 1.378e-15
6216.6 1.354e-15
6217.1 1.362e-15
6217.6 1.356e-15
6218.0 1.337e-15
6218.5 1.354e-15
6219.0 1.350e-15
6219.5 1.351e-15
6220.0 1.365e-15
6220.5 1.338e-15
6221.0 1.344e-15
6221.5 1.350e-15
6222.0 1.362e-15
6222.4 1.361e-15
6222.9 1.345e-15
6223.4 1.310e-15
6223.9 1.296e-15
6224.4 1.317e-15
6224.9 1.340e-15
6225.4 1.312e-15
6225.9 1.293e-15
6226.4 1.305e-15
6226.8 1.298e-15
6227.3 1.357e-15
6227.8 1.326e-15
6228.3 1.323e-15
6228.8 1.339e-15
6229.3 1.329e-15
6229.8 1.313e-15
6230.3 1.313e-15
6230.8 1.316e-15
6231.2 1.338e-15
6231.7 1.356e-15
6232.2 1.334e-15
6232.7 1.345e-15
6233.2 1.343e-15
6233.7 1.329e-15
6234.2 1.338e-15
6234.7 1.332e-15
6235.1 1.319e-15
6235.6 1.315e-15
6236.1 1.343e-15
6236.6 1.362e-15
6237.1 1.368e-15
6237.6 1.329e-15
6238.1 1.329e-15
6238.6 1.339e-15
6239.1 1.333e-15
6239.5 1.342e-15
6240.0 1.341e-15
6240.5 1.318e-15
6241.0 1.302e-15
6241.5 1.331e-15
6242.0 1.314e-15
6242.5 1.327e-15
6243.0 1.348e-15
6243.5 1.318e-15
6243.9 1.327e-15
6244.4 1.325e-15
6244.9 1.347e-15
6245.4 1.309e-15
6245.9 1.338e-15
6246.4 1.350e-15
6246.9 1.358e-15
6247.4 1.344e-15
6247.9 1.335e-15
6248.3 1.337e-15
6248.8 1.370e-15
6249.3 1.348e-15
6249.8 1.348e-15
6250.3 1.336e-15
6250.8 1.385e-15
6251.3 1.357e-15
6251.8 1.321e-15
6252.2 1.324e-15
6252.7 1.355e-15
6253.2 1.337e-15
6253.7 1.322e-15
6254.2 1.360e-15
6254.7 1.361e-15
6255.2 1.367e-15
6255.7 1.390e-15
6256.2 1.390e-15
6256.6 1.402e-15
6257.1 1.386e-15
6257.6 1.375e-15
6258.1 1.383e-15
6258.6 1.414e-15
6259.1 1.409e-15
6259.6 1.395e-15
6260.1 1.421e-15
6260.6 1.432e-15
6261.0 1.435e-15
6261.5 1.434e-15
6262.0 1.441e-15
6262.5 1.456e-15
6263.0 1.471e-15
6263.5 1.437e-15
6264.0 1.454e-15
6264.5 1.480e-15
6265.0 1.491e-15
6265.4 1.520e-15
6265.9 1.518e-15
6266.4 1.513e-15
6266.9 1.529e-15
6267.4 1.515e-15
6267.9 1.520e-15
6268.4 1.522e-15
6268.9 1.528e-15
6269.3 1.555e-15
6269.8 1.557e-15
6270.3 1.544e-15
6270.8 1.559e-15
6271.3 1.559e-15
6271.8 1.559e-15
6272.3 1.563e-15
6272.8 1.579e-15
6273.3 1.577e-15
6273.7 1.604e-15
6274.2 1.614e-15
6274.7 1.596e-15
6275.2 1.614e-15
6275.7 1.561e-15
6276.2 1.528e-15
6276.7 1.486e-15
6277.2 1.471e-15
6277.7 1.512e-15
6278.1 1.548e-15
6278.6 1.544e-15
6279.1 1.578e-15
6279.6 1.606e-15
6280.1 1.601e-15
6280.6 1.588e-15
6281.1 1.620e-15
6281.6 1.627e-15
6282.1 1.658e-15
6282.5 1.676e-15
6283.0 1.692e-15
6283.5 1.707e-15
6284.0 1.710e-15
6284.5 1.708e-15
6285.0 1.742e-15
6285.5 1.737e-15
6286.0 1.756e-15
6286.4 1.791e-15
6286.9 1.763e-15
6287.4 1.782e-15
6287.9 1.802e-15
6288.4 1.830e-15
6288.9 1.783e-15
6289.4 1.793e-15
6289.9 1.815e-15
6290.4 1.815e-15
6290.8 1.824e-15
6291.3 1.830e-15
6291.8 1.796e-15
6292.3 1.809e-15
6292.8 1.817e-15
6293.3 1.820e-15
6293.8 1.832e-15
6294.3 1.830e-15
6294.8 1.813e-15
6295.2 1.772e-15
6295.7 1.759e-15
6296.2 1.800e-15
6296.7 1.844e-15
6297.2 1.844e-15
6297.7 1.811e-15
6298.2 1.790e-15
6298.7 1.775e-15
6299.2 1.784e-15
6299.6 1.830e-15
6300.1 1.820e-15
6300.6 1.841e-15
6301.1 1.850e-15
6301.6 1.785e-15
6302.1 1.822e-15
6302.6 1.853e-15
6303.1 1.892e-15
6303.5 1.896e-15
6304.0 1.905e-15
6304.5 1.907e-15
6305.0 1.867e-15
6305.5 1.888e-15
6306.0 1.886e-15
6306.5 1.896e-15
6307.0 1.894e-15
6307.5 1.883e-15
6307.9 1.911e-15
6308.4 1.910e-15
6308.9 1.905e-15
6309.4 1.898e-15
6309.9 1.890e-15
6310.4 1.892e-15
6310.9 1.901e-15
6311.4 1.920e-15
6311.9 1.909e-15
6312.3 1.889e-15
6312.8 1.897e-15
6313.3 1.875e-15
6313.8 1.852e-15
6314.3 1.888e-15
6314.8 1.879e-15
6315.3 1.874e-15
6315.8 1.890e-15
6316.3 1.904e-15
6316.7 1.910e-15
6317.2 1.908e-15
6317.7 1.901e-15
6318.2 1.910e-15
6318.7 1.900e-15
6319.2 1.897e-15
6319.7 1.922e-15
6320.2 1.937e-15
6320.7 1.953e-15
6321.1 1.965e-15
6321.6 1.941e-15
6322.1 1.971e-15
6322.6 1.973e-15
6323.1 1.958e-15
6323.6 1.953e-15
6324.1 1.961e-15
6324.6 1.982e-15
6325.0 1.952e-15
6325.5 1.935e-15
6326.0 1.961e-15
6326.5 1.949e-15
6327.0 1.916e-15
6327.5 1.898e-15
6328.0 1.939e-15
6328.5 1.916e-15
6329.0 1.890e-15
6329.4 1.901e-15
6329.9 1.884e-15
6330.4 1.906e-15
6330.9 1.932e-15
6331.4 1.931e-15
6331.9 1.926e-15
6332.4 1.940e-15
6332.9 1.937e-15
6333.4 1.957e-15
6333.8 1.942e-15
6334.3 1.982e-15
6334.8 1.975e-15
6335.3 1.970e-15
6335.8 2.009e-15
6336.3 1.996e-15
6336.8 1.987e-15
6337.3 2.004e-15
6337.8 1.978e-15
6338.2 1.978e-15
6338.7 1.995e-15
6339.2 1.998e-15
6339.7 1.999e-15
6340.2 1.982e-15
6340.7 2.003e-15
6341.2 1.986e-15
6341.7 1.969e-15
6342.1 1.971e-15
6342.6 1.967e-15
6343.1 1.973e-15
6343.6 1.960e-15
6344.1 1.964e-15
6344.6 1.987e-15
6345.1 1.956e-15
6345.6 1.968e-15
6346.1 1.977e-15
6346.5 1.957e-15
6347.0 1.947e-15
6347.5 1.942e-15
6348.0 1.977e-15
6348.5 1.994e-15
6349.0 1.987e-15
6349.5 2.001e-15
6350.0 2.004e-15
6350.5 2.023e-15
6350.9 2.040e-15
6351.4 2.052e-15
6351.9 2.002e-15
6352.4 1.990e-15
6352.9 2.040e-15
6353.4 2.044e-15
6353.9 2.051e-15
6354.4 2.011e-15
6354.9 2.011e-15
6355.3 2.033e-15
6355.8 2.019e-15
6356.3 2.015e-15
6356.8 2.011e-15
6357.3 2.015e-15
6357.8 2.036e-15
6358.3 2.036e-15
6358.8 2.035e-15
6359.2 2.044e-15
6359.7 2.047e-15
6360.2 2.045e-15
6360.7 2.034e-15
6361.2 2.029e-15
6361.7 2.074e-15
6362.2 2.084e-15
6362.7 2.071e-15
6363.2 2.053e-15
6363.6 2.070e-15
6364.1 2.108e-15
6364.6 2.113e-15
6365.1 2.158e-15
6365.6 2.138e-15
6366.1 2.140e-15
6366.6 2.146e-15
6367.1 2.107e-15
6367.6 2.139e-15
6368.0 2.146e-15
6368.5 2.124e-15
6369.0 2.139e-15
6369.5 2.153e-15
6370.0 2.116e-15
6370.5 2.112e-15
6371.0 2.096e-15
6371.5 2.111e-15
6372.0 2.137e-15
6372.4 2.120e-15
6372.9 2.103e-15
6373.4 2.101e-15
6373.9 2.120e-15
6374.4 2.128e-15
6374.9 2.078e-15
6375.4 2.101e-15
6375.9 2.167e-15
6376.3 2.155e-15
6376.8 2.147e-15
6377.3 2.165e-15
6377.8 2.181e-15
6378.3 2.200e-15
6378.8 2.191e-15
6379.3 2.170e-15
6379.8 2.147e-15
6380.3 2.192e-15
6380.7 2.214e-15
6381.2 2.205e-15
6381.7 2.188e-15
6382.2 2.192e-15
6382.7 2.186e-15
6383.2 2.165e-15
6383.7 2.202e-15
6384.2 2.204e-15
6384.7 2.196e-15
6385.1 2.122e-15
6385.6 2.101e-15
6386.1 2.131e-15
6386.6 2.131e-15
6387.1 2.140e-15
6387.6 2.141e-15
6388.1 2.141e-15
6388.6 2.154e-15
6389.1 2.152e-15
6389.5 2.165e-15
6390.0 2.193e-15
6390.5 2.182e-15
6391.0 2.181e-15
6391.5 2.156e-15
6392.0 2.174e-15
6392.5 2.198e-15
6393.0 2.150e-15
6393.4 2.170e-15
6393.9 2.179e-15
6394.4 2.211e-15
6394.9 2.255e-15
6395.4 2.205e-15
6395.9 2.197e-15
6396.4 2.203e-15
6396.9 2.200e-15
6397.4 2.189e-15
6397.8 2.164e-15
6398.3 2.159e-15
6398.8 2.206e-15
6399.3 2.195e-15
6399.8 2.231e-15
6400.3 2.205e-15
6400.8 2.180e-15
6401.3 2.148e-15
6401.8 2.173e-15
6402.2 2.215e-15
6402.7 2.188e-15
6403.2 2.159e-15
6403.7 2.196e-15
6404.2 2.192e-15
6404.7 2.170e-15
6405.2 2.177e-15
6405.7 2.115e-15
6406.2 2.139e-15
6406.6 2.178e-15
6407.1 2.174e-15
6407.6 2.157e-15
6408.1 2.151e-15
6408.6 2.128e-15
6409.1 2.152e-15
6409.6 2.196e-15
6410.1 2.232e-15
6410.5 2.197e-15
6411.0 2.217e-15
6411.5 2.180e-15
6412.0 2.201e-15
6412.5 2.234e-15
6413.0 2.262e-15
6413.5 2.217e-15
6414.0 2.237e-15
6414.5 2.193e-15
6414.9 2.181e-15
6415.4 2.201e-15
6415.9 2.186e-15
6416.4 2.197e-15
6416.9 2.245e-15
6417.4 2.197e-15
6417.9 2.215e-15
6418.4 2.276e-15
6418.9 2.234e-15
6419.3 2.213e-15
6419.8 2.192e-15
6420.3 2.201e-15
6420.8 2.231e-15
6421.3 2.252e-15
6421.8 2.247e-15
6422.3 2.258e-15
6422.8 2.239e-15
6423.3 2.206e-15
6423.7 2.215e-15
6424.2 2.200e-15
6424.7 2.154e-15
6425.2 2.237e-15
6425.7 2.206e-15
6426.2 2.204e-15
6426.7 2.146e-15
6427.2 2.197e-15
6427.7 2.190e-15
6428.1 2.179e-15
6428.6 2.177e-15
6429.1 2.178e-15
6429.6 2.179e-15
6430.1 2.214e-15
6430.6 2.209e-15
6431.1 2.126e-15
6431.6 2.156e-15
6432.0 2.143e-15
6432.5 2.173e-15
6433.0 2.184e-15
6433.5 2.164e-15
6434.0 2.175e-15
6434.5 2.204e-15
6435.0 2.209e-15
6435.5 2.160e-15
6436.0 2.140e-15
6436.4 2.196e-15
6436.9 2.218e-15
6437.4 2.193e-15
6437.9 2.172e-15
6438.4 2.217e-15
6438.9 2.201e-15
6439.4 2.197e-15
6439.9 2.166e-15
6440.4 2.211e-15
6440.8 2.168e-15
6441.3 2.227e-15
6441.8 2.247e-15
6442.3 2.228e-15
6442.8 2.169e-15
6443.3 2.171e-15
6443.8 2.223e-15
6444.3 2.161e-15
6444.8 2.157e-15
6445.2 2.186e-15
6445.7 2.141e-15
6446.2 2.216e-15
6446.7 2.165e-15
6447.2 2.193e-15
6447.7 2.228e-15
6448.2 2.191e-15
6448.7 2.151e-15
6449.1 2.143e-15
6449.6 2.177e-15
6450.1 2.126e-15
6450.6 2.141e-15
6451.1 2.175e-15
6451.6 2.137e-15
6452.1 2.149e-15
6452.6 2.168e-15
6453.1 2.103e-15
6453.5 2.109e-15
6454.0 2.162e-15
6454.5 2.116e-15
6455.0 2.076e-15
6455.5 2.095e-15
6456.0 2.091e-15
6456.5 2.113e-15
6457.0 2.133e-15
6457.5 2.107e-15
6457.9 2.094e-15
6458.4 2.112e-15
6458.9 2.118e-15
6459.4 2.128e-15
6459.9 2.109e-15
6460.4 2.102e-15
6460.9 2.104e-15
6461.4 2.078e-15
6461.9 2.071e-15
6462.3 2.056e-15
6462.8 2.036e-15
6463.3 2.048e-15
6463.8 2.092e-15
6464.3 2.094e-15
6464.8 2.078e-15
6465.3 2.076e-15
6465.8 2.075e-15
6466.2 2.054e-15
6466.7 2.046e-15
6467.2 2.045e-15
6467.7 2.041e-15
6468.2 2.064e-15
6468.7 2.043e-15
6469.2 2.041e-15
6469.7 2.042e-15
6470.2 2.030e-15
6470.6 1.996e-15
6471.1 2.026e-15
6471.6 2.022e-15
6472.1 1.988e-15
6472.6 2.062e-15
6473.1 2.024e-15
6473.6 1.964e-15
6474.1 2.049e-15
6474.6 2.028e-15
6475.0 1.960e-15
6475.5 2.012e-15
6476.0 1.994e-15
6476.5 1.983e-15
6477.0 1.972e-15
6477.5 1.949e-15
6478.0 2.032e-15
6478.5 1.985e-15
6479.0 1.936e-15
6479.4 1.969e-15
6479.9 1.983e-15
6480.4 2.014e-15
6480.9 2.010e-15
6481.4 1.947e-15
6481.9 1.990e-15
6482.4 2.000e-15
6482.9 1.931e-15
6483.3 1.926e-15
6483.8 1.923e-15
6484.3 1.994e-15
6484.8 1.977e-15
6485.3 1.962e-15
6485.8 1.933e-15
6486.3 1.963e-15
6486.8 1.946e-15
6487.3 1.938e-15
6487.7 1.987e-15
6488.2 1.942e-15
6488.7 1.945e-15
6489.2 1.964e-15
6489.7 1.948e-15
6490.2 1.944e-15
6490.7 1.945e-15
6491.2 1.953e-15
6491.7 1.926e-15
6492.1 1.927e-15
6492.6 1.981e-15
6493.1 1.965e-15
6493.6 1.961e-15
6494.1 1.963e-15
6494.6 1.977e-15
6495.1 1.979e-15
6495.6 1.972e-15
6496.1 1.954e-15
6496.5 1.979e-15
6497.0 1.990e-15
6497.5 1.982e-15
6498.0 1.942e-15
6498.5 1.953e-15
6499.0 1.974e-15
6499.5 1.987e-15
6500.0 1.965e-15
6500.4 1.940e-15
6500.9 1.920e-15
6501.4 1.970e-15
6501.9 1.986e-15
6502.4 1.938e-15
6502.9 1.977e-15
6503.4 1.961e-15
6503.9 1.971e-15
6504.4 1.948e-15
6504.8 1.941e-15
6505.3 2.001e-15
6505.8 2.007e-15
6506.3 1.989e-15
6506.8 1.983e-15
6507.3 2.004e-15
6507.8 1.991e-15
6508.3 1.944e-15
6508.8 1.944e-15
6509.2 1.968e-15
6509.7 1.944e-15
6510.2 1.910e-15
6510.7 1.910e-15
6511.2 1.949e-15
6511.7 1.931e-15
6512.2 1.869e-15
6512.7 1.891e-15
6513.2 1.914e-15
6513.6 1.891e-15
6514.1 1.895e-15
6514.6 1.913e-15
6515.1 1.872e-15
6515.6 1.860e-15
6516.1 1.893e-15
6516.6 1.913e-15
6517.1 1.906e-15
6517.6 1.921e-15
6518.0 1.939e-15
6518.5 1.909e-15
6519.0 1.922e-15
6519.5 1.896e-15
6520.0 1.909e-15
6520.5 1.946e-15
6521.0 1.953e-15
6521.5 1.916e-15
6521.9 1.911e-15
6522.4 1.958e-15
6522.9 1.947e-15
6523.4 1.938e-15
6523.9 1.954e-15
6524.4 1.951e-15
6524.9 1.949e-15
6525.4 1.957e-15
6525.9 1.925e-15
6526.3 1.941e-15
6526.8 1.948e-15
6527.3 1.949e-15
6527.8 1.965e-15
6528.3 1.966e-15
6528.8 1.955e-15
6529.3 1.930e-15
6529.8 1.959e-15
6530.3 1.949e-15
6530.7 1.938e-15
6531.2 1.941e-15
6531.7 1.939e-15
6532.2 1.950e-15
6532.7 1.951e-15
6533.2 1.934e-15
6533.7 1.916e-15
6534.2 1.927e-15
6534.7 1.930e-15
6535.1 1.926e-15
6535.6 1.913e-15
6536.1 1.925e-15
6536.6 1.939e-15
6537.1 1.939e-15
6537.6 1.939e-15
6538.1 1.952e-15
6538.6 1.930e-15
6539.0 1.939e-15
6539.5 1.896e-15
6540.0 1.899e-15
6540.5 1.945e-15
6541.0 1.947e-15
6541.5 1.926e-15
6542.0 1.923e-15
6542.5 1.903e-15
6543.0 1.897e-15
6543.4 1.907e-15
6543.9 1.900e-15
6544.4 1.908e-15
6544.9 1.919e-15
6545.4 1.931e-15
6545.9 1.942e-15
6546.4 1.919e-15
6546.9 1.928e-15
6547.4 1.935e-15
6547.8 1.892e-15
6548.3 1.903e-15
6548.8 1.934e-15
6549.3 1.902e-15
6549.8 1.919e-15
6550.3 1.917e-15
6550.8 1.903e-15
6551.3 1.912e-15
6551.8 1.864e-15
6552.2 1.874e-15
6552.7 1.917e-15
6553.2 1.924e-15
6553.7 1.924e-15
6554.2 1.912e-15
6554.7 1.905e-15
6555.2 1.908e-15
6555.7 1.893e-15
6556.1 1.876e-15
6556.6 1.894e-15
6557.1 1.917e-15
6557.6 1.898e-15
6558.1 1.881e-15
6558.6 1.902e-15
6559.1 1.893e-15
6559.6 1.894e-15
6560.1 1.897e-15
6560.5 1.891e-15
6561.0 1.887e-15
6561.5 1.886e-15
6562.0 1.888e-15
6562.5 1.850e-15
6563.0 1.853e-15
6563.5 1.869e-15
6564.0 1.882e-15
6564.5 1.882e-15
6564.9 1.858e-15
6565.4 1.851e-15
6565.9 1.889e-15
6566.4 1.876e-15
6566.9 1.858e-15
6567.4 1.866e-15
6567.9 1.842e-15
6568.4 1.827e-15
6568.9 1.849e-15
6569.3 1.886e-15
6569.8 1.864e-15
6570.3 1.867e-15
6570.8 1.843e-15
6571.3 1.892e-15
6571.8 1.838e-15
6572.3 1.831e-15
6572.8 1.843e-15
6573.2 1.859e-15
6573.7 1.865e-15
6574.2 1.838e-15
6574.7 1.822e-15
6575.2 1.837e-15
6575.7 1.835e-15
6576.2 1.843e-15
6576.7 1.838e-15
6577.2 1.843e-15
6577.6 1.850e-15
6578.1 1.836e-15
6578.6 1.843e-15
6579.1 1.826e-15
6579.6 1.853e-15
6580.1 1.856e-15
6580.6 1.819e-15
6581.1 1.820e-15
6581.6 1.834e-15
6582.0 1.820e-15
6582.5 1.820e-15
6583.0 1.799e-15
6583.5 1.813e-15
6584.0 1.823e-15
6584.5 1.804e-15
6585.0 1.810e-15
6585.5 1.813e-15
6586.0 1.794e-15
6586.4 1.783e-15
6586.9 1.803e-15
6587.4 1.795e-15
6587.9 1.788e-15
6588.4 1.797e-15
6588.9 1.809e-15
6589.4 1.814e-15
6589.9 1.804e-15
6590.3 1.790e-15
6590.8 1.781e-15
6591.3 1.770e-15
6591.8 1.746e-15
6592.3 1.752e-15
6592.8 1.754e-15
6593.3 1.782e-15
6593.8 1.778e-15
6594.3 1.779e-15
6594.7 1.766e-15
6595.2 1.773e-15
6595.7 1.776e-15
6596.2 1.727e-15
6596.7 1.752e-15
6597.2 1.755e-15
6597.7 1.736e-15
6598.2 1.696e-15
6598.7 1.705e-15
6599.1 1.741e-15
6599.6 1.746e-15
6600.1 1.761e-15
6600.6 1.764e-15
6601.1 1.727e-15
6601.6 1.711e-15
6602.1 1.723e-15
6602.6 1.732e-15
6603.1 1.733e-15
6603.5 1.726e-15
6604.0 1.728e-15
6604.5 1.704e-15
6605.0 1.715e-15
6605.5 1.723e-15
6606.0 1.708e-15
6606.5 1.703e-15
6607.0 1.720e-15
6607.5 1.717e-15
6607.9 1.704e-15
6608.4 1.692e-15
6608.9 1.707e-15
6609.4 1.705e-15
6609.9 1.697e-15
6610.4 1.704e-15
6610.9 1.702e-15
6611.4 1.718e-15
6611.8 1.732e-15
6612.3 1.709e-15
6612.8 1.682e-15
6613.3 1.741e-15
6613.8 1.738e-15
6614.3 1.718e-15
6614.8 1.728e-15
6615.3 1.714e-15
6615.8 1.721e-15
6616.2 1.723e-15
6616.7 1.701e-15
6617.2 1.667e-15
6617.7 1.676e-15
6618.2 1.717e-15
6618.7 1.712e-15
6619.2 1.678e-15
6619.7 1.671e-15
6620.2 1.703e-15
6620.6 1.724e-15
6621.1 1.697e-15
6621.6 1.682e-15
6622.1 1.666e-15
6622.6 1.647e-15
6623.1 1.654e-15
6623.6 1.656e-15
6624.1 1.667e-15
6624.6 1.668e-15
6625.0 1.657e-15
6625.5 1.644e-15
6626.0 1.655e-15
6626.5 1.664e-15
6627.0 1.634e-15
6627.5 1.620e-15
6628.0 1.620e-15
6628.5 1.617e-15
6628.9 1.624e-15
6629.4 1.612e-15
6629.9 1.611e-15
6630.4 1.605e-15
6630.9 1.618e-15
6631.4 1.603e-15
6631.9 1.605e-15
6632.4 1.606e-15
6632.9 1.584e-15
6633.3 1.563e-15
6633.8 1.616e-15
6634.3 1.742e-15
6634.8 1.834e-15
6635.3 1.784e-15
6635.8 1.650e-15
6636.3 1.573e-15
6636.8 1.553e-15
6637.3 1.576e-15
6637.7 1.564e-15
6638.2 1.548e-15
6638.7 1.539e-15
6639.2 1.553e-15
6639.7 1.544e-15
6640.2 1.536e-15
6640.7 1.563e-15
6641.2 1.534e-15
6641.7 1.530e-15
6642.1 1.538e-15
6642.6 1.534e-15
6643.1 1.527e-15
6643.6 1.518e-15
6644.1 1.506e-15
6644.6 1.522e-15
6645.1 1.511e-15
6645.6 1.526e-15
6646.0 1.521e-15
6646.5 1.507e-15
6647.0 1.503e-15
6647.5 1.496e-15
6648.0 1.490e-15
6648.5 1.494e-15
6649.0 1.506e-15
6649.5 1.492e-15
6650.0 1.500e-15
6650.4 1.492e-15
6650.9 1.487e-15
6651.4 1.475e-15
6651.9 1.457e-15
6652.4 1.452e-15
6652.9 1.476e-15
6653.4 1.440e-15
6653.9 1.451e-15
6654.4 1.446e-15
6654.8 1.458e-15
6655.3 1.499e-15
6655.8 1.468e-15
6656.3 1.458e-15
6656.8 1.427e-15
6657.3 1.417e-15
6657.8 1.410e-15
6658.3 1.424e-15
6658.8 1.418e-15
6659.2 1.430e-15
6659.7 1.432e-15
6660.2 1.437e-15
6660.7 1.427e-15
6661.2 1.399e-15
6661.7 1.407e-15
6662.2 1.375e-15
6662.7 1.376e-15
6663.1 1.400e-15
6663.6 1.420e-15
6664.1 1.400e-15
6664.6 1.399e-15
6665.1 1.389e-15
6665.6 1.377e-15
6666.1 1.358e-15
6666.6 1.359e-15
6667.1 1.355e-15
6667.5 1.372e-15
6668.0 1.389e-15
6668.5 1.358e-15
6669.0 1.345e-15
6669.5 1.394e-15
6670.0 1.352e-15
6670.5 1.336e-15
6671.0 1.346e-15
6671.5 1.335e-15
6671.9 1.332e-15
6672.4 1.325e-15
6672.9 1.326e-15
6673.4 1.319e-15
6673.9 1.318e-15
6674.4 1.316e-15
6674.9 1.335e-15
6675.4 1.320e-15
6675.9 1.325e-15
6676.3 1.314e-15
6676.8 1.300e-15
6677.3 1.293e-15
6677.8 1.300e-15
6678.3 1.300e-15
6678.8 1.286e-15
6679.3 1.302e-15
6679.8 1.285e-15
6680.2 1.284e-15
6680.7 1.295e-15
6681.2 1.278e-15
6681.7 1.263e-15
6682.2 1.268e-15
6682.7 1.259e-15
6683.2 1.253e-15
6683.7 1.221e-15
6684.2 1.238e-15
6684.6 1.249e-15
6685.1 1.244e-15
6685.6 1.244e-15
6686.1 1.226e-15
6686.6 1.222e-15
6687.1 1.205e-15
6687.6 1.219e-15
6688.1 1.240e-15
6688.6 1.220e-15
6689.0 1.220e-15
6689.5 1.212e-15
6690.0 1.203e-15
6690.5 1.216e-15
6691.0 1.208e-15
6691.5 1.182e-15
6692.0 1.186e-15
6692.5 1.200e-15
6693.0 1.183e-15
6693.4 1.164e-15
6693.9 1.162e-15
6694.4 1.171e-15
6694.9 1.182e-15
6695.4 1.171e-15
6695.9 1.156e-15
6696.4 1.164e-15
6696.9 1.164e-15
6697.3 1.142e-15
6697.8 1.139e-15
6698.3 1.149e-15
6698.8 1.154e-15
6699.3 1.138e-15
6699.8 1.151e-15
6700.3 1.151e-15
6700.8 1.138e-15
6701.3 1.146e-15
6701.7 1.126e-15
6702.2 1.132e-15
6702.7 1.140e-15
6703.2 1.151e-15
6703.7 1.152e-15
6704.2 1.135e-15
6704.7 1.103e-15
6705.2 1.102e-15
6705.7 1.105e-15
6706.1 1.102e-15
6706.6 1.115e-15
6707.1 1.133e-15
6707.6 1.113e-15
6708.1 1.096e-15
6708.6 1.091e-15
6709.1 1.087e-15
6709.6 1.092e-15
6710.1 1.085e-15
6710.5 1.090e-15
6711.0 1.090e-15
6711.5 1.086e-15
6712.0 1.089e-15
6712.5 1.106e-15
6713.0 1.097e-15
6713.5 1.083e-15
6714.0 1.080e-15
6714.5 1.067e-15
6714.9 1.049e-15
6715.4 1.046e-15
6715.9 1.058e-15
6716.4 1.033e-15
6716.9 1.035e-15
6717.4 1.035e-15
6717.9 1.036e-15
6718.4 1.034e-15
6718.8 1.025e-15
6719.3 1.026e-15
6719.8 1.052e-15
6720.3 1.042e-15
6720.8 1.018e-15
6721.3 1.008e-15
6721.8 1.001e-15
6722.3 1.020e-15
6722.8 1.030e-15
6723.2 1.018e-15
6723.7 1.002e-15
6724.2 9.965e-16
6724.7 1.003e-15
6725.2 9.999e-16
6725.7 1.017e-15
6726.2 1.006e-15
6726.7 9.792e-16
6727.2 9.857e-16
6727.6 9.813e-16
6728.1 9.725e-16
6728.6 9.843e-16
6729.1 9.922e-16
6729.6 9.821e-16
6730.1 9.811e-16
6730.6 1.006e-15
6731.1 9.820e-16
6731.6 9.658e-16
6732.0 9.784e-16
6732.5 9.824e-16
6733.0 9.613e-16
6733.5 9.848e-16
6734.0 9.691e-16
6734.5 9.532e-16
6735.0 9.545e-16
6735.5 9.703e-16
6735.9 9.828e-16
6736.4 9.665e-16
6736.9 9.508e-16
6737.4 9.751e-16
6737.9 9.779e-16
6738.4 9.777e-16
6738.9 9.733e-16
6739.4 9.653e-16
6739.9 9.538e-16
6740.3 9.606e-16
6740.8 9.587e-16
6741.3 9.674e-16
6741.8 9.599e-16
6742.3 9.446e-16
6742.8 9.720e-16
6743.3 9.620e-16
6743.8 9.424e-16
6744.3 9.369e-16
6744.7 9.331e-16
6745.2 9.590e-16
6745.7 9.496e-16
6746.2 9.571e-16
6746.7 9.540e-16
6747.2 9.514e-16
6747.7 9.340e-16
6748.2 9.357e-16
6748.7 9.330e-16
6749.1 9.219e-16
6749.6 9.425e-16
6750.1 9.416e-16
6750.6 9.312e-16
6751.1 9.273e-16
6751.6 9.261e-16
6752.1 9.095e-16
6752.6 9.002e-16
6753.0 9.149e-16
6753.5 9.267e-16
6754.0 9.132e-16
6754.5 9.177e-16
6755.0 9.011e-16
6755.5 9.073e-16
6756.0 9.182e-16
6756.5 9.120e-16
6757.0 9.132e-16
6757.4 9.061e-16
6757.9 9.076e-16
6758.4 9.238e-16
6758.9 9.102e-16
6759.4 8.965e-16
6759.9 8.982e-16
6760.4 8.978e-16
6760.9 8.866e-16
6761.4 8.904e-16
6761.8 8.930e-16
6762.3 8.863e-16
6762.8 8.817e-16
6763.3 8.912e-16
6763.8 8.956e-16
6764.3 8.808e-16
6764.8 8.634e-16
6765.3 8.809e-16
6765.8 8.891e-16
6766.2 8.829e-16
6766.7 8.668e-16
6767.2 8.674e-16
6767.7 8.819e-16
6768.2 8.729e-16
6768.7 8.735e-16
6769.2 8.856e-16
6769.7 8.891e-16
6770.1 8.814e-16
6770.6 8.665e-16
6771.1 8.655e-16
6771.6 8.777e-16
6772.1 8.730e-16
6772.6 8.866e-16
6773.1 8.812e-16
6773.6 8.712e-16
6774.1 8.670e-16
6774.5 8.721e-16
6775.0 8.738e-16
6775.5 8.508e-16
6776.0 8.549e-16
6776.5 8.645e-16
6777.0 8.831e-16
6777.5 8.664e-16
6778.0 8.586e-16
6778.5 8.586e-16
6778.9 8.410e-16
6779.4 8.388e-16
6779.9 8.487e-16
6780.4 8.553e-16
6780.9 8.548e-16
6781.4 8.657e-16
6781.9 8.470e-16
6782.4 8.394e-16
6782.9 8.478e-16
6783.3 8.366e-16
6783.8 8.327e-16
6784.3 8.581e-16
6784.8 8.361e-16
6785.3 8.397e-16
6785.8 8.261e-16
6786.3 8.172e-16
6786.8 8.359e-16
6787.2 8.350e-16
6787.7 8.398e-16
6788.2 8.317e-16
6788.7 8.405e-16
6789.2 8.504e-16
6789.7 8.564e-16
6790.2 8.507e-16
6790.7 8.537e-16
6791.2 8.228e-16
6791.6 8.160e-16
6792.1 8.044e-16
6792.6 8.012e-16
6793.1 8.182e-16
6793.6 7.986e-16
6794.1 8.070e-16
6794.6 8.251e-16
6795.1 7.967e-16
6795.6 8.123e-16
6796.0 7.971e-16
6796.5 8.113e-16
6797.0 8.045e-16
6797.5 8.080e-16
6798.0 8.126e-16
6798.5 8.087e-16
6799.0 7.930e-16
6799.5 7.891e-16
6800.0 7.991e-16
6800.4 7.980e-16
6800.9 7.906e-16
6801.4 8.004e-16
6801.9 7.975e-16
6802.4 7.768e-16
6802.9 7.769e-16
6803.4 7.931e-16
6803.9 8.002e-16
6804.4 8.147e-16
6804.8 8.093e-16
6805.3 8.095e-16
6805.8 7.773e-16
6806.3 7.907e-16
6806.8 7.997e-16
6807.3 8.021e-16
6807.8 8.009e-16
6808.3 7.853e-16
6808.7 7.888e-16
6809.2 7.721e-16
6809.7 7.633e-16
6810.2 7.750e-16
6810.7 7.849e-16
6811.2 7.692e-16
6811.7 7.791e-16
6812.2 7.888e-16
6812.7 7.561e-16
6813.1 7.543e-16
6813.6 7.719e-16
6814.1 7.885e-16
6814.6 7.738e-16
6815.1 7.461e-16
6815.6 7.631e-16
6816.1 7.704e-16
6816.6 7.488e-16
6817.1 7.582e-16
6817.5 7.566e-16
6818.0 7.725e-16
6818.5 7.506e-16
6819.0 7.489e-16
6819.5 7.601e-16
6820.0 7.363e-16
6820.5 7.330e-16
6821.0 7.469e-16
6821.5 7.539e-16
6821.9 7.483e-16
6822.4 7.491e-16
6822.9 7.291e-16
6823.4 7.241e-16
6823.9 7.371e-16
6824.4 7.422e-16
6824.9 7.383e-16
6825.4 7.316e-16
6825.8 7.352e-16
6826.3 7.438e-16
6826.8 7.261e-16
6827.3 7.331e-16
6827.8 7.405e-16
6828.3 7.305e-16
6828.8 7.388e-16
6829.3 7.304e-16
6829.8 7.354e-16
6830.2 7.261e-16
6830.7 7.366e-16
6831.2 7.372e-16
6831.7 7.289e-16
6832.2 7.361e-16
6832.7 7.283e-16
6833.2 7.236e-16
6833.7 7.396e-16
6834.2 7.549e-16
6834.6 7.384e-16
6835.1 7.437e-16
6835.6 7.430e-16
6836.1 7.318e-16
6836.6 7.274e-16
6837.1 7.230e-16
6837.6 7.270e-16
6838.1 7.342e-16
6838.6 7.314e-16
6839.0 7.299e-16
6839.5 7.174e-16
6840.0 7.147e-16
6840.5 7.225e-16
6841.0 7.115e-16
6841.5 7.146e-16
6842.0 7.160e-16
6842.5 7.035e-16
6842.9 7.109e-16
6843.4 7.062e-16
6843.9 7.079e-16
6844.4 7.120e-16
6844.9 7.069e-16
6845.4 7.091e-16
6845.9 7.217e-16
6846.4 7.166e-16
6846.9 7.025e-16
6847.3 7.161e-16
6847.8 7.043e-16
6848.3 7.095e-16
6848.8 6.902e-16
6849.3 7.057e-16
6849.8 7.127e-16
6850.3 7.098e-16
6850.8 7.147e-16
6851.3 7.054e-16
6851.7 7.137e-16
6852.2 7.268e-16
6852.7 7.066e-16
6853.2 6.951e-16
6853.7 7.006e-16
6854.2 7.189e-16
6854.7 7.047e-16
6855.2 7.123e-16
6855.7 6.968e-16
6856.1 6.898e-16
6856.6 6.965e-16
6857.1 6.906e-16
6857.6 6.872e-16
6858.1 6.625e-16
6858.6 6.814e-16
6859.1 6.916e-16
6859.6 6.889e-16
6860.0 6.928e-16
6860.5 6.831e-16
6861.0 6.843e-16
6861.5 6.936e-16
6862.0 6.883e-16
6862.5 6.905e-16
6863.0 7.008e-16
6863.5 6.941e-16
6864.0 6.700e-16
6864.4 6.771e-16
6864.9 6.621e-16
6865.4 6.431e-16
6865.9 6.256e-16
6866.4 5.664e-16
6866.9 4.912e-16
6867.4 4.385e-16
6867.9 4.251e-16
6868.4 4.241e-16
6868.8 4.506e-16
6869.3 4.903e-16
6869.8 5.042e-16
6870.3 5.000e-16
6870.8 4.850e-16
6871.3 5.005e-16
6871.8 5.052e-16
6872.3 4.809e-16
6872.8 5.073e-16
6873.2 5.162e-16
6873.7 5.072e-16
6874.2 5.326e-16
6874.7 5.373e-16
6875.2 5.426e-16
6875.7 5.694e-16
6876.2 5.683e-16
6876.7 5.532e-16
6877.1 5.616e-16
6877.6 5.760e-16
6878.1 5.920e-16
6878.6 5.911e-16
6879.1 5.881e-16
6879.6 6.109e-16
6880.1 6.298e-16
6880.6 6.463e-16
6881.1 6.671e-16
6881.5 6.653e-16
6882.0 6.452e-16
6882.5 6.230e-16
6883.0 5.888e-16
6883.5 5.716e-16
6884.0 5.998e-16
6884.5 6.210e-16
6885.0 5.993e-16
6885.5 5.869e-16
6885.9 5.750e-16
6886.4 5.694e-16
6886.9 5.992e-16
6887.4 6.128e-16
6887.9 5.823e-16
6888.4 5.528e-16
6888.9 5.470e-16
6889.4 5.470e-16
6889.9 5.695e-16
6890.3 6.010e-16
6890.8 6.095e-16
6891.3 5.928e-16
6891.8 5.456e-16
6892.3 5.299e-16
6892.8 5.360e-16
6893.3 5.766e-16
6893.8 6.114e-16
6894.3 6.070e-16
6894.7 5.946e-16
6895.2 5.648e-16
6895.7 5.315e-16
6896.2 5.270e-16
6896.7 5.451e-16
6897.2 6.048e-16
6897.7 6.222e-16
6898.2 6.191e-16
6898.6 5.896e-16
6899.1 5.811e-16
6899.6 5.627e-16
6900.1 5.420e-16
6900.6 5.492e-16
6901.1 5.871e-16
6901.6 6.098e-16
6902.1 6.036e-16
6902.6 6.089e-16
6903.0 5.771e-16
6903.5 5.594e-16
6904.0 5.438e-16
6904.5 5.470e-16
6905.0 5.787e-16
6905.5 6.039e-16
