3958.1 1.8524e-14
3960.8 1.9646e-14
3963.6 1.9258e-14
3966.4 1.9351e-14
3969.2 1.9874e-14
3972.0 2.0321e-14
3974.8 2.0721e-14
3977.5 1.9932e-14
3980.3 2.0278e-14
3983.1 2.0186e-14
3985.9 1.9634e-14
3988.7 2.0518e-14
3991.4 2.0536e-14
3994.2 1.9645e-14
3997.0 1.9943e-14
3999.8 2.0308e-14
4002.6 2.0189e-14
4005.4 2.0290e-14
4008.1 1.9165e-14
4010.9 1.8767e-14
4013.7 1.8601e-14
4016.5 1.8446e-14
4019.3 1.8348e-14
4022.0 1.7990e-14
4024.8 1.7815e-14
4027.6 1.7547e-14
4030.4 1.7005e-14
4033.2 1.6993e-14
4036.0 1.6515e-14
4038.7 1.6144e-14
4041.5 1.5963e-14
4044.3 1.6358e-14
4047.1 1.5610e-14
4049.9 1.6056e-14
4052.6 1.5630e-14
4055.4 1.5347e-14
4058.2 1.6019e-14
4061.0 1.5752e-14
4063.8 1.6012e-14
4066.6 1.6010e-14
4069.3 1.6189e-14
4072.1 1.6565e-14
4074.9 1.6285e-14
4077.7 1.6148e-14
4080.5 1.6750e-14
4083.2 1.7275e-14
4086.0 1.7102e-14
4088.8 1.7567e-14
4091.6 1.7303e-14
4094.4 1.7422e-14
4097.2 1.7718e-14
4099.9 1.8298e-14
4102.7 1.8032e-14
4105.5 1.8007e-14
4108.3 1.8252e-14
4111.1 1.8318e-14
4113.8 1.8458e-14
4116.6 1.8266e-14
4119.4 1.8732e-14
4122.2 1.8235e-14
4125.0 1.8758e-14
4127.8 1.8588e-14
4130.5 1.8477e-14
4133.3 1.8337e-14
4136.1 1.8484e-14
4138.9 1.8177e-14
4141.7 1.8031e-14
4144.4 1.8060e-14
4147.2 1.8194e-14
4150.0 1.7889e-14
4152.8 1.7388e-14
4155.6 1.7115e-14
4158.4 1.6937e-14
4161.1 1.7136e-14
4163.9 1.6625e-14
4166.7 1.6749e-14
4169.5 1.6442e-14
4172.3 1.6488e-14
4175.0 1.6915e-14
4177.8 1.6575e-14
4180.6 1.6163e-14
4183.4 1.5880e-14
4186.2 1.5932e-14
4189.0 1.5882e-14
4191.7 1.5570e-14
4194.5 1.5361e-14
4197.3 1.5104e-14
4200.1 1.5177e-14
4202.9 1.5043e-14
4205.6 1.4936e-14
4208.4 1.5021e-14
4211.2 1.5342e-14
4214.0 1.5464e-14
4216.8 1.5356e-14
4219.6 1.5548e-14
4222.3 1.5648e-14
4225.1 1.6042e-14
4227.9 1.6058e-14
4230.7 1.6089e-14
4233.5 1.5999e-14
4236.2 1.6123e-14
4239.0 1.6001e-14
4241.8 1.6004e-14
4244.6 1.5876e-14
4247.4 1.5614e-14
4250.2 1.5218e-14
4252.9 1.5350e-14
4255.7 1.4839e-14
4258.5 1.4639e-14
4261.3 1.4690e-14
4264.1 1.4157e-14
4266.8 1.4141e-14
4269.6 1.3743e-14
4272.4 1.3639e-14
4275.2 1.3606e-14
4278.0 1.3557e-14
4280.8 1.3257e-14
4283.5 1.3206e-14
4286.3 1.2856e-14
4289.1 1.2443e-14
4291.9 1.2479e-14
4294.7 1.2548e-14
4297.4 1.2266e-14
4300.2 1.2091e-14
4303.0 1.1782e-14
4305.8 1.1871e-14
4308.6 1.1723e-14
4311.4 1.1481e-14
4314.1 1.1415e-14
4316.9 1.1048e-14
4319.7 1.1313e-14
4322.5 1.0831e-14
4325.3 1.0384e-14
4328.0 1.0552e-14
4330.8 1.0455e-14
4333.6 1.0096e-14
4336.4 9.8965e-15
4339.2 9.9220e-15
4342.0 9.7995e-15
4344.7 9.6275e-15
4347.5 9.4266e-15
4350.3 9.3426e-15
4353.1 9.2157e-15
4355.9 9.1810e-15
4358.6 8.8403e-15
4361.4 8.7746e-15
4364.2 8.9076e-15
4367.0 8.8831e-15
4369.8 8.7034e-15
4372.6 8.4125e-15
4375.3 8.8376e-15
4378.1 8.8294e-15
4380.9 8.8373e-15
4383.7 8.8497e-15
4386.5 8.8258e-15
4389.2 8.9488e-15
4392.0 8.9722e-15
4394.8 8.7822e-15
4397.6 9.0702e-15
4400.4 9.0776e-15
4403.2 9.0618e-15
4405.9 9.2376e-15
4408.7 9.3021e-15
4411.5 9.5196e-15
4414.3 9.5846e-15
4417.1 9.2594e-15
4419.8 9.2664e-15
4422.6 9.5125e-15
4425.4 9.6017e-15
4428.2 9.6506e-15
4431.0 9.4072e-15
4433.8 9.5225e-15
4436.5 9.6305e-15
4439.3 9.7678e-15
4442.1 9.8087e-15
4444.9 9.8256e-15
4447.7 9.8929e-15
4450.4 1.0298e-14
4453.2 1.0503e-14
4456.0 1.0664e-14
4458.8 1.0543e-14
4461.6 1.0429e-14
4464.4 1.0744e-14
4467.1 1.0810e-14
4469.9 1.0765e-14
4472.7 1.0794e-14
4475.5 1.0562e-14
4478.3 1.0262e-14
4481.0 1.0320e-14
4483.8 1.0336e-14
4486.6 1.0360e-14
4489.4 1.0443e-14
4492.2 1.0691e-14
4495.0 1.0548e-14
4497.7 1.0518e-14
4500.5 1.0566e-14
4503.3 1.0667e-14
4506.1 1.0604e-14
4508.9 1.0540e-14
4511.6 1.0973e-14
4514.4 1.1205e-14
4517.2 1.1003e-14
4520.0 1.1099e-14
4522.8 1.1242e-14
4525.6 1.1267e-14
4528.3 1.1508e-14
4531.1 1.1614e-14
4533.9 1.1535e-14
4536.7 1.1701e-14
4539.5 1.1921e-14
4542.2 1.2089e-14
4545.0 1.2301e-14
4547.8 1.2073e-14
4550.6 1.2250e-14
4553.4 1.2729e-14
4556.2 1.2317e-14
4558.9 1.2259e-14
4561.7 1.2448e-14
4564.5 1.2243e-14
4567.3 1.2201e-14
4570.1 1.2200e-14
4572.8 1.2254e-14
4575.6 1.2077e-14
4578.4 1.1986e-14
4581.2 1.2045e-14
4584.0 1.2334e-14
4586.8 1.2000e-14
4589.5 1.1804e-14
4592.3 1.1826e-14
4595.1 1.1738e-14
4597.9 1.1881e-14
4600.7 1.1778e-14
4603.4 1.1630e-14
4606.2 1.1801e-14
4609.0 1.1594e-14
4611.8 1.1531e-14
4614.6 1.1337e-14
4617.4 1.1142e-14
4620.1 1.1301e-14
4622.9 1.1282e-14
4625.7 1.1308e-14
4628.5 1.0923e-14
4631.3 1.0723e-14
4634.0 1.0945e-14
4636.8 1.1002e-14
4639.6 1.0986e-14
4642.4 1.1084e-14
4645.2 1.1008e-14
4648.0 1.1198e-14
4650.7 1.0978e-14
4653.5 1.1127e-14
4656.3 1.1027e-14
4659.1 1.1226e-14
4661.9 1.1410e-14
4664.6 1.1276e-14
4667.4 1.1141e-14
4670.2 1.1192e-14
4673.0 1.1077e-14
4675.8 1.1220e-14
4678.6 1.1191e-14
4681.3 1.0995e-14
4684.1 1.1079e-14
4686.9 1.1173e-14
4689.7 1.0933e-14
4692.5 1.0764e-14
4695.2 1.0277e-14
4698.0 1.0305e-14
4700.8 1.0104e-14
4703.6 9.9159e-15
4706.4 1.0089e-14
4709.2 9.8652e-15
4711.9 9.8013e-15
4714.7 9.3987e-15
4717.5 9.2464e-15
4720.3 9.3393e-15
4723.1 8.9599e-15
4725.8 8.8435e-15
4728.6 8.9349e-15
4731.4 8.6558e-15
4734.2 8.4960e-15
4737.0 8.5646e-15
4739.8 8.4669e-15
4742.5 8.1913e-15
4745.3 8.2407e-15
4748.1 8.3546e-15
4750.9 8.2174e-15
4753.7 8.1907e-15
4756.4 8.2011e-15
4759.2 8.2849e-15
4762.0 8.2676e-15
4764.8 8.2185e-15
4767.6 7.9713e-15
4770.4 7.8376e-15
4773.1 8.0562e-15
4775.9 8.1266e-15
4778.7 8.0651e-15
4781.5 8.0929e-15
4784.3 7.9652e-15
4787.0 8.1507e-15
4789.8 8.2124e-15
4792.6 8.1642e-15
4795.4 7.9849e-15
4798.2 7.9556e-15
4801.0 7.6319e-15
4803.7 7.6197e-15
4806.5 7.6205e-15
4809.3 7.6320e-15
4812.1 7.5262e-15
4814.9 7.3272e-15
4817.6 7.3154e-15
4820.4 7.3657e-15
4823.2 7.2927e-15
4826.0 7.0509e-15
4828.8 6.9162e-15
4831.6 6.9105e-15
4834.3 6.8893e-15
4837.1 6.7701e-15
4839.9 6.7987e-15
4842.7 6.7343e-15
4845.5 6.8386e-15
4848.2 6.8052e-15
4851.0 6.8938e-15
4853.8 6.9308e-15
4856.6 6.9018e-15
4859.4 6.9832e-15
4862.2 7.1060e-15
4864.9 7.1176e-15
4867.7 6.9870e-15
4870.5 6.8915e-15
4873.3 7.0440e-15
4876.1 7.0798e-15
4878.8 7.0804e-15
4881.6 7.0158e-15
4884.4 6.8828e-15
4887.2 6.8035e-15
4890.0 6.8584e-15
4892.8 6.7706e-15
4895.5 6.6081e-15
4898.3 6.6811e-15
4901.1 6.6421e-15
4903.9 6.3707e-15
4906.7 6.2514e-15
4909.4 6.2105e-15
4912.2 6.1806e-15
4915.0 5.9039e-15
4917.8 5.9565e-15
4920.6 5.8311e-15
4923.4 5.8457e-15
4926.1 5.5922e-15
4928.9 5.5268e-15
4931.7 5.4730e-15
4934.5 5.5433e-15
4937.3 5.4428e-15
4940.0 5.5343e-15
4942.8 5.4642e-15
4945.6 5.4502e-15
4948.4 5.6581e-15
4951.2 5.7413e-15
4954.0 5.7204e-15
4956.7 5.8410e-15
4959.5 5.8720e-15
4962.3 5.8758e-15
4965.1 5.8762e-15
4967.9 6.0197e-15
4970.6 6.1114e-15
4973.4 6.2912e-15
4976.2 6.3117e-15
4979.0 6.4273e-15
4981.8 6.4802e-15
4984.6 6.5141e-15
4987.3 6.4731e-15
4990.1 6.4132e-15
4992.9 6.3179e-15
4995.7 6.3445e-15
4998.5 6.3612e-15
5001.2 6.3189e-15
5004.0 6.3051e-15
5006.8 6.2848e-15
5009.6 6.3137e-15
5012.4 6.1386e-15
5015.2 6.1112e-15
5017.9 6.2193e-15
5020.7 6.2309e-15
5023.5 6.0921e-15
5026.3 6.0831e-15
5029.1 6.0767e-15
5031.8 6.0348e-15
5034.6 5.9529e-15
5037.4 5.8284e-15
5040.2 5.8263e-15
5043.0 5.7476e-15
5045.8 5.7097e-15
5048.5 5.7969e-15
5051.3 5.7292e-15
5054.1 5.6673e-15
5056.9 5.7900e-15
5059.7 5.8199e-15
5062.4 5.8604e-15
5065.2 5.8188e-15
5068.0 5.7960e-15
5070.8 5.7621e-15
5073.6 5.9712e-15
5076.4 5.9511e-15
5079.1 5.9156e-15
5081.9 5.8045e-15
5084.7 5.8994e-15
5087.5 6.1040e-15
5090.3 6.1497e-15
5093.0 6.2099e-15
5095.8 6.1737e-15
5098.6 6.3027e-15
5101.4 6.3750e-15
5104.2 6.1661e-15
5107.0 6.3424e-15
5109.7 6.4975e-15
5112.5 6.5049e-15
5115.3 6.4190e-15
5118.1 6.5324e-15
5120.9 6.4973e-15
5123.6 6.5070e-15
5126.4 6.5339e-15
5129.2 6.7342e-15
5132.0 6.8712e-15
5134.8 6.7097e-15
5137.6 6.9268e-15
5140.3 7.2037e-15
5143.1 7.3469e-15
5145.9 7.3054e-15
5148.7 7.3038e-15
5151.5 7.6616e-15
5154.2 7.6215e-15
5157.0 7.7608e-15
5159.8 7.7269e-15
5162.6 7.6625e-15
5165.4 7.7317e-15
5168.2 7.8021e-15
5170.9 7.8428e-15
5173.7 8.0378e-15
5176.5 8.0594e-15
5179.3 7.9488e-15
5182.1 8.0505e-15
5184.8 8.0097e-15
5187.6 8.1117e-15
5190.4 8.1691e-15
5193.2 8.2220e-15
5196.0 8.1401e-15
5198.8 8.0833e-15
5201.5 8.1082e-15
5204.3 8.0529e-15
5207.1 7.9476e-15
5209.9 7.9713e-15
5212.7 7.8882e-15
5215.4 7.7594e-15
5218.2 7.8054e-15
5221.0 7.7825e-15
5223.8 7.6950e-15
5226.6 7.5282e-15
5229.4 7.4807e-15
5232.1 7.4338e-15
5234.9 7.4485e-15
5237.7 7.3483e-15
5240.5 7.4545e-15
5243.3 7.4001e-15
5246.0 7.3392e-15
5248.8 7.3597e-15
5251.6 7.3229e-15
5254.4 7.3539e-15
5257.2 7.1572e-15
5260.0 7.2798e-15
5262.7 7.1331e-15
5265.5 7.2173e-15
5268.3 7.3306e-15
5271.1 7.3951e-15
5273.9 7.2634e-15
5276.6 7.4000e-15
5279.4 7.3424e-15
5282.2 7.3600e-15
5285.0 7.2240e-15
5287.8 7.2682e-15
5290.6 7.1443e-15
5293.3 7.0254e-15
5296.1 7.0622e-15
5298.9 7.0349e-15
5301.7 6.8650e-15
5304.5 6.6286e-15
5307.2 6.5210e-15
5310.0 6.3533e-15
5312.8 6.1496e-15
5315.6 6.1171e-15
5318.4 5.9310e-15
5321.2 5.9468e-15
5323.9 5.8234e-15
5326.7 5.5851e-15
5329.5 5.4309e-15
5332.3 5.3752e-15
5335.1 5.2377e-15
5337.8 5.2136e-15
5340.6 4.9671e-15
5343.4 4.9414e-15
5346.2 4.8264e-15
5349.0 4.8609e-15
5351.8 4.7775e-15
5354.5 4.7947e-15
5357.3 4.7406e-15
5360.1 4.6274e-15
5362.9 4.6761e-15
5365.7 4.6473e-15
5368.4 4.6005e-15
5371.2 4.6716e-15
5374.0 4.7548e-15
5376.8 4.7900e-15
5379.6 4.8674e-15
5382.4 4.8205e-15
5385.1 4.8396e-15
5387.9 4.9343e-15
5390.7 5.0489e-15
5393.5 5.0600e-15
5396.3 5.0509e-15
5399.0 5.0230e-15
5401.8 5.0263e-15
5404.6 5.0526e-15
5407.4 5.0348e-15
5410.2 5.0143e-15
5413.0 5.0209e-15
5415.7 5.1494e-15
5418.5 5.1526e-15
5421.3 5.1394e-15
5424.1 5.2241e-15
5426.9 5.2275e-15
5429.6 5.3512e-15
5432.4 5.3323e-15
5435.2 5.4293e-15
5438.0 5.4426e-15
5440.8 5.5730e-15
5443.6 5.5955e-15
5446.3 5.5470e-15
5449.1 5.6872e-15
5451.9 5.5347e-15
5454.7 5.5518e-15
5457.5 5.4396e-15
5460.2 5.4357e-15
5463.0 5.5423e-15
5465.8 5.4408e-15
5468.6 5.4114e-15
5471.4 5.3413e-15
5474.2 5.1895e-15
5476.9 5.2829e-15
5479.7 5.2167e-15
5482.5 5.1839e-15
5485.3 5.2078e-15
5488.1 5.0211e-15
5490.8 5.0973e-15
5493.6 5.0468e-15
5496.4 4.9845e-15
5499.2 4.9661e-15
5502.0 4.9253e-15
5504.8 4.8104e-15
5507.5 4.7018e-15
5510.3 4.6916e-15
5513.1 4.5260e-15
5515.9 4.4654e-15
5518.7 4.4248e-15
5521.4 4.4087e-15
5524.2 4.3834e-15
5527.0 4.2578e-15
5529.8 4.1042e-15
5532.6 4.1126e-15
5535.4 4.2138e-15
5538.1 4.1945e-15
5540.9 4.1301e-15
5543.7 4.0741e-15
5546.5 4.0231e-15
5549.3 4.0764e-15
5552.0 4.2030e-15
5554.8 4.1847e-15
5557.6 4.1712e-15
5560.4 4.3694e-15
5563.2 4.4792e-15
5566.0 4.4972e-15
5568.7 4.5495e-15
5571.5 4.6551e-15
5574.3 4.8579e-15
5577.1 4.9726e-15
5579.9 4.9552e-15
5582.6 5.2068e-15
5585.4 5.3137e-15
5588.2 5.2541e-15
5591.0 5.3137e-15
5593.8 5.4774e-15
5596.6 5.6024e-15
5599.3 5.6558e-15
5602.1 5.6775e-15
5604.9 5.6574e-15
5607.7 5.8144e-15
5610.5 5.8097e-15
5613.2 5.8029e-15
5616.0 5.9746e-15
5618.8 5.9910e-15
5621.6 6.0274e-15
5624.4 6.0345e-15
5627.2 5.9679e-15
5629.9 6.1412e-15
5632.7 6.1464e-15
5635.5 6.1642e-15
5638.3 6.1309e-15
5641.1 6.1689e-15
5643.8 6.1053e-15
5646.6 6.1381e-15
5649.4 6.1267e-15
5652.2 6.1565e-15
5655.0 6.1663e-15
5657.8 6.0925e-15
5660.5 6.2285e-15
5663.3 6.1965e-15
5666.1 6.2879e-15
5668.9 6.2336e-15
5671.7 6.2580e-15
5674.4 6.2701e-15
5677.2 6.1637e-15
5680.0 6.1909e-15
5682.8 6.1204e-15
5685.6 6.1634e-15
5688.4 6.0884e-15
5691.1 6.1595e-15
5693.9 6.0314e-15
5696.7 5.9651e-15
5699.5 5.9802e-15
5702.3 5.9024e-15
5705.0 5.8910e-15
5707.8 5.8336e-15
5710.6 5.8522e-15
5713.4 5.8836e-15
5716.2 5.7097e-15
5719.0 5.6935e-15
5721.7 5.6456e-15
5724.5 5.6824e-15
5727.3 5.6605e-15
5730.1 5.6725e-15
5732.9 5.5707e-15
5735.6 5.5572e-15
5738.4 5.4852e-15
5741.2 5.5817e-15
5744.0 5.5792e-15
5746.8 5.4224e-15
5749.6 5.4405e-15
5752.3 5.3491e-15
5755.1 5.3859e-15
5757.9 5.4224e-15
5760.7 5.3591e-15
5763.5 5.3354e-15
5766.2 5.3108e-15
5769.0 5.3065e-15
5771.8 5.3742e-15
5774.6 5.3483e-15
5777.4 5.2430e-15
5780.2 5.3535e-15
5782.9 5.3631e-15
5785.7 5.3160e-15
5788.5 5.2538e-15
5791.3 5.2114e-15
5794.1 5.2924e-15
5796.8 5.2218e-15
5799.6 5.1322e-15
5802.4 5.2348e-15
5805.2 5.2727e-15
5808.0 5.1468e-15
5810.8 5.2062e-15
5813.5 5.1604e-15
5816.3 5.0624e-15
5819.1 5.1614e-15
5821.9 5.2140e-15
5824.7 5.1446e-15
5827.4 5.1432e-15
5830.2 5.1326e-15
5833.0 5.1538e-15
5835.8 5.1937e-15
5838.6 5.1306e-15
5841.4 5.0775e-15
5844.1 5.0922e-15
5846.9 5.1847e-15
5849.7 5.1364e-15
5852.5 5.1182e-15
5855.3 5.1151e-15
5858.0 5.1208e-15
5860.8 5.1596e-15
5863.6 5.2627e-15
5866.4 5.2575e-15
5869.2 5.1341e-15
5872.0 5.2084e-15
5874.7 5.2486e-15
5877.5 5.2709e-15
5880.3 5.2000e-15
5883.1 5.1464e-15
5885.9 5.2261e-15
5888.6 5.2126e-15
5891.4 5.2417e-15
5894.2 5.3210e-15
5897.0 5.3588e-15
5899.8 5.4442e-15
5902.6 5.4926e-15
5905.3 5.5046e-15
5908.1 5.4959e-15
5910.9 5.4709e-15
5913.7 5.4498e-15
5916.5 5.4280e-15
5919.2 5.5466e-15
5922.0 5.6626e-15
5924.8 5.5918e-15
5927.6 5.5187e-15
5930.4 5.5440e-15
5933.2 5.5557e-15
5935.9 5.4888e-15
5938.7 5.4813e-15
5941.5 5.5065e-15
5944.3 5.4975e-15
5947.1 5.4255e-15
5949.8 5.3288e-15
5952.6 5.4282e-15
5955.4 5.4573e-15
5958.2 5.3760e-15
5961.0 5.4795e-15
5963.8 5.4712e-15
5966.5 5.4088e-15
5969.3 5.3636e-15
5972.1 5.3146e-15
5974.9 5.2729e-15
5977.7 5.2563e-15
5980.4 5.3720e-15
5983.2 5.3659e-15
5986.0 5.3566e-15
5988.8 5.2875e-15
5991.6 5.2862e-15
5994.4 5.3494e-15
5997.1 5.2972e-15
5999.9 5.2269e-15
6002.7 5.2819e-15
6005.5 5.3410e-15
6008.3 5.3347e-15
6011.0 5.1598e-15
6013.8 5.1830e-15
6016.6 5.1436e-15
6019.4 5.1167e-15
6022.2 5.1004e-15
6025.0 5.1048e-15
6027.7 5.1740e-15
6030.5 5.1850e-15
6033.3 5.0791e-15
6036.1 5.1218e-15
6038.9 5.0626e-15
6041.6 5.0532e-15
6044.4 5.0708e-15
6047.2 5.1143e-15
6050.0 5.0361e-15
6052.8 5.0779e-15
6055.6 5.0650e-15
6058.3 5.1036e-15
6061.1 5.0322e-15
6063.9 5.0186e-15
6066.7 4.9838e-15
6069.5 4.9857e-15
6072.2 4.9000e-15
6075.0 4.9508e-15
6077.8 4.9502e-15
6080.6 4.9741e-15
6083.4 4.9720e-15
6086.2 4.9204e-15
6088.9 4.8864e-15
6091.7 4.8389e-15
6094.5 4.8560e-15
6097.3 4.7942e-15
6100.1 4.7844e-15
6102.8 4.7195e-15
6105.6 4.6521e-15
6108.4 4.5642e-15
6111.2 4.5927e-15
6114.0 4.6319e-15
6116.8 4.4227e-15
6119.5 4.3164e-15
6122.3 4.2520e-15
6125.1 4.1827e-15
6127.9 4.0783e-15
6130.7 4.0499e-15
6133.4 3.9655e-15
6136.2 3.7912e-15
6139.0 3.6394e-15
6141.8 3.4993e-15
6144.6 3.3591e-15
6147.4 3.2712e-15
6150.1 3.1677e-15
6152.9 3.0412e-15
6155.7 2.8922e-15
6158.5 2.8585e-15
6161.3 2.7560e-15
6164.0 2.5959e-15
6166.8 2.4360e-15
6169.6 2.4151e-15
6172.4 2.2914e-15
6175.2 2.2345e-15
6178.0 2.1625e-15
6180.7 2.0940e-15
6183.5 2.0673e-15
6186.3 2.0175e-15
6189.1 1.9401e-15
6191.9 1.8332e-15
6194.6 1.7980e-15
6197.4 1.7840e-15
6200.2 1.7509e-15
6203.0 1.7796e-15
6205.8 1.7538e-15
6208.6 1.8236e-15
6211.3 1.8434e-15
6214.1 1.7438e-15
6216.9 1.7877e-15
6219.7 1.8828e-15
6222.5 1.8415e-15
6225.2 1.8039e-15
6228.0 1.8616e-15
6230.8 1.8995e-15
6233.6 1.9510e-15
6236.4 1.9720e-15
6239.2 1.9856e-15
6241.9 2.0241e-15
6244.7 2.1132e-15
6247.5 2.2062e-15
6250.3 2.2167e-15
6253.1 2.3024e-15
6255.9 2.4368e-15
6258.6 2.5897e-15
6261.4 2.5953e-15
6264.2 2.6310e-15
6267.0 2.7644e-15
6269.8 2.7835e-15
6272.5 2.9120e-15
6275.3 3.0485e-15
6278.1 3.0753e-15
6280.9 3.1544e-15
6283.7 3.1639e-15
6286.5 3.3488e-15
6289.2 3.4592e-15
6292.0 3.5317e-15
6294.8 3.5469e-15
6297.6 3.6980e-15
6300.4 3.8531e-15
6303.1 3.8148e-15
6305.9 3.8297e-15
6308.7 4.0043e-15
6311.5 4.0186e-15
6314.3 4.1166e-15
6317.1 4.0603e-15
6319.8 4.2325e-15
6322.6 4.2405e-15
6325.4 4.2882e-15
6328.2 4.4275e-15
6331.0 4.2884e-15
6333.7 4.3566e-15
6336.5 4.3463e-15
6339.3 4.3507e-15
6342.1 4.4789e-15
6344.9 4.4316e-15
6347.7 4.4529e-15
6350.4 4.5041e-15
6353.2 4.5024e-15
6356.0 4.4647e-15
6358.8 4.4613e-15
6361.6 4.4933e-15
6364.3 4.4985e-15
6367.1 4.4970e-15
6369.9 4.4663e-15
6372.7 4.4442e-15
6375.5 4.5076e-15
6378.3 4.4803e-15
6381.0 4.4488e-15
6383.8 4.4931e-15
6386.6 4.4823e-15
6389.4 4.5287e-15
6392.2 4.4584e-15
6394.9 4.3621e-15
6397.7 4.3995e-15
6400.5 4.4572e-15
6403.3 4.3980e-15
6406.1 4.2134e-15
6408.9 4.2155e-15
6411.6 4.3174e-15
6414.4 4.3214e-15
6417.2 4.3090e-15
6420.0 4.2135e-15
6422.8 4.3071e-15
6425.5 4.2775e-15
6428.3 4.2411e-15
6431.1 4.1971e-15
6433.9 4.1305e-15
6436.7 4.1445e-15
6439.5 4.1523e-15
6442.2 4.1313e-15
6445.0 4.0430e-15
6447.8 4.0055e-15
6450.6 4.0760e-15
6453.4 4.1240e-15
6456.1 4.0539e-15
6458.9 4.0189e-15
6461.7 3.9783e-15
6464.5 3.9892e-15
6467.3 4.0419e-15
6470.1 4.0658e-15
6472.8 4.0122e-15
6475.6 4.0454e-15
6478.4 3.9928e-15
6481.2 4.0051e-15
6484.0 4.0385e-15
6486.7 3.9919e-15
6489.5 3.9906e-15
6492.3 3.9291e-15
6495.1 3.9147e-15
6497.9 3.9506e-15
6500.7 3.9998e-15
6503.4 4.0245e-15
6506.2 3.9874e-15
6509.0 4.0596e-15
6511.8 4.0584e-15
6514.6 3.9987e-15
6517.3 3.9646e-15
6520.1 4.0410e-15
6522.9 4.0408e-15
6525.7 4.0214e-15
6528.5 3.9837e-15
6531.3 3.9819e-15
6534.0 4.0041e-15
6536.8 4.0753e-15
6539.6 3.9456e-15
6542.4 4.0199e-15
6545.2 4.0173e-15
6547.9 3.9576e-15
6550.7 4.0249e-15
6553.5 3.9731e-15
6556.3 3.9616e-15
6559.1 4.0057e-15
6561.9 4.1074e-15
6564.6 4.0326e-15
6567.4 3.9860e-15
6570.2 3.9682e-15
6573.0 4.0540e-15
6575.8 4.0887e-15
6578.5 3.9812e-15
6581.3 4.0160e-15
6584.1 3.9814e-15
6586.9 3.9546e-15
6589.7 4.0493e-15
6592.5 4.0419e-15
6595.2 3.9756e-15
6598.0 4.0160e-15
6600.8 4.0368e-15
6603.6 4.0141e-15
6606.4 4.0060e-15
6609.1 3.9333e-15
6611.9 3.8717e-15
6614.7 3.8772e-15
6617.5 3.9182e-15
6620.3 3.8851e-15
6623.1 3.8905e-15
6625.8 3.8815e-15
6628.6 3.8972e-15
6631.4 3.9258e-15
6634.2 3.8888e-15
6637.0 3.9057e-15
6639.7 3.9068e-15
6642.5 3.8588e-15
6645.3 3.8575e-15
6648.1 3.7069e-15
6650.9 3.7849e-15
6653.7 3.7107e-15
6656.4 3.6656e-15
6659.2 3.6966e-15
6662.0 3.6528e-15
6664.8 3.6452e-15
6667.6 3.6831e-15
6670.3 3.6424e-15
6673.1 3.6274e-15
6675.9 3.5797e-15
6678.7 3.5273e-15
6681.5 3.5012e-15
6684.3 3.5087e-15
6687.0 3.4967e-15
6689.8 3.4697e-15
6692.6 3.5562e-15
6695.4 3.5526e-15
6698.2 3.5059e-15
6700.9 3.5251e-15
6703.7 3.4454e-15
6706.5 3.4468e-15
6709.3 3.5296e-15
6712.1 3.5264e-15
6714.9 3.3674e-15
6717.6 3.4070e-15
6720.4 3.2785e-15
6723.2 3.3525e-15
6726.0 3.3712e-15
6728.8 3.3688e-15
6731.5 3.2774e-15
6734.3 3.3594e-15
6737.1 3.2889e-15
6739.9 3.2347e-15
6742.7 3.3598e-15
6745.5 3.3419e-15
6748.2 3.3117e-15
6751.0 3.2968e-15
6753.8 3.2979e-15
6756.6 3.2338e-15
6759.4 3.2186e-15
6762.1 3.2734e-15
6764.9 3.1892e-15
6767.7 3.2636e-15
6770.5 3.3716e-15
6773.3 3.2185e-15
6776.1 3.1543e-15
6778.8 3.2477e-15
6781.6 3.2564e-15
6784.4 3.2017e-15
6787.2 3.1831e-15
6790.0 3.2165e-15
6792.7 3.2618e-15
6795.5 3.2173e-15
6798.3 3.0912e-15
6801.1 3.1017e-15
6803.9 3.1768e-15
6806.7 3.2526e-15
6809.4 3.2160e-15
6812.2 3.1832e-15
6815.0 3.1863e-15
6817.8 3.1517e-15
6820.6 3.0855e-15
6823.3 3.0932e-15
6826.1 3.0498e-15
6828.9 3.0227e-15
6831.7 3.0836e-15
6834.5 3.0533e-15
6837.3 3.0132e-15
6840.0 3.0393e-15
6842.8 3.0791e-15
6845.6 3.1063e-15
6848.4 2.9889e-15
6851.2 2.9638e-15
6853.9 2.9798e-15
6856.7 2.9216e-15
6859.5 2.8870e-15
6862.3 2.9415e-15
6865.1 3.0036e-15
6867.9 2.9216e-15
6870.6 2.8748e-15
6873.4 2.8073e-15
6876.2 2.8646e-15
6879.0 2.8518e-15
6881.8 2.8287e-15
6884.5 2.8352e-15
6887.3 2.8532e-15
6890.1 2.8582e-15
6892.9 2.8354e-15
6895.7 2.8464e-15
6898.5 2.8146e-15
6901.2 2.7950e-15
6904.0 2.8896e-15
6906.8 2.7923e-15
6909.6 2.7496e-15
6912.4 2.8288e-15
6915.1 2.8131e-15
6917.9 2.7882e-15
6920.7 2.6990e-15
6923.5 2.7510e-15
6926.3 2.7612e-15
6929.1 2.6921e-15
6931.8 2.7550e-15
6934.6 2.7439e-15
6937.4 2.6678e-15
6940.2 2.6934e-15
6943.0 2.6722e-15
6945.7 2.6315e-15
6948.5 2.6578e-15
6951.3 2.6955e-15
6954.1 2.7127e-15
6956.9 2.6356e-15
6959.7 2.6303e-15
6962.4 2.6354e-15
6965.2 2.6279e-15
6968.0 2.4892e-15
6970.8 2.5384e-15
6973.6 2.6045e-15
6976.3 2.6065e-15
6979.1 2.5863e-15
6981.9 2.5414e-15
6984.7 2.5138e-15
6987.5 2.5583e-15
6990.3 2.5042e-15
6993.0 2.4808e-15
6995.8 2.4271e-15
6998.6 2.4412e-15
7001.4 2.4565e-15
7004.2 2.4771e-15
7006.9 2.4883e-15
7009.7 2.4851e-15
7012.5 2.4652e-15
7015.3 2.4407e-15
7018.1 2.4286e-15
7020.9 2.4115e-15
7023.6 2.3848e-15
7026.4 2.3744e-15
7029.2 2.3834e-15
7032.0 2.3973e-15
7034.8 2.4052e-15
7037.5 2.4074e-15
7040.3 2.4040e-15
7043.1 2.3846e-15
7045.9 2.3557e-15
7048.7 2.3334e-15
7051.5 2.3140e-15
7054.2 2.3039e-15
7057.0 2.3070e-15
7059.8 2.3010e-15
7062.6 2.2914e-15
7065.4 2.2938e-15
7068.1 2.2892e-15
7070.9 2.2656e-15
7073.7 2.2436e-15
7076.5 2.2472e-15
7079.3 2.2668e-15
7082.1 2.2726e-15
7084.8 2.2553e-15
7087.6 2.2234e-15
7090.4 2.1874e-15
7093.2 2.1498e-15
7096.0 2.1148e-15
7098.7 2.0959e-15
7101.5 2.0935e-15
7104.3 2.1062e-15
7107.1 2.1232e-15
7109.9 2.1310e-15
7112.7 2.1352e-15
7115.4 2.1352e-15
7118.2 2.1239e-15
7121.0 2.1028e-15
7123.8 2.0871e-15
7126.6 2.0814e-15
7129.3 2.0818e-15
7132.1 2.0905e-15
7134.9 2.1017e-15
7137.7 2.1085e-15
7140.5 2.1090e-15
7143.3 2.1080e-15
7146.0 2.1087e-15
7148.8 2.1141e-15
7151.6 2.1273e-15
7154.4 2.1296e-15
7157.2 2.1166e-15
7159.9 2.1245e-15
7162.7 2.1523e-15
7165.5 2.1504e-15
7168.3 2.1187e-15
7171.1 2.0983e-15
7173.9 2.0973e-15
7176.6 2.1069e-15
7179.4 2.1130e-15
7182.2 2.1079e-15
7185.0 2.0979e-15
7187.8 2.0896e-15
7190.5 2.0810e-15
7193.3 2.0668e-15
7196.1 2.0637e-15
7198.9 2.0839e-15
7201.7 2.0974e-15
7204.5 2.0959e-15
7207.2 2.0992e-15
7210.0 2.1006e-15
7212.8 2.1034e-15
7215.6 2.1262e-15
7218.4 2.1449e-15
7221.1 2.1262e-15
7223.9 2.0928e-15
7226.7 2.0773e-15
7229.5 2.0772e-15
7232.3 2.0792e-15
7235.1 2.0671e-15
7237.8 2.0606e-15
7240.6 2.0814e-15
7243.4 2.0961e-15
7246.2 2.0784e-15
7249.0 2.0511e-15
7251.7 2.0337e-15
7254.5 2.0262e-15
7257.3 2.0228e-15
7260.1 2.0242e-15
7262.9 2.0434e-15
7265.7 2.0754e-15
7268.4 2.0806e-15
7271.2 2.0479e-15
7274.0 2.0183e-15
7276.8 2.0190e-15
7279.6 2.0303e-15
7282.3 2.0320e-15
7285.1 2.0307e-15
7287.9 2.0389e-15
7290.7 2.0449e-15
7293.5 2.0246e-15
7296.3 1.9971e-15
7299.0 2.0017e-15
7301.8 2.0249e-15
7304.6 2.0177e-15
7307.4 1.9929e-15
7310.2 1.9859e-15
7312.9 1.9857e-15
7315.7 1.9822e-15
7318.5 1.9811e-15
7321.3 1.9795e-15
7324.1 1.9769e-15
7326.9 1.9666e-15
7329.6 1.9438e-15
7332.4 1.9190e-15
7335.2 1.9031e-15
7338.0 1.8912e-15
7340.8 1.8783e-15
7343.5 1.8766e-15
7346.3 1.8945e-15
7349.1 1.9173e-15
7351.9 1.9246e-15
7354.7 1.9175e-15
7357.5 1.9203e-15
7360.2 1.9322e-15
7363.0 1.9223e-15
7365.8 1.9157e-15
7368.6 1.9347e-15
7371.4 1.9514e-15
7374.1 1.9560e-15
7376.9 1.9504e-15
7379.7 1.9230e-15
7382.5 1.8885e-15
7385.3 1.8741e-15
7388.1 1.8757e-15
7390.8 1.8780e-15
7393.6 1.8748e-15
7396.4 1.8654e-15
7399.2 1.8536e-15
7402.0 1.8598e-15
7404.7 1.8741e-15
7407.5 1.8631e-15
7410.3 1.8331e-15
7413.1 1.7951e-15
7415.9 1.7589e-15
7418.7 1.7415e-15
7421.4 1.7495e-15
7424.2 1.7712e-15
7427.0 1.7798e-15
7429.8 1.7778e-15
7432.6 1.7826e-15
7435.3 1.7857e-15
7438.1 1.7683e-15
7440.9 1.7463e-15
7443.7 1.7356e-15
7446.5 1.7311e-15
7449.3 1.7299e-15
7452.0 1.7229e-15
7454.8 1.7128e-15
7457.6 1.7153e-15
7460.4 1.7302e-15
7463.2 1.7490e-15
7465.9 1.7704e-15
7468.7 1.7882e-15
7471.5 1.7830e-15
7474.3 1.7657e-15
7477.1 1.7677e-15
7479.9 1.7783e-15
7482.6 1.7703e-15
7485.4 1.7467e-15
7488.2 1.7278e-15
7491.0 1.7211e-15
7493.8 1.7315e-15
7496.5 1.7584e-15
7499.3 1.7704e-15
7502.1 1.7530e-15
7504.9 1.7288e-15
7507.7 1.7197e-15
7510.5 1.7216e-15
7513.2 1.7136e-15
7516.0 1.6920e-15
7518.8 1.6727e-15
7521.6 1.6566e-15
7524.4 1.6488e-15
7527.1 1.6630e-15
7529.9 1.6826e-15
7532.7 1.6834e-15
7535.5 1.6680e-15
7538.3 1.6492e-15
7541.1 1.6382e-15
7543.8 1.6416e-15
7546.6 1.6516e-15
7549.4 1.6493e-15
7552.2 1.6378e-15
7555.0 1.6413e-15
7557.7 1.6553e-15
7560.5 1.6574e-15
7563.3 1.6263e-15
7566.1 1.5804e-15
7568.9 1.5520e-15
7571.7 1.5434e-15
7574.4 1.5473e-15
7577.2 1.5503e-15
7580.0 1.5451e-15
7582.8 1.5456e-15
7585.6 1.5613e-15
7588.3 1.5781e-15
7591.1 1.5834e-15
7593.9 1.5859e-15
7596.7 1.6029e-15
7599.5 1.6292e-15
7602.3 1.6342e-15
7605.0 1.6231e-15
7607.8 1.6364e-15
7610.6 1.6602e-15
7613.4 1.6610e-15
7616.2 1.6430e-15
7618.9 1.6163e-15
7621.7 1.5887e-15
7624.5 1.5858e-15
7627.3 1.6105e-15
7630.1 1.6361e-15
7632.9 1.6562e-15
7635.6 1.6653e-15
7638.4 1.6603e-15
7641.2 1.6728e-15
7644.0 1.7047e-15
7646.8 1.7253e-15
7649.5 1.7360e-15
7652.3 1.7275e-15
7655.1 1.6821e-15
7657.9 1.6433e-15
7660.7 1.6572e-15
7663.5 1.7087e-15
7666.2 1.7530e-15
7669.0 1.7750e-15
7671.8 1.7762e-15
7674.6 1.7589e-15
7677.4 1.7397e-15
7680.1 1.7290e-15
7682.9 1.7385e-15
7685.7 1.7733e-15
7688.5 1.8015e-15
7691.3 1.8083e-15
7694.1 1.8200e-15
7696.8 1.8322e-15
7699.6 1.8186e-15
7702.4 1.7963e-15
7705.2 1.7923e-15
7708.0 1.8006e-15
7710.7 1.8171e-15
7713.5 1.8493e-15
7716.3 1.8692e-15
7719.1 1.8583e-15
7721.9 1.8568e-15
7724.7 1.8811e-15
7727.4 1.9019e-15
7730.2 1.9127e-15
7733.0 1.9274e-15
7735.8 1.9380e-15
7738.6 1.9397e-15
7741.3 1.9275e-15
7744.1 1.8966e-15
7746.9 1.8741e-15
7749.7 1.8830e-15
7752.5 1.9171e-15
7755.3 1.9570e-15
7758.0 1.9683e-15
7760.8 1.9423e-15
7763.6 1.9177e-15
7766.4 1.9076e-15
7769.2 1.9059e-15
7771.9 1.9190e-15
7774.7 1.9276e-15
7777.5 1.9391e-15
7780.3 1.9729e-15
7783.1 1.9995e-15
7785.9 2.0015e-15
7788.6 2.0040e-15
7791.4 2.0293e-15
7794.2 2.0571e-15
7797.0 2.0627e-15
7799.8 2.0502e-15
7802.5 2.0490e-15
7805.3 2.0663e-15
7808.1 2.0868e-15
7810.9 2.1189e-15
7813.7 2.1684e-15
7816.5 2.2059e-15
7819.2 2.1999e-15
7822.0 2.1557e-15
7824.8 2.1219e-15
7827.6 2.1361e-15
7830.4 2.1748e-15
7833.1 2.2222e-15
7835.9 2.2894e-15
7838.7 2.3562e-15
7841.5 2.3974e-15
7844.3 2.4105e-15
7847.1 2.4231e-15
7849.8 2.4405e-15
7852.6 2.4538e-15
7855.4 2.4877e-15
7858.2 2.5403e-15
7861.0 2.5571e-15
7863.7 2.5248e-15
7866.5 2.4787e-15
7869.3 2.4547e-15
7872.1 2.4737e-15
7874.9 2.5293e-15
7877.7 2.5844e-15
7880.4 2.6051e-15
7883.2 2.5853e-15
7886.0 2.5519e-15
7888.8 2.5447e-15
7891.6 2.5577e-15
7894.3 2.5715e-15
7897.1 2.5749e-15
7899.9 2.5712e-15
7902.7 2.5820e-15
7905.5 2.6236e-15
7908.3 2.6742e-15
7911.0 2.6879e-15
7913.8 2.6543e-15
7916.6 2.6380e-15
7919.4 2.6649e-15
7922.2 2.6860e-15
7924.9 2.6974e-15
7927.7 2.7281e-15
7930.5 2.7401e-15
7933.3 2.7023e-15
7936.1 2.6729e-15
7938.9 2.6913e-15
7941.6 2.7191e-15
7944.4 2.7328e-15
7947.2 2.7347e-15
7950.0 2.7170e-15
7952.8 2.6994e-15
7955.5 2.7029e-15
7958.3 2.7121e-15
7961.1 2.7161e-15
7963.9 2.7347e-15
7966.7 2.7545e-15
7969.5 2.7628e-15
7972.2 2.7644e-15
7975.0 2.7451e-15
7977.8 2.7178e-15
7980.6 2.6844e-15
7983.4 2.6436e-15
7986.1 2.6355e-15
7988.9 2.6646e-15
7991.7 2.6972e-15
7994.5 2.7236e-15
7997.3 2.7342e-15
8000.1 2.7150e-15
8002.8 2.6868e-15
8005.6 2.6759e-15
8008.4 2.6673e-15
8011.2 2.6446e-15
8014.0 2.6404e-15
8016.7 2.6702e-15
8019.5 2.6963e-15
8022.3 2.7079e-15
8025.1 2.7322e-15
8027.9 2.7391e-15
8030.7 2.6975e-15
8033.4 2.6326e-15
8036.2 2.5773e-15
8039.0 2.5415e-15
8041.8 2.5162e-15
8044.6 2.4915e-15
8047.3 2.4671e-15
8050.1 2.4691e-15
8052.9 2.4893e-15
8055.7 2.4777e-15
8058.5 2.4613e-15
8061.3 2.4867e-15
8064.0 2.5163e-15
8066.8 2.5090e-15
8069.6 2.4831e-15
8072.4 2.4697e-15
8075.2 2.4860e-15
8077.9 2.4967e-15
8080.7 2.4647e-15
8083.5 2.4124e-15
8086.3 2.3859e-15
8089.1 2.4015e-15
8091.9 2.4282e-15
8094.6 2.4249e-15
8097.4 2.3949e-15
8100.2 2.3886e-15
8103.0 2.4260e-15
8105.8 2.4631e-15
8108.5 2.4509e-15
8111.3 2.4105e-15
8114.1 2.4081e-15
8116.9 2.4325e-15
8119.7 2.4200e-15
8122.5 2.3892e-15
8125.2 2.3982e-15
8128.0 2.4421e-15
8130.8 2.4876e-15
8133.6 2.5137e-15
8136.4 2.5267e-15
8139.1 2.5200e-15
8141.9 2.4811e-15
8144.7 2.4409e-15
8147.5 2.4309e-15
8150.3 2.4343e-15
8153.1 2.4336e-15
8155.8 2.4363e-15
8158.6 2.4555e-15
8161.4 2.4815e-15
8164.2 2.4658e-15
8167.0 2.4113e-15
8169.7 2.3832e-15
8172.5 2.3861e-15
8175.3 2.3883e-15
8178.1 2.3804e-15
8180.9 2.3780e-15
8183.7 2.3994e-15
8186.4 2.4079e-15
8189.2 2.3912e-15
8192.0 2.3829e-15
8194.8 2.3874e-15
8197.6 2.3946e-15
8200.3 2.4049e-15
8203.1 2.4334e-15
8205.9 2.4597e-15
8208.7 2.4480e-15
8211.5 2.4206e-15
8214.3 2.4056e-15
8217.0 2.3936e-15
8219.8 2.4089e-15
8222.6 2.4623e-15
8225.4 2.4979e-15
8228.2 2.4990e-15
8230.9 2.4988e-15
8233.7 2.5019e-15
8236.5 2.4815e-15
8239.3 2.4449e-15
8242.1 2.4214e-15
8244.9 2.4092e-15
8247.6 2.4103e-15
8250.4 2.4158e-15
8253.2 2.4314e-15
8256.0 2.4582e-15
8258.8 2.4640e-15
8261.5 2.4222e-15
8264.3 2.3464e-15
8267.1 2.2968e-15
8269.9 2.2992e-15
8272.7 2.3292e-15
8275.5 2.3678e-15
8278.2 2.3884e-15
8281.0 2.3648e-15
8283.8 2.3111e-15
8286.6 2.2635e-15
8289.4 2.2334e-15
8292.1 2.2194e-15
8294.9 2.2218e-15
8297.7 2.2138e-15
8300.5 2.1901e-15
8303.3 2.1513e-15
8306.1 2.1069e-15
8308.8 2.0815e-15
8311.6 2.0618e-15
8314.4 2.0410e-15
8317.2 2.0428e-15
8320.0 2.0688e-15
8322.7 2.0784e-15
8325.5 2.0611e-15
8328.3 2.0597e-15
8331.1 2.1004e-15
8333.9 2.1520e-15
8336.7 2.1770e-15
8339.4 2.1865e-15
8342.2 2.2028e-15
8345.0 2.2125e-15
8347.8 2.2009e-15
8350.6 2.1978e-15
8353.3 2.2277e-15
8356.1 2.2506e-15
8358.9 2.2440e-15
8361.7 2.2401e-15
8364.5 2.2425e-15
8367.3 2.2109e-15
8370.0 2.1561e-15
8372.8 2.1407e-15
8375.6 2.1894e-15
8378.4 2.2501e-15
8381.2 2.2687e-15
8383.9 2.2617e-15
8386.7 2.2683e-15
8389.5 2.2667e-15
8392.3 2.2339e-15
8395.1 2.2161e-15
8397.9 2.2574e-15
8400.6 2.3491e-15
8403.4 2.4359e-15
8406.2 2.4684e-15
8409.0 2.4628e-15
8411.8 2.4447e-15
8414.5 2.4366e-15
8417.3 2.4678e-15
8420.1 2.5107e-15
8422.9 2.5627e-15
8425.7 2.6438e-15
8428.5 2.7130e-15
8431.2 2.7502e-15
8434.0 2.7693e-15
8436.8 2.7954e-15
8439.6 2.8444e-15
8442.4 2.8705e-15
8445.1 2.8399e-15
8447.9 2.7998e-15
8450.7 2.8058e-15
8453.5 2.8542e-15
8456.3 2.9024e-15
8459.1 2.9219e-15
8461.8 2.9390e-15
8464.6 2.9966e-15
8467.4 3.0865e-15
8470.2 3.1662e-15
8473.0 3.1985e-15
8475.7 3.1877e-15
8478.5 3.1769e-15
8481.3 3.1951e-15
8484.1 3.2342e-15
8486.9 3.2803e-15
8489.7 3.3247e-15
8492.4 3.3327e-15
8495.2 3.3094e-15
8498.0 3.3025e-15
8500.8 3.3216e-15
8503.6 3.3919e-15
8506.3 3.4854e-15
8509.1 3.5328e-15
8511.9 3.5470e-15
8514.7 3.5450e-15
8517.5 3.5250e-15
8520.3 3.5168e-15
8523.0 3.5515e-15
8525.8 3.6201e-15
8528.6 3.6833e-15
8531.4 3.7431e-15
8534.2 3.8289e-15
8536.9 3.9407e-15
8539.7 4.0562e-15
8542.5 4.1307e-15
8545.3 4.1454e-15
8548.1 4.1538e-15
8550.9 4.2062e-15
8553.6 4.2559e-15
8556.4 4.2675e-15
8559.2 4.2889e-15
8562.0 4.3522e-15
8564.8 4.4238e-15
8567.5 4.4482e-15
8570.3 4.4508e-15
8573.1 4.4639e-15
8575.9 4.4620e-15
8578.7 4.4459e-15
8581.5 4.4662e-15
8584.2 4.5568e-15
8587.0 4.6845e-15
8589.8 4.7725e-15
8592.6 4.7986e-15
8595.4 4.8207e-15
8598.1 4.8584e-15
8600.9 4.8825e-15
8603.7 4.9005e-15
8606.5 4.9112e-15
8609.3 4.9244e-15
8612.1 4.9758e-15
8614.8 5.0123e-15
8617.6 5.0130e-15
8620.4 5.0337e-15
8623.2 5.0670e-15
8626.0 5.0717e-15
8628.7 5.0678e-15
8631.5 5.0973e-15
8634.3 5.1616e-15
8637.1 5.2376e-15
8639.9 5.3073e-15
8642.7 5.3435e-15
8645.4 5.3426e-15
8648.2 5.3440e-15
8651.0 5.3558e-15
8653.8 5.3723e-15
8656.6 5.3893e-15
8659.3 5.3446e-15
8662.1 5.2445e-15
8664.9 5.2071e-15
8667.7 5.2419e-15
8670.5 5.2750e-15
8673.3 5.3358e-15
8676.0 5.4433e-15
8678.8 5.5387e-15
8681.6 5.5468e-15
8684.4 5.4700e-15
8687.2 5.3933e-15
8689.9 5.3296e-15
8692.7 5.2861e-15
8695.5 5.3220e-15
8698.3 5.4052e-15
8701.1 5.5050e-15
8703.9 5.6061e-15
8706.6 5.6407e-15
8709.4 5.5894e-15
8712.2 5.4987e-15
8715.0 5.4473e-15
8717.8 5.4671e-15
8720.5 5.5043e-15
8723.3 5.5263e-15
8726.1 5.5100e-15
8728.9 5.4912e-15
8731.7 5.5683e-15
8734.5 5.6709e-15
8737.2 5.6945e-15
8740.0 5.7040e-15
8742.8 5.6945e-15
8745.6 5.6325e-15
8748.4 5.6355e-15
8751.1 5.7233e-15
8753.9 5.7708e-15
8756.7 5.7350e-15
8759.5 5.7152e-15
8762.3 5.7748e-15
8765.1 5.8543e-15
8767.8 5.9091e-15
8770.6 5.9263e-15
8773.4 5.9137e-15
8776.2 5.9164e-15
8779.0 5.9787e-15
8781.8 6.0474e-15
8784.5 6.0200e-15
8787.3 5.9729e-15
8790.1 6.0369e-15
8792.9 6.1283e-15
8795.7 6.1214e-15
8798.4 6.0662e-15
8801.2 6.0330e-15
8804.0 6.0143e-15
8806.8 6.0264e-15
8809.6 6.0747e-15
8812.3 6.1468e-15
