3965.9 2.2865e-15
3968.7 2.5297e-15
3971.5 2.3680e-15
3974.3 2.1999e-15
3977.1 2.2772e-15
3979.9 2.3917e-15
3982.6 2.2229e-15
3985.4 2.2425e-15
3988.2 2.3962e-15
3991.0 2.4185e-15
3993.8 2.4852e-15
3996.6 2.4026e-15
3999.3 2.3930e-15
4002.1 2.4825e-15
4004.9 2.3303e-15
4007.7 2.5488e-15
4010.5 2.5439e-15
4013.3 2.4358e-15
4016.0 2.4340e-15
4018.8 2.3350e-15
4021.6 2.5525e-15
4024.4 2.4630e-15
4027.2 2.4496e-15
4029.9 2.7149e-15
4032.7 2.4560e-15
4035.5 2.1557e-15
4038.3 2.3203e-15
4041.1 2.1370e-15
4043.9 2.1406e-15
4046.6 2.0119e-15
4049.4 1.9588e-15
4052.2 1.9398e-15
4055.0 2.0017e-15
4057.8 2.0682e-15
4060.6 1.9176e-15
4063.3 1.7898e-15
4066.1 1.8175e-15
4068.9 1.6686e-15
4071.7 1.5985e-15
4074.5 1.6602e-15
4077.3 1.5659e-15
4080.0 1.4269e-15
4082.8 1.6078e-15
4085.6 1.5127e-15
4088.4 1.4741e-15
4091.2 1.4491e-15
4094.0 1.5260e-15
4096.7 1.5794e-15
4099.5 1.4772e-15
4102.3 1.5157e-15
4105.1 1.4416e-15
4107.9 1.4623e-15
4110.7 1.4894e-15
4113.4 1.3766e-15
4116.2 1.4360e-15
4119.0 1.6310e-15
4121.8 1.5924e-15
4124.6 1.5725e-15
4127.4 1.4857e-15
4130.1 1.4282e-15
4132.9 1.4226e-15
4135.7 1.4567e-15
4138.5 1.3618e-15
4141.3 1.3463e-15
4144.1 1.2229e-15
4146.8 1.2541e-15
4149.6 1.2758e-15
4152.4 1.3130e-15
4155.2 1.3046e-15
4158.0 1.2601e-15
4160.8 1.2316e-15
4163.5 1.2586e-15
4166.3 1.1339e-15
4169.1 1.1628e-15
4171.9 1.2109e-15
4174.7 1.1264e-15
4177.5 1.1060e-15
4180.2 1.1064e-15
4183.0 1.0883e-15
4185.8 1.0892e-15
4188.6 1.1538e-15
4191.4 1.1752e-15
4194.2 1.0530e-15
4196.9 1.0406e-15
4199.7 1.1897e-15
4202.5 1.1236e-15
4205.3 1.1074e-15
4208.1 9.8502e-16
4210.8 1.0849e-15
4213.6 1.2124e-15
4216.4 1.0766e-15
4219.2 1.1082e-15
4222.0 1.0529e-15
4224.8 1.1471e-15
4227.5 1.1849e-15
4230.3 1.2349e-15
4233.1 1.1582e-15
4235.9 1.0736e-15
4238.7 1.1398e-15
4241.5 1.1616e-15
4244.2 1.1172e-15
4247.0 1.1998e-15
4249.8 1.1762e-15
4252.6 1.1279e-15
4255.4 1.1630e-15
4258.2 1.2289e-15
4260.9 1.2058e-15
4263.7 1.1574e-15
4266.5 1.1994e-15
4269.3 1.2481e-15
4272.1 1.1335e-15
4274.9 1.1041e-15
4277.6 1.1708e-15
4280.4 1.2329e-15
4283.2 1.0803e-15
4286.0 1.1449e-15
4288.8 1.2412e-15
4291.6 1.1778e-15
4294.3 1.1456e-15
4297.1 1.1814e-15
4299.9 1.1877e-15
4302.7 1.1525e-15
4305.5 1.1032e-15
4308.3 1.0812e-15
4311.0 1.1240e-15
4313.8 1.1092e-15
4316.6 1.0926e-15
4319.4 1.1246e-15
4322.2 1.1567e-15
4325.0 1.1249e-15
4327.7 1.0397e-15
4330.5 1.0417e-15
4333.3 1.2145e-15
4336.1 1.2398e-15
4338.9 1.1438e-15
4341.7 1.1706e-15
4344.4 1.0867e-15
4347.2 1.0779e-15
4350.0 1.1176e-15
4352.8 1.1503e-15
4355.6 1.1715e-15
4358.4 1.1208e-15
4361.1 1.1855e-15
4363.9 1.1595e-15
4366.7 1.1645e-15
4369.5 1.1372e-15
4372.3 1.0845e-15
4375.1 1.1971e-15
4377.8 1.1329e-15
4380.6 1.1845e-15
4383.4 1.2022e-15
4386.2 1.1444e-15
4389.0 1.1053e-15
4391.8 1.1066e-15
4394.5 1.0166e-15
4397.3 1.0817e-15
4400.1 1.0384e-15
4402.9 1.0057e-15
4405.7 1.0353e-15
4408.4 1.0113e-15
4411.2 9.5183e-16
4414.0 9.3163e-16
4416.8 9.0324e-16
4419.6 7.3522e-16
4422.4 7.5596e-16
4425.1 7.3508e-16
4427.9 7.2276e-16
4430.7 8.1886e-16
4433.5 7.6599e-16
4436.3 8.2957e-16
4439.1 8.2153e-16
4441.8 6.2603e-16
4444.6 6.8553e-16
4447.4 5.7641e-16
4450.2 6.5608e-16
4453.0 6.5499e-16
4455.8 6.4624e-16
4458.5 5.7629e-16
4461.3 5.8563e-16
4464.1 6.7410e-16
4466.9 5.3090e-16
4469.7 4.9947e-16
4472.5 5.4082e-16
4475.2 5.6048e-16
4478.0 5.7788e-16
4480.8 6.1495e-16
4483.6 5.7924e-16
4486.4 5.1833e-16
4489.2 5.1140e-16
4491.9 5.3431e-16
4494.7 5.6758e-16
4497.5 5.1079e-16
4500.3 5.3488e-16
4503.1 5.6609e-16
4505.9 6.1775e-16
4508.6 6.5784e-16
4511.4 5.4393e-16
4514.2 6.3237e-16
4517.0 6.3357e-16
4519.8 5.2832e-16
4522.6 6.2346e-16
4525.3 6.5164e-16
4528.1 6.2310e-16
4530.9 7.1925e-16
4533.7 6.6475e-16
4536.5 6.5068e-16
4539.3 6.6269e-16
4542.0 6.7646e-16
4544.8 7.7328e-16
4547.6 7.8219e-16
4550.4 7.9732e-16
4553.2 7.9370e-16
4556.0 7.6675e-16
4558.7 8.4596e-16
4561.5 8.3621e-16
4564.3 7.9985e-16
4567.1 7.6920e-16
4569.9 8.0116e-16
4572.7 8.7682e-16
4575.4 8.4830e-16
4578.2 8.4852e-16
4581.0 8.9209e-16
4583.8 9.2214e-16
4586.6 9.2235e-16
4589.3 9.5244e-16
4592.1 1.0491e-15
4594.9 1.0383e-15
4597.7 1.0445e-15
4600.5 1.0397e-15
4603.3 1.0752e-15
4606.0 1.1794e-15
4608.8 1.2279e-15
4611.6 1.2155e-15
4614.4 1.1981e-15
4617.2 1.2885e-15
4620.0 1.3911e-15
4622.7 1.4088e-15
4625.5 1.4136e-15
4628.3 1.4094e-15
4631.1 1.5413e-15
4633.9 1.5198e-15
4636.7 1.5353e-15
4639.4 1.5051e-15
4642.2 1.5182e-15
4645.0 1.5200e-15
4647.8 1.5340e-15
4650.6 1.5355e-15
4653.4 1.5538e-15
4656.1 1.5244e-15
4658.9 1.5112e-15
4661.7 1.5301e-15
4664.5 1.5374e-15
4667.3 1.5374e-15
4670.1 1.5495e-15
4672.8 1.5301e-15
4675.6 1.5311e-15
4678.4 1.5435e-15
4681.2 1.5221e-15
4684.0 1.4919e-15
4686.8 1.5833e-15
4689.5 1.5476e-15
4692.3 1.4555e-15
4695.1 1.5055e-15
4697.9 1.4886e-15
4700.7 1.4762e-15
4703.5 1.4203e-15
4706.2 1.4985e-15
4709.0 1.5283e-15
4711.8 1.5004e-15
4714.6 1.4812e-15
4717.4 1.4285e-15
4720.2 1.4071e-15
4722.9 1.4123e-15
4725.7 1.3612e-15
4728.5 1.2674e-15
4731.3 1.1788e-15
4734.1 1.1319e-15
4736.9 1.0857e-15
4739.6 1.0457e-15
4742.4 1.0240e-15
4745.2 1.0314e-15
4748.0 1.0144e-15
4750.8 9.9475e-16
4753.6 9.5242e-16
4756.3 8.5549e-16
4759.1 7.7504e-16
4761.9 8.2396e-16
4764.7 8.3842e-16
4767.5 7.4738e-16
4770.3 6.8146e-16
4773.0 7.0102e-16
4775.8 7.2422e-16
4778.6 7.2671e-16
4781.4 6.9347e-16
4784.2 6.7543e-16
4786.9 6.7604e-16
4789.7 6.6499e-16
4792.5 6.8459e-16
4795.3 6.4258e-16
4798.1 6.4231e-16
4800.9 6.7570e-16
4803.6 6.3018e-16
4806.4 5.8271e-16
4809.2 5.6076e-16
4812.0 5.6844e-16
4814.8 5.6325e-16
4817.6 6.1003e-16
4820.3 5.8900e-16
4823.1 5.4567e-16
4825.9 6.1208e-16
4828.7 5.8663e-16
4831.5 5.8025e-16
4834.3 6.5050e-16
4837.0 6.5582e-16
4839.8 6.3781e-16
4842.6 6.3847e-16
4845.4 6.7557e-16
4848.2 6.4536e-16
4851.0 6.1467e-16
4853.7 6.3199e-16
4856.5 6.8985e-16
4859.3 6.6574e-16
4862.1 7.0694e-16
4864.9 7.6903e-16
4867.7 7.6556e-16
4870.4 8.0586e-16
4873.2 8.3917e-16
4876.0 8.5190e-16
4878.8 9.0395e-16
4881.6 8.9623e-16
4884.4 8.2464e-16
4887.1 8.3987e-16
4889.9 8.5759e-16
4892.7 8.5401e-16
4895.5 8.2924e-16
4898.3 7.8163e-16
4901.1 7.7259e-16
4903.8 8.0961e-16
4906.6 7.7104e-16
4909.4 7.6565e-16
4912.2 7.4269e-16
4915.0 7.6675e-16
4917.8 7.5404e-16
4920.5 7.5479e-16
4923.3 7.4887e-16
4926.1 7.1929e-16
4928.9 6.9788e-16
4931.7 7.4689e-16
4934.5 7.6066e-16
4937.2 7.5092e-16
4940.0 7.4403e-16
4942.8 7.6483e-16
4945.6 7.5831e-16
4948.4 7.8963e-16
4951.2 7.9994e-16
4953.9 7.8900e-16
4956.7 8.4476e-16
4959.5 9.0961e-16
4962.3 8.7376e-16
4965.1 9.3042e-16
4967.8 9.8495e-16
4970.6 9.8333e-16
4973.4 1.0697e-15
4976.2 1.0939e-15
4979.0 1.1412e-15
4981.8 1.1846e-15
4984.5 1.2591e-15
4987.3 1.2656e-15
4990.1 1.2379e-15
4992.9 1.3155e-15
4995.7 1.2469e-15
4998.5 1.2908e-15
5001.2 1.2886e-15
5004.0 1.3074e-15
5006.8 1.3045e-15
5009.6 1.2911e-15
5012.4 1.3133e-15
5015.2 1.2917e-15
5017.9 1.3008e-15
5020.7 1.2940e-15
5023.5 1.1968e-15
5026.3 1.1792e-15
5029.1 1.1685e-15
5031.9 1.1405e-15
5034.6 1.1149e-15
5037.4 1.0756e-15
5040.2 1.0179e-15
5043.0 9.7208e-16
5045.8 9.7417e-16
5048.6 9.5358e-16
5051.3 8.4211e-16
5054.1 8.2347e-16
5056.9 7.9223e-16
5059.7 7.7025e-16
5062.5 8.0200e-16
5065.3 7.6376e-16
5068.0 7.4683e-16
5070.8 7.2811e-16
5073.6 6.9638e-16
5076.4 7.1010e-16
5079.2 6.6606e-16
5082.0 6.6176e-16
5084.7 6.6587e-16
5087.5 6.5919e-16
5090.3 6.3891e-16
5093.1 6.4778e-16
5095.9 6.5178e-16
5098.7 6.3862e-16
5101.4 6.7865e-16
5104.2 6.6323e-16
5107.0 6.9843e-16
5109.8 6.4585e-16
5112.6 6.3945e-16
5115.4 6.5939e-16
5118.1 6.5198e-16
5120.9 6.5690e-16
5123.7 6.2547e-16
5126.5 6.4382e-16
5129.3 6.4647e-16
5132.1 6.3118e-16
5134.8 6.5876e-16
5137.6 6.6105e-16
5140.4 6.5513e-16
5143.2 6.6875e-16
5146.0 6.0295e-16
5148.8 5.9872e-16
5151.5 6.2735e-16
5154.3 6.3089e-16
5157.1 6.4841e-16
5159.9 6.5878e-16
5162.7 6.0467e-16
5165.4 5.9101e-16
5168.2 6.0070e-16
5171.0 5.7637e-16
5173.8 6.0221e-16
5176.6 6.1131e-16
5179.4 6.3532e-16
5182.1 6.3769e-16
5184.9 5.8624e-16
5187.7 6.1660e-16
5190.5 6.2021e-16
5193.3 6.1188e-16
5196.1 6.0907e-16
5198.8 5.8703e-16
5201.6 5.8983e-16
5204.4 6.1563e-16
5207.2 6.2861e-16
5210.0 5.9111e-16
5212.8 5.9300e-16
5215.5 5.6584e-16
5218.3 5.7854e-16
5221.1 5.8525e-16
5223.9 5.9996e-16
5226.7 6.0973e-16
5229.5 6.0948e-16
5232.2 6.4871e-16
5235.0 6.4141e-16
5237.8 6.8721e-16
5240.6 7.1111e-16
5243.4 6.6260e-16
5246.2 6.9758e-16
5248.9 7.0202e-16
5251.7 6.9551e-16
5254.5 7.1758e-16
5257.3 7.4963e-16
5260.1 7.2277e-16
5262.9 7.5259e-16
5265.6 7.7617e-16
5268.4 7.5884e-16
5271.2 8.0944e-16
5274.0 8.1747e-16
5276.8 8.4156e-16
5279.6 8.2737e-16
5282.3 9.0931e-16
5285.1 9.1219e-16
5287.9 8.9561e-16
5290.7 9.1273e-16
5293.5 9.6000e-16
5296.3 9.0862e-16
5299.0 9.3269e-16
5301.8 9.3980e-16
5304.6 9.6573e-16
5307.4 9.9083e-16
5310.2 9.8033e-16
5313.0 9.8592e-16
5315.7 9.7121e-16
5318.5 1.0418e-15
5321.3 1.0571e-15
5324.1 1.0200e-15
5326.9 1.0315e-15
5329.7 1.0440e-15
5332.4 1.0621e-15
5335.2 1.0900e-15
5338.0 1.1117e-15
5340.8 1.0668e-15
5343.6 1.0741e-15
5346.3 1.1092e-15
5349.1 1.1283e-15
5351.9 1.1451e-15
5354.7 1.1841e-15
5357.5 1.1929e-15
5360.3 1.1818e-15
5363.0 1.2323e-15
5365.8 1.2151e-15
5368.6 1.2325e-15
5371.4 1.2484e-15
5374.2 1.2649e-15
5377.0 1.2538e-15
5379.7 1.2941e-15
5382.5 1.2332e-15
5385.3 1.2214e-15
5388.1 1.2370e-15
5390.9 1.2340e-15
5393.7 1.2239e-15
5396.4 1.2115e-15
5399.2 1.2337e-15
5402.0 1.2234e-15
5404.8 1.2183e-15
5407.6 1.2400e-15
5410.4 1.2538e-15
5413.1 1.2002e-15
5415.9 1.1876e-15
5418.7 1.2225e-15
5421.5 1.1655e-15
5424.3 1.1601e-15
5427.1 1.2100e-15
5429.8 1.1911e-15
5432.6 1.1505e-15
5435.4 1.2104e-15
5438.2 1.2160e-15
5441.0 1.2072e-15
5443.8 1.2218e-15
5446.5 1.2415e-15
5449.3 1.2487e-15
5452.1 1.2847e-15
5454.9 1.2559e-15
5457.7 1.3076e-15
5460.5 1.2953e-15
5463.2 1.2782e-15
5466.0 1.2898e-15
5468.8 1.2935e-15
5471.6 1.3481e-15
5474.4 1.3205e-15
5477.2 1.3382e-15
5479.9 1.3639e-15
5482.7 1.3952e-15
5485.5 1.4656e-15
5488.3 1.4922e-15
5491.1 1.5013e-15
5493.9 1.4995e-15
5496.6 1.5293e-15
5499.4 1.5307e-15
5502.2 1.5683e-15
5505.0 1.6433e-15
5507.8 1.6758e-15
5510.6 1.6991e-15
5513.3 1.7597e-15
5516.1 1.7327e-15
5518.9 1.7782e-15
5521.7 1.7985e-15
5524.5 1.8319e-15
5527.3 1.8791e-15
5530.0 1.8417e-15
5532.8 1.8780e-15
5535.6 1.9045e-15
5538.4 1.9260e-15
5541.2 1.9854e-15
5543.9 2.0044e-15
5546.7 1.9977e-15
5549.5 2.0471e-15
5552.3 2.0191e-15
5555.1 2.0315e-15
5557.9 2.0627e-15
5560.6 2.0928e-15
5563.4 2.0845e-15
5566.2 2.1105e-15
5569.0 2.1077e-15
5571.8 2.1137e-15
5574.6 2.1050e-15
5577.3 2.0818e-15
5580.1 2.0769e-15
5582.9 2.1042e-15
5585.7 2.0180e-15
5588.5 1.9497e-15
5591.3 1.9756e-15
5594.0 2.0004e-15
5596.8 1.9937e-15
5599.6 1.9720e-15
5602.4 2.0047e-15
5605.2 1.9827e-15
5608.0 1.9596e-15
5610.7 2.0070e-15
5613.5 1.9740e-15
5616.3 1.9475e-15
5619.1 1.8879e-15
5621.9 1.8851e-15
5624.7 1.8903e-15
5627.4 1.8865e-15
5630.2 1.9185e-15
5633.0 1.8911e-15
5635.8 1.8826e-15
5638.6 1.8682e-15
5641.4 1.9088e-15
5644.1 1.8684e-15
5646.9 1.8094e-15
5649.7 1.8012e-15
5652.5 1.7919e-15
5655.3 1.7759e-15
5658.1 1.7783e-15
5660.8 1.7347e-15
5663.6 1.7126e-15
5666.4 1.6864e-15
5669.2 1.6940e-15
5672.0 1.6797e-15
5674.8 1.6451e-15
5677.5 1.5771e-15
5680.3 1.5994e-15
5683.1 1.5570e-15
5685.9 1.4836e-15
5688.7 1.5583e-15
5691.5 1.5331e-15
5694.2 1.4984e-15
5697.0 1.5062e-15
5699.8 1.4537e-15
5702.6 1.4329e-15
5705.4 1.3780e-15
5708.2 1.3783e-15
5710.9 1.4065e-15
5713.7 1.3328e-15
5716.5 1.2693e-15
5719.3 1.2828e-15
5722.1 1.3042e-15
5724.8 1.2270e-15
5727.6 1.1932e-15
5730.4 1.2179e-15
5733.2 1.1748e-15
5736.0 1.1353e-15
5738.8 1.1264e-15
5741.5 1.1056e-15
5744.3 1.0604e-15
5747.1 1.0482e-15
5749.9 1.0460e-15
5752.7 1.0475e-15
5755.5 1.0394e-15
5758.2 1.0099e-15
5761.0 9.9115e-16
5763.8 1.0008e-15
5766.6 1.0202e-15
5769.4 9.9359e-16
5772.2 9.9892e-16
5774.9 1.0192e-15
5777.7 1.0069e-15
5780.5 1.0100e-15
5783.3 1.0132e-15
5786.1 1.0234e-15
5788.9 1.0325e-15
5791.6 1.0432e-15
5794.4 1.0494e-15
5797.2 1.0863e-15
5800.0 1.1299e-15
5802.8 1.1611e-15
5805.6 1.1534e-15
5808.3 1.2339e-15
5811.1 1.3312e-15
5813.9 1.3599e-15
5816.7 1.4253e-15
5819.5 1.4504e-15
5822.3 1.4572e-15
5825.0 1.4966e-15
5827.8 1.5582e-15
5830.6 1.5515e-15
5833.4 1.6319e-15
5836.2 1.6517e-15
5839.0 1.6975e-15
5841.7 1.7169e-15
5844.5 1.7689e-15
5847.3 1.8538e-15
5850.1 1.8102e-15
5852.9 1.8295e-15
5855.7 1.9404e-15
5858.4 1.8925e-15
5861.2 1.9752e-15
5864.0 2.0469e-15
5866.8 1.9790e-15
5869.6 2.0590e-15
5872.4 2.0454e-15
5875.1 2.0027e-15
5877.9 2.0461e-15
5880.7 2.0139e-15
5883.5 1.9591e-15
5886.3 1.9503e-15
5889.1 1.9888e-15
5891.8 1.9671e-15
5894.6 2.0016e-15
5897.4 2.0029e-15
5900.2 1.9984e-15
5903.0 2.0291e-15
5905.8 2.0105e-15
5908.5 2.0150e-15
5911.3 1.9595e-15
5914.1 1.9183e-15
5916.9 1.9575e-15
5919.7 1.9084e-15
5922.4 1.8582e-15
5925.2 1.8357e-15
5928.0 1.8637e-15
5930.8 1.8695e-15
5933.6 1.8467e-15
5936.4 1.8797e-15
5939.1 1.8846e-15
5941.9 1.8743e-15
5944.7 1.8769e-15
5947.5 1.8505e-15
5950.3 1.8423e-15
5953.1 1.8162e-15
5955.8 1.7527e-15
5958.6 1.8164e-15
5961.4 1.8339e-15
5964.2 1.7834e-15
5967.0 1.7784e-15
5969.8 1.8022e-15
5972.5 1.8429e-15
5975.3 1.8407e-15
5978.1 1.8343e-15
5980.9 1.8362e-15
5983.7 1.8378e-15
5986.5 1.7878e-15
5989.2 1.7971e-15
5992.0 1.8510e-15
5994.8 1.8351e-15
5997.6 1.7829e-15
6000.4 1.7880e-15
6003.2 1.8176e-15
6005.9 1.8001e-15
6008.7 1.7687e-15
6011.5 1.6979e-15
6014.3 1.7232e-15
6017.1 1.7152e-15
6019.9 1.6911e-15
6022.6 1.6931e-15
6025.4 1.6248e-15
6028.2 1.6064e-15
6031.0 1.5919e-15
6033.8 1.5684e-15
6036.6 1.5459e-15
6039.3 1.5222e-15
6042.1 1.5200e-15
6044.9 1.4835e-15
6047.7 1.4249e-15
6050.5 1.4444e-15
6053.3 1.4157e-15
6056.0 1.3857e-15
6058.8 1.4026e-15
6061.6 1.3842e-15
6064.4 1.3856e-15
6067.2 1.3844e-15
6070.0 1.3885e-15
6072.7 1.3436e-15
6075.5 1.3380e-15
6078.3 1.3569e-15
6081.1 1.3996e-15
6083.9 1.4450e-15
6086.7 1.3940e-15
6089.4 1.3860e-15
6092.2 1.4580e-15
6095.0 1.4823e-15
6097.8 1.4795e-15
6100.6 1.4102e-15
6103.4 1.5358e-15
6106.1 1.5181e-15
6108.9 1.4999e-15
6111.7 1.5726e-15
6114.5 1.5830e-15
6117.3 1.6085e-15
6120.0 1.6095e-15
6122.8 1.5468e-15
6125.6 1.6270e-15
6128.4 1.6370e-15
6131.2 1.6082e-15
6134.0 1.5958e-15
6136.7 1.6380e-15
6139.5 1.5793e-15
6142.3 1.5198e-15
6145.1 1.5039e-15
6147.9 1.5324e-15
6150.7 1.4943e-15
6153.4 1.5194e-15
6156.2 1.5349e-15
6159.0 1.5268e-15
6161.8 1.5411e-15
6164.6 1.5259e-15
6167.4 1.6448e-15
6170.1 1.6172e-15
6172.9 1.5843e-15
6175.7 1.5399e-15
6178.5 1.6722e-15
6181.3 1.6474e-15
6184.1 1.6780e-15
6186.8 1.6565e-15
6189.6 1.6422e-15
6192.4 1.7352e-15
6195.2 1.7634e-15
6198.0 1.7178e-15
6200.8 1.7479e-15
6203.5 1.7558e-15
6206.3 1.7362e-15
6209.1 1.7527e-15
6211.9 1.7529e-15
6214.7 1.7176e-15
6217.5 1.5843e-15
6220.2 1.5787e-15
6223.0 1.6234e-15
6225.8 1.5812e-15
6228.6 1.5409e-15
6231.4 1.6191e-15
6234.2 1.6030e-15
6236.9 1.5427e-15
6239.7 1.6146e-15
6242.5 1.6029e-15
6245.3 1.6165e-15
6248.1 1.6955e-15
6250.9 1.6589e-15
6253.6 1.6024e-15
6256.4 1.6231e-15
6259.2 1.6294e-15
6262.0 1.6760e-15
6264.8 1.7615e-15
6267.6 1.7467e-15
6270.3 1.8155e-15
6273.1 1.9378e-15
6275.9 1.9902e-15
6278.7 2.0370e-15
6281.5 2.1100e-15
6284.3 2.1632e-15
6287.0 2.1462e-15
6289.8 2.0977e-15
6292.6 2.1394e-15
6295.4 2.2121e-15
6298.2 2.3611e-15
6300.9 2.3175e-15
6303.7 2.2119e-15
6306.5 2.1955e-15
6309.3 2.1476e-15
6312.1 2.2049e-15
6314.9 2.2125e-15
6317.6 2.2383e-15
6320.4 2.1638e-15
6323.2 2.1356e-15
6326.0 2.2139e-15
6328.8 2.2187e-15
6331.6 2.1889e-15
6334.3 2.1185e-15
6337.1 2.0106e-15
6339.9 2.0134e-15
6342.7 2.0124e-15
6345.5 2.0309e-15
6348.3 1.9460e-15
6351.0 2.0315e-15
6353.8 2.0420e-15
6356.6 2.0636e-15
6359.4 2.1172e-15
6362.2 2.0342e-15
6365.0 2.0121e-15
6367.7 2.0663e-15
6370.5 2.0415e-15
6373.3 2.0920e-15
6376.1 2.1529e-15
6378.9 2.1654e-15
6381.7 2.1509e-15
6384.4 2.2056e-15
6387.2 2.1866e-15
6390.0 2.2318e-15
6392.8 2.3451e-15
6395.6 2.3207e-15
6398.4 2.3161e-15
6401.1 2.3906e-15
6403.9 2.3542e-15
6406.7 2.4292e-15
6409.5 2.5058e-15
6412.3 2.5055e-15
6415.1 2.5659e-15
6417.8 2.6524e-15
6420.6 2.7087e-15
6423.4 2.6633e-15
6426.2 2.7203e-15
6429.0 2.7932e-15
6431.8 2.8175e-15
6434.5 2.8932e-15
6437.3 2.8766e-15
6440.1 2.9330e-15
6442.9 2.9685e-15
6445.7 2.9686e-15
6448.5 3.1369e-15
6451.2 3.1573e-15
6454.0 3.2091e-15
6456.8 3.3538e-15
6459.6 3.3416e-15
6462.4 3.2590e-15
6465.2 3.4199e-15
6467.9 3.5037e-15
6470.7 3.5307e-15
6473.5 3.6074e-15
6476.3 3.6907e-15
6479.1 3.7059e-15
6481.9 3.8476e-15
6484.6 3.9604e-15
6487.4 3.9529e-15
6490.2 3.9844e-15
6493.0 4.1189e-15
6495.8 4.2441e-15
6498.5 4.3107e-15
6501.3 4.2802e-15
6504.1 4.3349e-15
6506.9 4.4126e-15
6509.7 4.6099e-15
6512.5 4.7413e-15
6515.2 4.6484e-15
6518.0 4.7681e-15
6520.8 4.9419e-15
6523.6 4.8641e-15
6526.4 4.9401e-15
6529.2 5.1369e-15
6531.9 5.0338e-15
6534.7 4.9857e-15
6537.5 5.1937e-15
6540.3 5.2084e-15
6543.1 5.2309e-15
6545.9 5.3155e-15
6548.6 5.2233e-15
6551.4 5.2964e-15
6554.2 5.3836e-15
6557.0 5.2020e-15
6559.8 5.2283e-15
6562.6 5.4919e-15
6565.3 5.4652e-15
6568.1 5.4179e-15
6570.9 5.3689e-15
6573.7 5.5403e-15
6576.5 5.4916e-15
6579.3 5.4270e-15
6582.0 5.5015e-15
6584.8 5.6189e-15
6587.6 5.6476e-15
6590.4 5.6138e-15
6593.2 5.5583e-15
6596.0 5.5438e-15
6598.7 5.6123e-15
6601.5 5.5404e-15
6604.3 5.5919e-15
6607.1 5.8104e-15
6609.9 5.9414e-15
6612.7 5.8330e-15
6615.4 5.6886e-15
6618.2 5.6703e-15
6621.0 5.5342e-15
6623.8 5.6619e-15
6626.6 5.8688e-15
6629.4 5.8464e-15
6632.1 5.7397e-15
6634.9 5.8610e-15
6637.7 5.9490e-15
6640.5 5.9361e-15
6643.3 5.7950e-15
6646.1 5.5246e-15
6648.8 5.4447e-15
6651.6 5.5456e-15
6654.4 5.5548e-15
6657.2 5.5118e-15
6660.0 5.4354e-15
6662.8 5.3646e-15
6665.5 5.4245e-15
6668.3 5.4477e-15
6671.1 5.3462e-15
6673.9 5.2614e-15
6676.7 5.3246e-15
6679.4 5.2685e-15
6682.2 5.1391e-15
6685.0 5.1384e-15
6687.8 5.1205e-15
6690.6 5.0905e-15
6693.4 4.9967e-15
6696.1 5.1438e-15
6698.9 4.8908e-15
6701.7 4.6969e-15
6704.5 4.6997e-15
6707.3 4.5334e-15
6710.1 4.6890e-15
6712.8 4.8624e-15
6715.6 4.5188e-15
6718.4 4.4010e-15
6721.2 4.3676e-15
6724.0 4.2163e-15
6726.8 4.2933e-15
6729.5 4.2071e-15
6732.3 3.9086e-15
6735.1 3.8084e-15
6737.9 3.8796e-15
6740.7 3.9979e-15
6743.5 3.8981e-15
6746.2 3.7215e-15
6749.0 3.8078e-15
6751.8 3.7660e-15
6754.6 3.4062e-15
6757.4 3.6258e-15
6760.2 3.8815e-15
6762.9 3.6753e-15
6765.7 3.7195e-15
6768.5 3.5581e-15
6771.3 3.6041e-15
6774.1 3.7814e-15
6776.9 3.7750e-15
6779.6 3.7418e-15
6782.4 3.7220e-15
6785.2 3.6989e-15
6788.0 3.8100e-15
6790.8 3.7734e-15
6793.6 3.7289e-15
6796.3 3.9029e-15
6799.1 3.8688e-15
6801.9 3.9173e-15
6804.7 4.1303e-15
6807.5 3.9023e-15
6810.3 4.1769e-15
6813.0 4.1441e-15
6815.8 3.9819e-15
6818.6 3.9992e-15
6821.4 4.1272e-15
6824.2 4.1160e-15
6827.0 4.1889e-15
6829.7 4.3012e-15
6832.5 4.1460e-15
6835.3 4.0570e-15
6838.1 4.0813e-15
6840.9 4.0958e-15
6843.7 4.1684e-15
6846.4 4.0958e-15
6849.2 4.0242e-15
6852.0 4.1262e-15
6854.8 4.2736e-15
6857.6 4.4251e-15
6860.4 4.4311e-15
6863.1 4.3730e-15
6865.9 4.4689e-15
6868.7 4.6713e-15
6871.5 4.5170e-15
6874.3 4.6835e-15
6877.0 4.9990e-15
6879.8 4.9642e-15
6882.6 4.3402e-15
6885.4 4.2457e-15
6888.2 4.4182e-15
6891.0 4.2560e-15
6893.7 4.4273e-15
6896.5 4.4959e-15
6899.3 4.5089e-15
6902.1 4.5937e-15
6904.9 4.6317e-15
6907.7 4.4279e-15
6910.4 4.4863e-15
6913.2 4.6192e-15
6916.0 4.7123e-15
6918.8 4.6081e-15
6921.6 4.5001e-15
6924.4 4.7125e-15
6927.1 4.7136e-15
6929.9 4.5784e-15
6932.7 4.6470e-15
6935.5 4.6369e-15
6938.3 4.6351e-15
6941.1 4.6628e-15
6943.8 4.6289e-15
6946.6 4.6280e-15
6949.4 4.6309e-15
6952.2 4.7000e-15
6955.0 4.5902e-15
6957.8 4.6282e-15
6960.5 4.6142e-15
6963.3 4.8731e-15
6966.1 5.0061e-15
6968.9 4.8226e-15
6971.7 5.0193e-15
6974.5 5.0966e-15
6977.2 4.8771e-15
6980.0 4.9103e-15
6982.8 5.1553e-15
6985.6 5.1930e-15
6988.4 5.1633e-15
6991.2 5.3395e-15
6993.9 5.3756e-15
6996.7 5.4962e-15
6999.5 5.5290e-15
7002.3 5.6309e-15
7005.1 5.7579e-15
7007.9 5.8805e-15
7010.6 5.9166e-15
7013.4 5.8714e-15
7016.2 5.8848e-15
7019.0 5.9859e-15
7021.8 6.0950e-15
7024.6 6.1470e-15
7027.3 6.1235e-15
7030.1 6.1304e-15
7032.9 6.2429e-15
7035.7 6.3369e-15
7038.5 6.3410e-15
7041.3 6.3409e-15
7044.0 6.3915e-15
7046.8 6.4644e-15
7049.6 6.5192e-15
7052.4 6.5117e-15
7055.2 6.4607e-15
7057.9 6.4125e-15
7060.7 6.4057e-15
7063.5 6.4285e-15
7066.3 6.5090e-15
7069.1 6.7212e-15
7071.9 6.9368e-15
7074.6 6.9722e-15
7077.4 6.8893e-15
7080.2 6.8960e-15
7083.0 6.9718e-15
7085.8 6.9147e-15
7088.6 6.7361e-15
7091.3 6.5858e-15
7094.1 6.4961e-15
7096.9 6.4583e-15
7099.7 6.4681e-15
7102.5 6.5224e-15
7105.3 6.5884e-15
7108.0 6.6073e-15
7110.8 6.6061e-15
7113.6 6.6762e-15
7116.4 6.8487e-15
7119.2 6.9865e-15
7122.0 6.9921e-15
7124.7 6.9244e-15
7127.5 6.8832e-15
7130.3 6.9090e-15
7133.1 6.9630e-15
7135.9 7.0286e-15
7138.7 7.0654e-15
7141.4 7.0428e-15
7144.2 7.0863e-15
7147.0 7.2492e-15
7149.8 7.4142e-15
7152.6 7.5233e-15
7155.4 7.5841e-15
7158.1 7.6744e-15
7160.9 7.8608e-15
7163.7 8.0682e-15
7166.5 8.3048e-15
7169.3 8.6303e-15
7172.1 8.9568e-15
7174.8 9.1524e-15
7177.6 9.2361e-15
7180.4 9.3265e-15
7183.2 9.4230e-15
7186.0 9.4546e-15
7188.8 9.4785e-15
7191.5 9.5610e-15
7194.3 9.6042e-15
7197.1 9.5863e-15
7199.9 9.6133e-15
7202.7 9.7643e-15
7205.5 9.8949e-15
7208.2 9.8652e-15
7211.0 9.7241e-15
7213.8 9.6533e-15
7216.6 9.7143e-15
7219.4 9.7887e-15
7222.2 9.8092e-15
7224.9 9.8524e-15
7227.7 1.0024e-14
7230.5 1.0325e-14
7233.3 1.0710e-14
7236.1 1.1222e-14
7238.9 1.1715e-14
7241.6 1.1935e-14
7244.4 1.1983e-14
7247.2 1.2112e-14
7250.0 1.2377e-14
7252.8 1.2717e-14
7255.5 1.2965e-14
7258.3 1.3071e-14
7261.1 1.3194e-14
7263.9 1.3413e-14
7266.7 1.3777e-14
7269.5 1.4277e-14
7272.2 1.4773e-14
7275.0 1.5118e-14
7277.8 1.5255e-14
7280.6 1.5283e-14
7283.4 1.5185e-14
7286.2 1.4898e-14
7288.9 1.4766e-14
7291.7 1.4885e-14
7294.5 1.5048e-14
7297.3 1.5174e-14
7300.1 1.5372e-14
7302.9 1.5654e-14
7305.6 1.5879e-14
7308.4 1.6026e-14
7311.2 1.6140e-14
7314.0 1.6233e-14
7316.8 1.6208e-14
7319.6 1.6195e-14
7322.3 1.6481e-14
7325.1 1.6887e-14
7327.9 1.7112e-14
7330.7 1.7154e-14
7333.5 1.7216e-14
7336.3 1.7322e-14
7339.0 1.7247e-14
7341.8 1.7081e-14
7344.6 1.7224e-14
7347.4 1.7499e-14
7350.2 1.7472e-14
7353.0 1.7234e-14
7355.7 1.7054e-14
7358.5 1.7090e-14
7361.3 1.7258e-14
7364.1 1.7433e-14
7366.9 1.7581e-14
7369.7 1.7610e-14
7372.4 1.7647e-14
7375.2 1.8004e-14
7378.0 1.8672e-14
7380.8 1.9119e-14
7383.6 1.9107e-14
7386.4 1.9000e-14
7389.1 1.9051e-14
7391.9 1.9136e-14
7394.7 1.8952e-14
7397.5 1.8647e-14
7400.3 1.8655e-14
7403.1 1.8887e-14
7405.8 1.9255e-14
7408.6 1.9793e-14
7411.4 2.0098e-14
7414.2 2.0016e-14
7417.0 1.9703e-14
7419.8 1.9524e-14
7422.5 1.9753e-14
7425.3 2.0174e-14
7428.1 2.0407e-14
7430.9 2.0421e-14
7433.7 2.0566e-14
7436.4 2.1102e-14
7439.2 2.1634e-14
7442.0 2.1707e-14
7444.8 2.1783e-14
7447.6 2.2228e-14
7450.4 2.2686e-14
7453.1 2.2945e-14
7455.9 2.3163e-14
7458.7 2.3582e-14
7461.5 2.4123e-14
7464.3 2.4365e-14
7467.1 2.4401e-14
7469.8 2.4920e-14
7472.6 2.6137e-14
7475.4 2.7357e-14
7478.2 2.8030e-14
7481.0 2.8243e-14
7483.8 2.8230e-14
7486.5 2.8284e-14
7489.3 2.8796e-14
7492.1 2.9699e-14
7494.9 3.0570e-14
7497.7 3.1244e-14
7500.5 3.1757e-14
7503.2 3.2111e-14
7506.0 3.2516e-14
7508.8 3.2966e-14
7511.6 3.3135e-14
7514.4 3.3206e-14
7517.2 3.3726e-14
7519.9 3.4582e-14
7522.7 3.5259e-14
7525.5 3.5862e-14
7528.3 3.6728e-14
7531.1 3.7670e-14
7533.9 3.8243e-14
7536.6 3.8535e-14
7539.4 3.8910e-14
7542.2 3.9306e-14
7545.0 3.9776e-14
7547.8 4.0427e-14
7550.6 4.0914e-14
7553.3 4.1306e-14
7556.1 4.1920e-14
7558.9 4.2427e-14
7561.7 4.2198e-14
7564.5 4.1630e-14
7567.3 4.1338e-14
7570.0 4.0769e-14
7572.8 3.9283e-14
7575.6 3.7518e-14
7578.4 3.6541e-14
7581.2 3.6089e-14
7584.0 3.4891e-14
7586.7 3.3140e-14
7589.5 3.2172e-14
7592.3 3.1979e-14
7595.1 3.1919e-14
7597.9 3.2881e-14
7600.7 3.5417e-14
7603.4 3.8081e-14
7606.2 4.0509e-14
7609.0 4.2316e-14
7611.8 4.1794e-14
7614.6 3.9146e-14
7617.4 3.6094e-14
7620.1 3.3766e-14
7622.9 3.2596e-14
7625.7 3.2222e-14
7628.5 3.2322e-14
7631.3 3.2935e-14
7634.0 3.3858e-14
7636.8 3.4232e-14
7639.6 3.3699e-14
7642.4 3.3286e-14
7645.2 3.3772e-14
7648.0 3.4883e-14
7650.7 3.5738e-14
7653.5 3.5816e-14
7656.3 3.6208e-14
7659.1 3.7754e-14
7661.9 3.9274e-14
7664.7 3.9742e-14
7667.4 3.9692e-14
7670.2 3.9921e-14
7673.0 4.0763e-14
7675.8 4.2037e-14
7678.6 4.3605e-14
7681.4 4.5336e-14
7684.1 4.6720e-14
7686.9 4.7704e-14
7689.7 4.8446e-14
7692.5 4.8881e-14
7695.3 4.9516e-14
7698.1 5.0708e-14
7700.8 5.2145e-14
7703.6 5.3499e-14
7706.4 5.4487e-14
7709.2 5.5113e-14
7712.0 5.6046e-14
7714.8 5.7666e-14
7717.5 5.9294e-14
7720.3 6.0177e-14
7723.1 6.0517e-14
7725.9 6.1169e-14
7728.7 6.2330e-14
7731.5 6.3637e-14
7734.2 6.4968e-14
7737.0 6.6331e-14
7739.8 6.7500e-14
7742.6 6.8340e-14
7745.4 6.8988e-14
7748.2 6.9588e-14
7750.9 6.9737e-14
7753.7 6.9785e-14
7756.5 7.0622e-14
7759.3 7.1879e-14
7762.1 7.2811e-14
7764.9 7.3901e-14
7767.6 7.5733e-14
7770.4 7.7993e-14
7773.2 7.9937e-14
7776.0 8.0745e-14
7778.8 8.0459e-14
7781.6 8.0360e-14
7784.3 8.0771e-14
7787.1 8.0779e-14
7789.9 8.1082e-14
7792.7 8.2225e-14
7795.5 8.3372e-14
7798.3 8.4472e-14
7801.0 8.5642e-14
7803.8 8.6290e-14
7806.6 8.6614e-14
7809.4 8.6845e-14
7812.2 8.7141e-14
7814.9 8.8317e-14
7817.7 8.9816e-14
7820.5 9.1124e-14
7823.3 9.3151e-14
7826.1 9.5640e-14
7828.9 9.7776e-14
7831.6 9.9805e-14
7834.4 1.0228e-13
7837.2 1.0502e-13
7840.0 1.0739e-13
7842.8 1.0936e-13
7845.6 1.1146e-13
7848.3 1.1354e-13
7851.1 1.1407e-13
7853.9 1.1314e-13
7856.7 1.1185e-13
7859.5 1.0964e-13
7862.3 1.0718e-13
7865.0 1.0559e-13
7867.8 1.0451e-13
7870.6 1.0391e-13
7873.4 1.0316e-13
7876.2 1.0234e-13
7879.0 1.0211e-13
7881.7 1.0111e-13
7884.5 9.8922e-14
7887.3 9.7190e-14
7890.1 9.6632e-14
7892.9 9.6514e-14
7895.7 9.6118e-14
7898.4 9.5819e-14
7901.2 9.5639e-14
7904.0 9.4733e-14
7906.8 9.3789e-14
7909.6 9.4369e-14
7912.4 9.5648e-14
7915.1 9.5736e-14
7917.9 9.4522e-14
7920.7 9.3234e-14
7923.5 9.2933e-14
7926.3 9.2862e-14
7929.1 9.1882e-14
7931.8 9.0468e-14
7934.6 8.9452e-14
7937.4 8.8974e-14
7940.2 8.9075e-14
7943.0 8.9123e-14
7945.8 8.8719e-14
7948.5 8.7763e-14
7951.3 8.6964e-14
7954.1 8.7348e-14
7956.9 8.7342e-14
7959.7 8.6650e-14
7962.5 8.7241e-14
7965.2 8.8526e-14
7968.0 8.9002e-14
7970.8 8.9318e-14
7973.6 9.0045e-14
7976.4 9.0166e-14
7979.2 8.8964e-14
7981.9 8.8587e-14
7984.7 8.9612e-14
7987.5 8.9243e-14
7990.3 8.8304e-14
7993.1 8.9414e-14
7995.9 9.1991e-14
7998.6 9.3487e-14
8001.4 9.2996e-14
8004.2 9.3087e-14
8007.0 9.4790e-14
8009.8 9.5396e-14
8012.5 9.4462e-14
8015.3 9.3783e-14
8018.1 9.4015e-14
8020.9 9.4557e-14
8023.7 9.5490e-14
8026.5 9.7574e-14
8029.2 1.0008e-13
8032.0 1.0227e-13
8034.8 1.0305e-13
8037.6 1.0241e-13
8040.4 1.0265e-13
8043.2 1.0385e-13
8045.9 1.0383e-13
8048.7 1.0326e-13
8051.5 1.0514e-13
8054.3 1.1019e-13
8057.1 1.1489e-13
8059.9 1.1606e-13
8062.6 1.1521e-13
8065.4 1.1543e-13
8068.2 1.1716e-13
8071.0 1.1946e-13
8073.8 1.2167e-13
8076.6 1.2292e-13
8079.3 1.2255e-13
8082.1 1.2168e-13
8084.9 1.2198e-13
8087.7 1.2362e-13
8090.5 1.2519e-13
8093.3 1.2637e-13
8096.0 1.2915e-13
8098.8 1.3227e-13
8101.6 1.3413e-13
8104.4 1.3506e-13
8107.2 1.3511e-13
8110.0 1.3534e-13
8112.7 1.3608e-13
8115.5 1.3678e-13
8118.3 1.3825e-13
8121.1 1.3999e-13
8123.9 1.4075e-13
8126.7 1.4144e-13
8129.4 1.4284e-13
8132.2 1.4402e-13
8135.0 1.4491e-13
8137.8 1.4746e-13
8140.6 1.5037e-13
8143.4 1.5113e-13
8146.1 1.5279e-13
8148.9 1.5686e-13
8151.7 1.6029e-13
8154.5 1.6123e-13
8157.3 1.6140e-13
8160.1 1.6391e-13
8162.8 1.6655e-13
8165.6 1.6583e-13
8168.4 1.6432e-13
8171.2 1.6608e-13
8174.0 1.6880e-13
8176.8 1.6865e-13
8179.5 1.6812e-13
8182.3 1.7058e-13
8185.1 1.7406e-13
8187.9 1.7617e-13
8190.7 1.7893e-13
8193.4 1.8432e-13
8196.2 1.9022e-13
8199.0 1.9295e-13
8201.8 1.9193e-13
8204.6 1.8820e-13
8207.4 1.8337e-13
8210.1 1.8228e-13
8212.9 1.8426e-13
8215.7 1.8508e-13
8218.5 1.8473e-13
8221.3 1.8588e-13
8224.1 1.9101e-13
8226.8 1.9796e-13
8229.6 2.0154e-13
8232.4 1.9900e-13
8235.2 1.9095e-13
8238.0 1.8265e-13
8240.8 1.8072e-13
8243.5 1.8227e-13
8246.3 1.8082e-13
8249.1 1.7748e-13
8251.9 1.7295e-13
8254.7 1.6604e-13
8257.5 1.6008e-13
8260.2 1.5630e-13
8263.0 1.5426e-13
8265.8 1.5296e-13
8268.6 1.4991e-13
8271.4 1.4565e-13
8274.2 1.4342e-13
8276.9 1.4218e-13
8279.7 1.3940e-13
8282.5 1.3737e-13
8285.3 1.3505e-13
8288.1 1.3016e-13
8290.9 1.2394e-13
8293.6 1.1731e-13
8296.4 1.1007e-13
8299.2 1.0223e-13
8302.0 9.7322e-14
8304.8 9.8672e-14
8307.6 1.0277e-13
8310.3 1.0407e-13
8313.1 1.0236e-13
8315.9 1.0229e-13
8318.7 1.0381e-13
8321.5 1.0200e-13
8324.3 9.9293e-14
8327.0 1.0065e-13
8329.8 1.0291e-13
8332.6 1.0196e-13
8335.4 1.0205e-13
8338.2 1.1057e-13
8341.0 1.2573e-13
8343.7 1.3893e-13
8346.5 1.4488e-13
8349.3 1.4203e-13
8352.1 1.3149e-13
8354.9 1.2510e-13
8357.7 1.3128e-13
8360.4 1.3804e-13
8363.2 1.3984e-13
8366.0 1.4640e-13
8368.8 1.5628e-13
8371.6 1.5804e-13
8374.4 1.5503e-13
8377.1 1.5817e-13
8379.9 1.6499e-13
8382.7 1.6998e-13
8385.5 1.7667e-13
8388.3 1.8542e-13
8391.0 1.9417e-13
8393.8 1.9971e-13
8396.6 1.9908e-13
8399.4 1.9934e-13
8402.2 2.0444e-13
8405.0 2.1062e-13
8407.7 2.2127e-13
8410.5 2.3420e-13
8413.3 2.4053e-13
8416.1 2.3987e-13
8418.9 2.3858e-13
8421.7 2.4775e-13
8424.4 2.6582e-13
8427.2 2.7897e-13
8430.0 2.8055e-13
8432.8 2.8055e-13
8435.6 2.8796e-13
8438.4 2.9309e-13
8441.1 2.9092e-13
8443.9 2.8915e-13
8446.7 2.9785e-13
8449.5 3.1380e-13
8452.3 3.2528e-13
8455.1 3.3142e-13
8457.8 3.3242e-13
8460.6 3.2221e-13
8463.4 3.0888e-13
8466.2 3.1142e-13
8469.0 3.2344e-13
8471.8 3.3118e-13
8474.5 3.4781e-13
8477.3 3.7414e-13
8480.1 3.9294e-13
8482.9 3.9996e-13
8485.7 4.0571e-13
8488.5 4.1789e-13
8491.2 4.2697e-13
8494.0 4.2786e-13
8496.8 4.3162e-13
8499.6 4.4819e-13
8502.4 4.7188e-13
8505.2 4.9583e-13
8507.9 5.0715e-13
8510.7 5.0580e-13
8513.5 5.0705e-13
8516.3 5.1749e-13
8519.1 5.4119e-13
8521.9 5.7344e-13
8524.6 6.0127e-13
8527.4 6.1970e-13
8530.2 6.3538e-13
8533.0 6.5787e-13
8535.8 6.9591e-13
8538.6 7.4856e-13
8541.3 7.9958e-13
8544.1 8.5312e-13
8546.9 9.2211e-13
8549.7 9.8822e-13
8552.5 1.0383e-12
8555.3 1.0754e-12
8558.0 1.1086e-12
8560.8 1.1621e-12
8563.6 1.2334e-12
8566.4 1.2908e-12
8569.2 1.3154e-12
8571.9 1.3217e-12
8574.7 1.3405e-12
8577.5 1.3894e-12
8580.3 1.4492e-12
8583.1 1.4934e-12
8585.9 1.5262e-12
8588.6 1.5501e-12
8591.4 1.5733e-12
8594.2 1.6211e-12
8597.0 1.6715e-12
8599.8 1.6970e-12
8602.6 1.7148e-12
8605.3 1.7302e-12
8608.1 1.7500e-12
8610.9 1.7813e-12
8613.7 1.8092e-12
8616.5 1.8529e-12
8619.3 1.9217e-12
8622.0 1.9591e-12
8624.8 1.9490e-12
8627.6 1.9498e-12
8630.4 1.9717e-12
8633.2 1.9798e-12
8636.0 1.9894e-12
8638.7 2.0187e-12
8641.5 2.0444e-12
8644.3 2.0693e-12
8647.1 2.1277e-12
8649.9 2.1993e-12
8652.7 2.2385e-12
8655.4 2.2526e-12
8658.2 2.2345e-12
8661.0 2.1947e-12
8663.8 2.1841e-12
8666.6 2.2217e-12
8669.4 2.2667e-12
8672.1 2.2851e-12
8674.9 2.3117e-12
8677.7 2.3499e-12
8680.5 2.3572e-12
8683.3 2.3474e-12
8686.1 2.3601e-12
8688.8 2.3954e-12
8691.6 2.4172e-12
8694.4 2.4350e-12
8697.2 2.4958e-12
8700.0 2.5604e-12
8702.8 2.5661e-12
8705.5 2.5417e-12
8708.3 2.5363e-12
8711.1 2.5443e-12
8713.9 2.5750e-12
8716.7 2.6533e-12
8719.5 2.7727e-12
8722.2 2.8870e-12
8725.0 2.9484e-12
8727.8 2.9828e-12
8730.6 3.0281e-12
8733.4 3.0678e-12
8736.2 3.0952e-12
8738.9 3.1442e-12
8741.7 3.2321e-12
8744.5 3.3301e-12
8747.3 3.3945e-12
8750.1 3.4166e-12
8752.9 3.4304e-12
8755.6 3.4636e-12
8758.4 3.5478e-12
8761.2 3.6535e-12
8764.0 3.7030e-12
8766.8 3.7144e-12
8769.5 3.7612e-12
8772.3 3.8235e-12
8775.1 3.8420e-12
8777.9 3.8536e-12
8780.7 3.8886e-12
8783.5 3.9343e-12
8786.2 4.0272e-12
8789.0 4.1233e-12
8791.8 4.1824e-12
8794.6 4.2798e-12
8797.4 4.4051e-12
8800.2 4.4696e-12
8802.9 4.4930e-12
8805.7 4.5574e-12
8808.5 4.6508e-12
8811.3 4.6846e-12
8814.1 4.7019e-12
8816.9 4.7889e-12
8819.6 4.8513e-12
8822.4 4.8446e-12
