3640.5 1.6803e-14
3644.2 1.6300e-14
3647.8 1.6549e-14
3651.5 1.4945e-14
3655.1 1.5406e-14
3658.8 1.5157e-14
3662.4 1.4803e-14
3666.1 1.4251e-14
3669.7 1.4210e-14
3673.4 1.3562e-14
3677.0 1.3075e-14
3680.6 1.2629e-14
3684.3 1.1622e-14
3687.9 1.1274e-14
3691.6 1.0815e-14
3695.2 9.6093e-15
3698.9 9.2589e-15
3702.5 9.3320e-15
3706.2 9.2041e-15
3709.8 8.8676e-15
3713.4 8.2345e-15
3717.1 8.0558e-15
3720.7 8.1328e-15
3724.4 7.4212e-15
3728.0 7.2648e-15
3731.7 7.1253e-15
3735.3 6.9254e-15
3739.0 6.8295e-15
3742.6 6.5330e-15
3746.2 6.2952e-15
3749.9 6.3168e-15
3753.5 6.2780e-15
3757.2 6.7683e-15
3760.8 6.5332e-15
3764.5 6.4739e-15
3768.1 6.1491e-15
3771.8 6.5366e-15
3775.4 7.5816e-15
3779.0 8.4560e-15
3782.7 8.2856e-15
3786.3 8.6268e-15
3790.0 8.4231e-15
3793.6 8.7136e-15
3797.3 9.3258e-15
3800.9 9.1496e-15
3804.6 9.1906e-15
3808.2 9.5254e-15
3811.9 9.3803e-15
3815.5 9.0355e-15
3819.1 9.0866e-15
3822.8 9.0662e-15
3826.4 8.6012e-15
3830.1 8.6005e-15
3833.7 8.3899e-15
3837.4 8.3449e-15
3841.0 8.2015e-15
3844.7 7.7048e-15
3848.3 8.0468e-15
3851.9 8.7141e-15
3855.6 9.0840e-15
3859.2 9.2519e-15
3862.9 9.5525e-15
3866.5 9.7323e-15
3870.2 1.0040e-14
3873.8 1.0498e-14
3877.5 1.0950e-14
3881.1 1.1379e-14
3884.7 1.1754e-14
3888.4 1.2013e-14
3892.0 1.2472e-14
3895.7 1.2997e-14
3899.3 1.3339e-14
3903.0 1.3531e-14
3906.6 1.3228e-14
3910.3 1.2867e-14
3913.9 1.3591e-14
3917.6 1.4161e-14
3921.2 1.4579e-14
3924.8 1.4737e-14
3928.5 1.4410e-14
3932.1 1.4615e-14
3935.8 1.4862e-14
3939.4 1.4945e-14
3943.1 1.6018e-14
3946.7 1.6272e-14
3950.4 1.6423e-14
3954.0 1.6583e-14
3957.6 1.6766e-14
3961.3 1.7051e-14
3964.9 1.6928e-14
3968.6 1.6830e-14
3972.2 1.7232e-14
3975.9 1.7398e-14
3979.5 1.7412e-14
3983.2 1.7356e-14
3986.8 1.7316e-14
3990.4 1.7820e-14
3994.1 1.7557e-14
3997.7 1.6839e-14
4001.4 1.6528e-14
4005.0 1.6318e-14
4008.7 1.5861e-14
4012.3 1.5668e-14
4016.0 1.5675e-14
4019.6 1.5689e-14
4023.2 1.4833e-14
4026.9 1.4999e-14
4030.5 1.5109e-14
4034.2 1.4744e-14
4037.8 1.4916e-14
4041.5 1.4813e-14
4045.1 1.4875e-14
4048.8 1.5130e-14
4052.4 1.4876e-14
4056.1 1.5120e-14
4059.7 1.5125e-14
4063.3 1.5219e-14
4067.0 1.5126e-14
4070.6 1.5860e-14
4074.3 1.5906e-14
4077.9 1.5378e-14
4081.6 1.5564e-14
4085.2 1.5420e-14
4088.9 1.5619e-14
4092.5 1.6151e-14
4096.1 1.6113e-14
4099.8 1.6190e-14
4103.4 1.6021e-14
4107.1 1.6126e-14
4110.7 1.6422e-14
4114.4 1.6123e-14
4118.0 1.6434e-14
4121.7 1.6918e-14
4125.3 1.7049e-14
4128.9 1.6887e-14
4132.6 1.7148e-14
4136.2 1.7539e-14
4139.9 1.7366e-14
4143.5 1.6908e-14
4147.2 1.6473e-14
4150.8 1.6049e-14
4154.5 1.5982e-14
4158.1 1.5850e-14
4161.7 1.5825e-14
4165.4 1.5647e-14
4169.0 1.5391e-14
4172.7 1.5193e-14
4176.3 1.5239e-14
4180.0 1.5594e-14
4183.6 1.5029e-14
4187.3 1.4880e-14
4190.9 1.4571e-14
4194.6 1.4783e-14
4198.2 1.4660e-14
4201.8 1.4179e-14
4205.5 1.4215e-14
4209.1 1.4210e-14
4212.8 1.4181e-14
4216.4 1.4025e-14
4220.1 1.3922e-14
4223.7 1.3264e-14
4227.4 1.3298e-14
4231.0 1.2840e-14
4234.6 1.2475e-14
4238.3 1.2368e-14
4241.9 1.2025e-14
4245.6 1.1866e-14
4249.2 1.1844e-14
4252.9 1.1600e-14
4256.5 1.1431e-14
4260.2 1.1493e-14
4263.8 1.1569e-14
4267.4 1.1042e-14
4271.1 1.1046e-14
4274.7 1.0651e-14
4278.4 1.0927e-14
4282.0 1.1047e-14
4285.7 1.0606e-14
4289.3 1.0759e-14
4293.0 1.0806e-14
4296.6 1.0667e-14
4300.2 1.0381e-14
4303.9 1.0191e-14
4307.5 9.9164e-15
4311.2 9.8348e-15
4314.8 9.9699e-15
4318.5 9.6832e-15
4322.1 9.5096e-15
4325.8 9.4360e-15
4329.4 9.3751e-15
4333.1 9.4239e-15
4336.7 9.3140e-15
4340.3 9.2715e-15
4344.0 9.3337e-15
4347.6 9.0569e-15
4351.3 9.0592e-15
4354.9 9.4061e-15
4358.6 9.3498e-15
4362.2 9.2231e-15
4365.9 9.3512e-15
4369.5 9.3770e-15
4373.1 9.4873e-15
4376.8 9.7416e-15
4380.4 9.8507e-15
4384.1 9.7029e-15
4387.7 9.8479e-15
4391.4 9.9115e-15
4395.0 1.0035e-14
4398.7 1.0066e-14
4402.3 1.0170e-14
4405.9 1.0402e-14
4409.6 1.0429e-14
4413.2 1.0400e-14
4416.9 1.0314e-14
4420.5 1.0281e-14
4424.2 1.0112e-14
4427.8 9.9085e-15
4431.5 9.7258e-15
4435.1 9.4036e-15
4438.7 9.2790e-15
4442.4 9.3128e-15
4446.0 8.9993e-15
4449.7 8.4403e-15
4453.3 8.3481e-15
4457.0 8.0779e-15
4460.6 8.1996e-15
4464.3 8.2918e-15
4467.9 8.0245e-15
4471.6 8.0915e-15
4475.2 8.2153e-15
4478.8 8.2352e-15
4482.5 8.3221e-15
4486.1 8.3910e-15
4489.8 8.6470e-15
4493.4 8.7309e-15
4497.1 8.9601e-15
4500.7 9.2030e-15
4504.4 8.9798e-15
4508.0 9.1285e-15
4511.6 9.4009e-15
4515.3 9.5597e-15
4518.9 9.5881e-15
4522.6 9.4874e-15
4526.2 9.3631e-15
4529.9 9.5984e-15
4533.5 9.8005e-15
4537.2 9.6252e-15
4540.8 9.4600e-15
4544.4 9.5082e-15
4548.1 9.4478e-15
4551.7 9.5933e-15
4555.4 9.5696e-15
4559.0 9.6384e-15
4562.7 9.6009e-15
4566.3 9.4995e-15
4570.0 9.4193e-15
4573.6 9.5596e-15
4577.2 9.3748e-15
4580.9 9.2871e-15
4584.5 9.2617e-15
4588.2 9.1696e-15
4591.8 9.4288e-15
4595.5 9.3844e-15
4599.1 9.3901e-15
4602.8 9.3135e-15
4606.4 9.3610e-15
4610.1 9.3225e-15
4613.7 9.3547e-15
4617.3 9.5298e-15
4621.0 9.3354e-15
4624.6 9.4864e-15
4628.3 9.7339e-15
4631.9 9.6340e-15
4635.6 9.8362e-15
4639.2 9.6399e-15
4642.9 9.5833e-15
4646.5 9.5475e-15
4650.1 9.4935e-15
4653.8 9.6947e-15
4657.4 9.4430e-15
4661.1 9.6069e-15
4664.7 9.5252e-15
4668.4 9.3899e-15
4672.0 9.2614e-15
4675.7 9.0996e-15
4679.3 8.8901e-15
4682.9 8.6856e-15
4686.6 8.5218e-15
4690.2 8.5020e-15
4693.9 8.4136e-15
4697.5 8.4528e-15
4701.2 8.3026e-15
4704.8 8.1297e-15
4708.5 8.1731e-15
4712.1 7.8764e-15
4715.7 7.8919e-15
4719.4 7.9147e-15
4723.0 7.9645e-15
4726.7 7.8309e-15
4730.3 7.7981e-15
4734.0 7.8536e-15
4737.6 7.9278e-15
4741.3 7.6322e-15
4744.9 7.6879e-15
4748.6 7.7250e-15
4752.2 7.8411e-15
4755.8 7.7803e-15
4759.5 7.7440e-15
4763.1 7.5985e-15
4766.8 7.6513e-15
4770.4 7.6831e-15
4774.1 7.6120e-15
4777.7 7.6176e-15
4781.4 7.3818e-15
4785.0 7.3199e-15
4788.6 7.4314e-15
4792.3 7.4208e-15
4795.9 7.1799e-15
4799.6 7.1969e-15
4803.2 7.2252e-15
4806.9 7.3600e-15
4810.5 7.4274e-15
4814.2 7.4282e-15
4817.8 7.5462e-15
4821.4 7.4758e-15
4825.1 7.4636e-15
4828.7 7.6783e-15
4832.4 7.6407e-15
4836.0 7.4503e-15
4839.7 7.5244e-15
4843.3 7.4453e-15
4847.0 7.4663e-15
4850.6 7.4078e-15
4854.2 7.2145e-15
4857.9 7.1310e-15
4861.5 7.1983e-15
4865.2 7.1971e-15
4868.8 6.8796e-15
4872.5 6.6509e-15
4876.1 6.6113e-15
4879.8 6.5833e-15
4883.4 6.3715e-15
4887.1 6.1990e-15
4890.7 6.1157e-15
4894.3 5.9824e-15
4898.0 5.8955e-15
4901.6 5.8542e-15
4905.3 5.8189e-15
4908.9 5.6312e-15
4912.6 5.3634e-15
4916.2 5.2913e-15
4919.9 5.6674e-15
4923.5 5.7629e-15
4927.1 5.6123e-15
4930.8 5.5772e-15
4934.4 5.7164e-15
4938.1 5.8132e-15
4941.7 5.7574e-15
4945.4 5.6824e-15
4949.0 5.7612e-15
4952.7 5.8110e-15
4956.3 5.7183e-15
4959.9 5.7724e-15
4963.6 5.8654e-15
4967.2 5.8498e-15
4970.9 5.8327e-15
4974.5 5.8168e-15
4978.2 5.7444e-15
4981.8 5.7334e-15
4985.5 5.8001e-15
4989.1 5.8040e-15
4992.7 5.7611e-15
4996.4 5.7843e-15
5000.0 5.6519e-15
5003.7 5.6860e-15
5007.3 5.6781e-15
5011.0 5.3207e-15
5014.6 5.2347e-15
5018.3 5.3563e-15
5021.9 5.6038e-15
5025.6 5.5658e-15
5029.2 5.5005e-15
5032.8 5.6370e-15
5036.5 5.5728e-15
5040.1 5.4800e-15
5043.8 5.5726e-15
5047.4 5.5986e-15
5051.1 5.5573e-15
5054.7 5.4301e-15
5058.4 4.8374e-15
5062.0 4.3265e-15
5065.6 5.0209e-15
5069.3 5.4995e-15
5072.9 5.6739e-15
5076.6 5.6134e-15
5080.2 5.7915e-15
5083.9 5.8103e-15
5087.5 5.8509e-15
5091.2 5.9603e-15
5094.8 5.9314e-15
5098.4 5.7855e-15
5102.1 5.8487e-15
5105.7 5.8483e-15
5109.4 5.7888e-15
5113.0 5.9440e-15
5116.7 6.0331e-15
5120.3 5.9319e-15
5124.0 6.0382e-15
5127.6 5.9890e-15
5131.2 6.1654e-15
5134.9 6.1884e-15
5138.5 6.1399e-15
5142.2 6.1224e-15
5145.8 6.1204e-15
5149.5 6.2003e-15
5153.1 6.3672e-15
5156.8 6.2701e-15
5160.4 6.2266e-15
5164.1 6.2042e-15
5167.7 6.3330e-15
5171.3 6.1364e-15
5175.0 6.1427e-15
5178.6 6.2385e-15
5182.3 6.1055e-15
5185.9 5.9773e-15
5189.6 6.0717e-15
5193.2 6.0125e-15
5196.9 6.1155e-15
5200.5 5.9895e-15
5204.1 5.9753e-15
5207.8 5.9760e-15
5211.4 5.9420e-15
5215.1 5.9718e-15
5218.7 5.9297e-15
5222.4 5.9174e-15
5226.0 6.0743e-15
5229.7 5.9668e-15
5233.3 6.0764e-15
5236.9 6.0310e-15
5240.6 5.9171e-15
5244.2 5.8997e-15
5247.9 5.9586e-15
5251.5 5.8697e-15
5255.2 5.8713e-15
5258.8 5.8063e-15
5262.5 5.7588e-15
5266.1 5.5870e-15
5269.7 5.3679e-15
5273.4 5.3374e-15
5277.0 5.2944e-15
5280.7 5.0900e-15
5284.3 5.0131e-15
5288.0 4.8707e-15
5291.6 4.7874e-15
5295.3 4.7182e-15
5298.9 4.6620e-15
5302.6 4.5168e-15
5306.2 4.3992e-15
5309.8 4.2845e-15
5313.5 4.2543e-15
5317.1 4.3473e-15
5320.8 4.3354e-15
5324.4 4.2599e-15
5328.1 4.2790e-15
5331.7 4.2149e-15
5335.4 4.1587e-15
5339.0 4.1886e-15
5342.6 4.2522e-15
5346.3 4.2811e-15
5349.9 4.2954e-15
5353.6 4.2460e-15
5357.2 4.2807e-15
5360.9 4.3066e-15
5364.5 4.3049e-15
5368.2 4.3671e-15
5371.8 4.4596e-15
5375.4 4.4680e-15
5379.1 4.3530e-15
5382.7 4.4104e-15
5386.4 4.5073e-15
5390.0 4.5091e-15
5393.7 4.4284e-15
5397.3 4.5495e-15
5401.0 4.6927e-15
5404.6 4.6976e-15
5408.3 4.6465e-15
5411.9 4.5113e-15
5415.5 4.5177e-15
5419.2 4.5374e-15
5422.8 4.6254e-15
5426.5 4.6040e-15
5430.1 4.5717e-15
5433.8 4.5956e-15
5437.4 4.5277e-15
5441.1 4.4924e-15
5444.7 4.5102e-15
5448.3 4.5322e-15
5452.0 4.5505e-15
5455.6 4.4658e-15
5459.3 4.3863e-15
5462.9 4.2456e-15
5466.6 4.1796e-15
5470.2 4.1520e-15
5473.9 4.0691e-15
5477.5 4.0644e-15
5481.1 4.0402e-15
5484.8 3.9826e-15
5488.4 3.8940e-15
5492.1 3.8124e-15
5495.7 3.7624e-15
5499.4 3.7587e-15
5503.0 3.8703e-15
5506.7 3.8476e-15
5510.3 3.7947e-15
5513.9 3.8441e-15
5517.6 3.8031e-15
5521.2 3.7861e-15
5524.9 3.9107e-15
5528.5 3.9738e-15
5532.2 3.9477e-15
5535.8 4.1192e-15
5539.5 4.1378e-15
5543.1 4.1222e-15
5546.8 4.0899e-15
5550.4 4.0232e-15
5554.0 4.0470e-15
5557.7 4.1860e-15
5561.3 4.2658e-15
5565.0 4.1585e-15
5568.6 4.1792e-15
5572.3 4.0004e-15
5575.9 4.2156e-15
5579.6 4.2923e-15
5583.2 4.1643e-15
5586.8 4.1406e-15
5590.5 4.1475e-15
5594.1 4.1638e-15
5597.8 4.1000e-15
5601.4 4.0581e-15
5605.1 4.0051e-15
5608.7 3.8755e-15
5612.4 3.9274e-15
5616.0 3.9397e-15
5619.6 3.8770e-15
5623.3 3.9352e-15
5626.9 3.9994e-15
5630.6 3.9768e-15
5634.2 3.9733e-15
5637.9 4.0170e-15
5641.5 4.0033e-15
5645.2 4.0220e-15
5648.8 4.0045e-15
5652.4 4.0470e-15
5656.1 4.0849e-15
5659.7 4.1169e-15
5663.4 4.0381e-15
5667.0 4.0581e-15
5670.7 4.0986e-15
5674.3 4.1467e-15
5678.0 4.1862e-15
5681.6 4.1654e-15
5685.3 4.2078e-15
5688.9 4.1579e-15
5692.5 4.1911e-15
5696.2 4.1390e-15
5699.8 4.2212e-15
5703.5 4.2199e-15
5707.1 4.1856e-15
5710.8 4.2114e-15
5714.4 4.2145e-15
5718.1 4.2458e-15
5721.7 4.2836e-15
5725.3 4.2388e-15
5729.0 4.1532e-15
5732.6 4.1677e-15
5736.3 4.1736e-15
5739.9 4.1646e-15
5743.6 4.0579e-15
5747.2 4.0786e-15
5750.9 4.0963e-15
5754.5 4.0971e-15
5758.1 4.0599e-15
5761.8 4.0671e-15
5765.4 3.9902e-15
5769.1 4.0016e-15
5772.7 3.9905e-15
5776.4 3.9557e-15
5780.0 3.9088e-15
5783.7 3.9315e-15
5787.3 4.0289e-15
5790.9 3.9924e-15
5794.6 3.9323e-15
5798.2 3.9056e-15
5801.9 3.8326e-15
5805.5 3.7976e-15
5809.2 3.8191e-15
5812.8 3.8618e-15
5816.5 3.9186e-15
5820.1 3.9009e-15
5823.8 3.8705e-15
5827.4 3.7708e-15
5831.0 3.7789e-15
5834.7 3.9057e-15
5838.3 3.8464e-15
5842.0 3.8003e-15
5845.6 3.8527e-15
5849.3 3.8263e-15
5852.9 3.9028e-15
5856.6 3.8735e-15
5860.2 3.8569e-15
5863.8 3.8220e-15
5867.5 3.8298e-15
5871.1 3.8549e-15
5874.8 3.7631e-15
5878.4 3.7382e-15
5882.1 3.7558e-15
5885.7 3.7526e-15
5889.4 3.6947e-15
5893.0 3.6292e-15
5896.6 3.6299e-15
5900.3 3.7026e-15
5903.9 3.7776e-15
5907.6 3.7961e-15
5911.2 3.6960e-15
5914.9 3.7039e-15
5918.5 3.6652e-15
5922.2 3.8453e-15
5925.8 3.6981e-15
5929.4 3.7142e-15
5933.1 3.6897e-15
5936.7 3.7389e-15
5940.4 3.7626e-15
5944.0 3.7629e-15
5947.7 3.7434e-15
5951.3 3.7588e-15
5955.0 3.8113e-15
5958.6 3.7190e-15
5962.3 3.7468e-15
5965.9 3.7746e-15
5969.5 3.6446e-15
5973.2 3.7463e-15
5976.8 3.6769e-15
5980.5 3.7146e-15
5984.1 3.7006e-15
5987.8 3.6342e-15
5991.4 3.6766e-15
5995.1 3.6724e-15
5998.7 3.7225e-15
6002.3 3.6712e-15
6006.0 3.6412e-15
6009.6 3.5684e-15
6013.3 3.5719e-15
6016.9 3.5784e-15
6020.6 3.5758e-15
6024.2 3.5355e-15
6027.9 3.4830e-15
6031.5 3.5390e-15
6035.1 3.5242e-15
6038.8 3.4693e-15
6042.4 3.4713e-15
6046.1 3.5359e-15
6049.7 3.3345e-15
6053.4 3.3149e-15
6057.0 3.3735e-15
6060.7 3.3179e-15
6064.3 3.3840e-15
6067.9 3.3264e-15
6071.6 3.2279e-15
6075.2 3.2581e-15
6078.9 3.1810e-15
6082.5 3.1899e-15
6086.2 3.1656e-15
6089.8 3.0925e-15
6093.5 3.0466e-15
6097.1 3.1080e-15
6100.8 2.9849e-15
6104.4 3.0119e-15
6108.0 2.9458e-15
6111.7 2.8515e-15
6115.3 2.7611e-15
6119.0 2.6995e-15
6122.6 2.6074e-15
6126.3 2.6726e-15
6129.9 2.5960e-15
6133.6 2.5092e-15
6137.2 2.4299e-15
6140.8 2.3866e-15
6144.5 2.2872e-15
6148.1 2.3032e-15
6151.8 2.3295e-15
6155.4 2.1953e-15
6159.1 2.1039e-15
6162.7 2.0129e-15
6166.4 1.9845e-15
6170.0 2.0034e-15
6173.6 1.9480e-15
6177.3 1.9587e-15
6180.9 1.9216e-15
6184.6 1.8437e-15
6188.2 1.8311e-15
6191.9 1.7813e-15
6195.5 1.7752e-15
6199.2 1.8469e-15
6202.8 1.7926e-15
6206.4 1.8799e-15
6210.1 1.7892e-15
6213.7 1.8490e-15
6217.4 1.9311e-15
6221.0 1.9647e-15
6224.7 2.0011e-15
6228.3 1.9987e-15
6232.0 2.0878e-15
6235.6 2.1053e-15
6239.3 2.1530e-15
6242.9 2.1957e-15
6246.5 2.2766e-15
6250.2 2.2793e-15
6253.8 2.3140e-15
6257.5 2.4236e-15
6261.1 2.3952e-15
6264.8 2.4526e-15
6268.4 2.5060e-15
6272.1 2.4894e-15
6275.7 2.4738e-15
6279.3 2.4588e-15
6283.0 2.5255e-15
6286.6 2.6021e-15
6290.3 2.6493e-15
6293.9 2.6365e-15
6297.6 2.6175e-15
6301.2 2.7030e-15
6304.9 2.8558e-15
6308.5 2.8323e-15
6312.1 2.8953e-15
6315.8 2.9175e-15
6319.4 2.9614e-15
6323.1 3.0142e-15
6326.7 2.9946e-15
6330.4 3.0053e-15
6334.0 3.0524e-15
6337.7 3.0993e-15
6341.3 3.1522e-15
6344.9 3.0907e-15
6348.6 3.1187e-15
6352.2 3.0798e-15
6355.9 3.1293e-15
6359.5 3.0580e-15
6363.2 3.0986e-15
6366.8 3.1673e-15
6370.5 3.0609e-15
6374.1 3.0511e-15
6377.8 2.9703e-15
6381.4 3.0079e-15
6385.0 3.0339e-15
6388.7 3.0271e-15
6392.3 3.0802e-15
6396.0 3.0548e-15
6399.6 3.0131e-15
6403.3 2.9875e-15
6406.9 2.9846e-15
6410.6 3.0320e-15
6414.2 3.0483e-15
6417.8 3.0877e-15
6421.5 3.0543e-15
6425.1 2.9858e-15
6428.8 2.9694e-15
6432.4 2.9995e-15
6436.1 3.0287e-15
6439.7 3.1457e-15
6443.4 3.1432e-15
6447.0 3.1615e-15
6450.6 3.1155e-15
6454.3 3.0744e-15
6457.9 3.1003e-15
6461.6 3.1313e-15
6465.2 3.2175e-15
6468.9 3.3185e-15
6472.5 3.2480e-15
6476.2 3.2150e-15
6479.8 3.1700e-15
6483.4 3.1515e-15
6487.1 3.0810e-15
6490.7 3.1756e-15
6494.4 3.1737e-15
6498.0 3.2292e-15
6501.7 3.2421e-15
6505.3 3.1337e-15
6509.0 3.0528e-15
6512.6 3.1809e-15
6516.3 3.2244e-15
6519.9 3.2730e-15
6523.5 3.1970e-15
6527.2 3.1489e-15
6530.8 3.0927e-15
6534.5 3.0582e-15
6538.1 3.1440e-15
6541.8 3.1517e-15
6545.4 3.2004e-15
6549.1 3.1821e-15
6552.7 3.1745e-15
6556.3 3.1540e-15
6560.0 3.0792e-15
6563.6 3.0213e-15
6567.3 2.9887e-15
6570.9 3.0931e-15
6574.6 3.1540e-15
6578.2 3.1387e-15
6581.9 3.0399e-15
6585.5 3.0373e-15
6589.1 3.0316e-15
6592.8 2.9575e-15
6596.4 3.0145e-15
6600.1 3.0528e-15
6603.7 3.0986e-15
6607.4 3.0208e-15
6611.0 2.9777e-15
6614.7 3.0064e-15
6618.3 2.9702e-15
6621.9 2.9729e-15
6625.6 3.0198e-15
6629.2 2.6373e-15
6632.9 2.2797e-15
6636.5 2.3927e-15
6640.2 2.7942e-15
6643.8 2.9686e-15
6647.5 2.9085e-15
6651.1 2.9246e-15
6654.8 2.9587e-15
6658.4 3.0102e-15
6662.0 3.0368e-15
6665.7 2.9065e-15
6669.3 2.8860e-15
6673.0 2.8584e-15
6676.6 2.7704e-15
6680.3 2.8379e-15
6683.9 2.8793e-15
6687.6 2.9192e-15
6691.2 2.8558e-15
6694.8 2.7555e-15
6698.5 2.7485e-15
6702.1 2.6799e-15
6705.8 2.7465e-15
6709.4 2.6923e-15
6713.1 2.6593e-15
6716.7 2.7276e-15
6720.4 2.7380e-15
6724.0 2.7097e-15
6727.6 2.6311e-15
6731.3 2.5203e-15
6734.9 2.5404e-15
6738.6 2.6352e-15
6742.2 2.6362e-15
6745.9 2.6588e-15
6749.5 2.6127e-15
6753.2 2.5407e-15
6756.8 2.5126e-15
6760.4 2.5076e-15
6764.1 2.5669e-15
6767.7 2.5911e-15
6771.4 2.6400e-15
6775.0 2.6224e-15
6778.7 2.5741e-15
6782.3 2.5147e-15
6786.0 2.3895e-15
6789.6 2.3331e-15
6793.3 2.3960e-15
6796.9 2.4875e-15
6800.5 2.4622e-15
6804.2 2.4328e-15
6807.8 2.4316e-15
6811.5 2.3802e-15
6815.1 2.3220e-15
6818.8 2.2679e-15
6822.4 2.3161e-15
6826.1 2.3240e-15
6829.7 2.3305e-15
6833.3 2.3573e-15
6837.0 2.3104e-15
6840.6 2.2695e-15
6844.3 2.2123e-15
6847.9 2.1914e-15
6851.6 2.1784e-15
6855.2 2.1888e-15
6858.9 2.2923e-15
6862.5 2.1789e-15
6866.1 1.8753e-15
6869.8 1.6859e-15
6873.4 1.6620e-15
6877.1 1.7485e-15
6880.7 1.9190e-15
6884.4 1.9373e-15
6888.0 1.8875e-15
6891.7 1.9153e-15
6895.3 1.8916e-15
6899.0 1.8519e-15
6902.6 1.8852e-15
6906.2 1.8261e-15
6909.9 1.8676e-15
6913.5 1.9673e-15
6917.2 1.9439e-15
6920.8 1.9912e-15
6924.5 2.0175e-15
6928.1 1.9979e-15
6931.8 1.9402e-15
6935.4 1.9007e-15
6939.0 1.8962e-15
6942.7 1.8563e-15
6946.3 1.9805e-15
6950.0 2.0638e-15
6953.6 2.0140e-15
6957.3 1.9810e-15
6960.9 1.8979e-15
6964.6 1.8376e-15
6968.2 1.8486e-15
6971.8 1.8903e-15
6975.5 1.9117e-15
6979.1 1.9375e-15
6982.8 1.9493e-15
6986.4 1.8847e-15
6990.1 1.8313e-15
6993.7 1.8074e-15
6997.4 1.7816e-15
7001.0 1.8049e-15
7004.6 1.8549e-15
7008.3 1.8216e-15
7011.9 1.8512e-15
7015.6 1.8733e-15
7019.2 1.8630e-15
7022.9 1.7734e-15
7026.5 1.7157e-15
7030.2 1.6942e-15
7033.8 1.7298e-15
7037.5 1.7386e-15
7041.1 1.7945e-15
7044.7 1.7971e-15
7048.4 1.7377e-15
7052.0 1.7303e-15
7055.7 1.6402e-15
7059.3 1.6813e-15
7063.0 1.7011e-15
7066.6 1.6897e-15
7070.3 1.7397e-15
7073.9 1.7893e-15
7077.5 1.7671e-15
7081.2 1.7709e-15
7084.8 1.7139e-15
7088.5 1.6933e-15
7092.1 1.6319e-15
7095.8 1.7038e-15
7099.4 1.7728e-15
7103.1 1.7885e-15
7106.7 1.8210e-15
7110.3 1.8269e-15
7114.0 1.7906e-15
7117.6 1.7493e-15
7121.3 1.7437e-15
7124.9 1.6982e-15
7128.6 1.7219e-15
7132.2 1.7761e-15
7135.9 1.8802e-15
7139.5 1.8708e-15
7143.1 1.8189e-15
7146.8 1.8079e-15
7150.4 1.7662e-15
7154.1 1.6919e-15
7157.7 1.6953e-15
7161.4 1.7487e-15
7165.0 1.7492e-15
7168.7 1.7893e-15
7172.3 1.8011e-15
7176.0 1.8099e-15
7179.6 1.7352e-15
7183.2 1.6664e-15
7186.9 1.6305e-15
7190.5 1.6463e-15
7194.2 1.6754e-15
7197.8 1.6875e-15
7201.5 1.7625e-15
7205.1 1.8048e-15
7208.8 1.7906e-15
7212.4 1.7967e-15
7216.0 1.7326e-15
7219.7 1.6954e-15
7223.3 1.7082e-15
7227.0 1.6716e-15
7230.6 1.6672e-15
7234.3 1.7320e-15
7237.9 1.7347e-15
7241.6 1.7262e-15
7245.2 1.7155e-15
7248.8 1.6495e-15
7252.5 1.6129e-15
7256.1 1.6244e-15
7259.8 1.6505e-15
7263.4 1.6527e-15
7267.1 1.6883e-15
7270.7 1.7367e-15
7274.4 1.7561e-15
7278.0 1.7271e-15
7281.6 1.6584e-15
7285.3 1.6058e-15
7288.9 1.5528e-15
7292.6 1.5558e-15
7296.2 1.5913e-15
7299.9 1.6323e-15
7303.5 1.6355e-15
7307.2 1.6285e-15
7310.8 1.5915e-15
7314.5 1.5828e-15
7318.1 1.5568e-15
7321.7 1.4985e-15
7325.4 1.4804e-15
7329.0 1.5001e-15
7332.7 1.5464e-15
7336.3 1.5917e-15
7340.0 1.6324e-15
7343.6 1.5657e-15
7347.3 1.4871e-15
7350.9 1.4151e-15
7354.5 1.3922e-15
7358.2 1.4029e-15
7361.8 1.4169e-15
7365.5 1.4875e-15
7369.1 1.5016e-15
7372.8 1.4901e-15
7376.4 1.4620e-15
7380.1 1.4258e-15
7383.7 1.3598e-15
7387.3 1.3037e-15
7391.0 1.2902e-15
7394.6 1.3051e-15
7398.3 1.3667e-15
7401.9 1.4125e-15
7405.6 1.4045e-15
7409.2 1.4520e-15
7412.9 1.3849e-15
7416.5 1.3366e-15
7420.1 1.2728e-15
7423.8 1.2380e-15
7427.4 1.2224e-15
7431.1 1.2582e-15
7434.7 1.3462e-15
7438.4 1.4220e-15
7442.0 1.3901e-15
7445.7 1.3185e-15
7449.3 1.2928e-15
7453.0 1.2159e-15
7456.6 1.1761e-15
7460.2 1.2128e-15
7463.9 1.2658e-15
7467.5 1.2762e-15
7471.2 1.3718e-15
7474.8 1.3859e-15
7478.5 1.3295e-15
7482.1 1.2544e-15
7485.8 1.2125e-15
7489.4 1.1754e-15
7493.0 1.1800e-15
7496.7 1.2416e-15
7500.3 1.2679e-15
