3977.0 1.9713e-14
3979.8 2.1294e-14
3982.5 2.1533e-14
3985.3 2.1813e-14
3988.1 2.1827e-14
3990.9 2.2053e-14
3993.7 2.2298e-14
3996.5 2.1010e-14
3999.2 2.1819e-14
4002.0 2.1545e-14
4004.8 2.0930e-14
4007.6 2.0363e-14
4010.4 2.0509e-14
4013.1 2.0442e-14
4015.9 2.0086e-14
4018.7 1.9920e-14
4021.5 2.0223e-14
4024.3 2.0204e-14
4027.0 1.9872e-14
4029.8 1.9597e-14
4032.6 1.8860e-14
4035.4 1.9142e-14
4038.2 1.9056e-14
4041.0 1.8967e-14
4043.7 1.8492e-14
4046.5 1.9120e-14
4049.3 1.8704e-14
4052.1 1.8484e-14
4054.9 1.8666e-14
4057.6 1.8677e-14
4060.4 1.9532e-14
4063.2 1.9272e-14
4066.0 1.9113e-14
4068.8 1.9387e-14
4071.5 1.9094e-14
4074.3 1.9584e-14
4077.1 2.0281e-14
4079.9 2.0207e-14
4082.7 2.0187e-14
4085.4 2.0148e-14
4088.2 2.0415e-14
4091.0 2.0324e-14
4093.8 2.0232e-14
4096.6 2.0238e-14
4099.4 2.0887e-14
4102.1 2.0797e-14
4104.9 2.0519e-14
4107.7 2.1083e-14
4110.5 2.0752e-14
4113.3 2.1269e-14
4116.0 2.1476e-14
4118.8 2.1566e-14
4121.6 2.1245e-14
4124.4 2.1265e-14
4127.2 2.1094e-14
4129.9 2.0886e-14
4132.7 2.1026e-14
4135.5 2.0897e-14
4138.3 2.0727e-14
4141.1 2.0262e-14
4143.9 2.0590e-14
4146.6 2.0857e-14
4149.4 2.0106e-14
4152.2 1.9812e-14
4155.0 1.9694e-14
4157.8 1.9868e-14
4160.5 1.9945e-14
4163.3 1.9554e-14
4166.1 1.9105e-14
4168.9 1.8324e-14
4171.7 1.8530e-14
4174.4 1.8592e-14
4177.2 1.7820e-14
4180.0 1.7843e-14
4182.8 1.8021e-14
4185.6 1.7408e-14
4188.4 1.7574e-14
4191.1 1.7525e-14
4193.9 1.7920e-14
4196.7 1.7546e-14
4199.5 1.7216e-14
4202.3 1.7454e-14
4205.0 1.7247e-14
4207.8 1.7236e-14
4210.6 1.7065e-14
4213.4 1.6758e-14
4216.2 1.6747e-14
4218.9 1.6805e-14
4221.7 1.6554e-14
4224.5 1.6554e-14
4227.3 1.6798e-14
4230.1 1.6199e-14
4232.8 1.6358e-14
4235.6 1.6144e-14
4238.4 1.6135e-14
4241.2 1.5708e-14
4244.0 1.5374e-14
4246.8 1.5519e-14
4249.5 1.5019e-14
4252.3 1.4665e-14
4255.1 1.4858e-14
4257.9 1.4744e-14
4260.7 1.3899e-14
4263.4 1.4239e-14
4266.2 1.3675e-14
4269.0 1.3050e-14
4271.8 1.3177e-14
4274.6 1.3442e-14
4277.3 1.3148e-14
4280.1 1.2777e-14
4282.9 1.2887e-14
4285.7 1.2597e-14
4288.5 1.2468e-14
4291.3 1.2302e-14
4294.0 1.1827e-14
4296.8 1.1988e-14
4299.6 1.2143e-14
4302.4 1.1608e-14
4305.2 1.1175e-14
4307.9 1.1543e-14
4310.7 1.1440e-14
4313.5 1.1313e-14
4316.3 1.1253e-14
4319.1 1.0895e-14
4321.8 1.0551e-14
4324.6 1.0630e-14
4327.4 1.0663e-14
4330.2 1.0359e-14
4333.0 1.0100e-14
4335.7 9.8622e-15
4338.5 9.6094e-15
4341.3 9.5741e-15
4344.1 9.7905e-15
4346.9 9.8569e-15
4349.7 9.6388e-15
4352.4 9.5320e-15
4355.2 9.5759e-15
4358.0 9.6484e-15
4360.8 9.7294e-15
4363.6 1.0002e-14
4366.3 1.0191e-14
4369.1 9.9432e-15
4371.9 9.7810e-15
4374.7 1.0160e-14
4377.5 1.0057e-14
4380.2 1.0121e-14
4383.0 1.0116e-14
4385.8 1.0178e-14
4388.6 1.0409e-14
4391.4 1.0578e-14
4394.2 1.1245e-14
4396.9 1.1100e-14
4399.7 1.0928e-14
4402.5 1.0961e-14
4405.3 1.1026e-14
4408.1 1.1310e-14
4410.8 1.1583e-14
4413.6 1.1775e-14
4416.4 1.1548e-14
4419.2 1.1394e-14
4422.0 1.1393e-14
4424.7 1.1626e-14
4427.5 1.1650e-14
4430.3 1.1787e-14
4433.1 1.1777e-14
4435.9 1.2110e-14
4438.7 1.1809e-14
4441.4 1.1750e-14
4444.2 1.1631e-14
4447.0 1.1582e-14
4449.8 1.1351e-14
4452.6 1.1245e-14
4455.3 1.1033e-14
4458.1 1.0668e-14
4460.9 1.0346e-14
4463.7 1.0220e-14
4466.5 1.0153e-14
4469.2 1.0162e-14
4472.0 9.8720e-15
4474.8 9.4441e-15
4477.6 9.6390e-15
4480.4 9.6906e-15
4483.1 9.6782e-15
4485.9 9.2243e-15
4488.7 9.2984e-15
4491.5 9.7669e-15
4494.3 9.8926e-15
4497.1 9.7581e-15
4499.8 9.9546e-15
4502.6 1.0247e-14
4505.4 1.0524e-14
4508.2 1.0378e-14
4511.0 1.0516e-14
4513.7 1.0821e-14
4516.5 1.1063e-14
4519.3 1.1207e-14
4522.1 1.1172e-14
4524.9 1.1480e-14
4527.6 1.1518e-14
4530.4 1.1800e-14
4533.2 1.1784e-14
4536.0 1.1617e-14
4538.8 1.1316e-14
4541.6 1.1572e-14
4544.3 1.1905e-14
4547.1 1.1840e-14
4549.9 1.1859e-14
4552.7 1.1966e-14
4555.5 1.1825e-14
4558.2 1.1848e-14
4561.0 1.1820e-14
4563.8 1.1776e-14
4566.6 1.1508e-14
4569.4 1.1625e-14
4572.1 1.1566e-14
4574.9 1.1460e-14
4577.7 1.1454e-14
4580.5 1.1530e-14
4583.3 1.1558e-14
4586.1 1.1494e-14
4588.8 1.1506e-14
4591.6 1.1434e-14
4594.4 1.1321e-14
4597.2 1.1228e-14
4600.0 1.1582e-14
4602.7 1.1151e-14
4605.5 1.1318e-14
4608.3 1.1538e-14
4611.1 1.1322e-14
4613.9 1.1268e-14
4616.6 1.1616e-14
4619.4 1.1778e-14
4622.2 1.1742e-14
4625.0 1.1546e-14
4627.8 1.1688e-14
4630.5 1.1525e-14
4633.3 1.1456e-14
4636.1 1.1738e-14
4638.9 1.1761e-14
4641.7 1.1568e-14
4644.5 1.1657e-14
4647.2 1.1685e-14
4650.0 1.1550e-14
4652.8 1.1480e-14
4655.6 1.1320e-14
4658.4 1.1366e-14
4661.1 1.1349e-14
4663.9 1.1214e-14
4666.7 1.0961e-14
4669.5 1.1094e-14
4672.3 1.0912e-14
4675.0 1.1118e-14
4677.8 1.0712e-14
4680.6 1.0834e-14
4683.4 1.0483e-14
4686.2 1.0631e-14
4689.0 1.0404e-14
4691.7 1.0041e-14
4694.5 9.9658e-15
4697.3 9.7497e-15
4700.1 9.7685e-15
4702.9 9.6994e-15
4705.6 9.4249e-15
4708.4 9.3486e-15
4711.2 9.3138e-15
4714.0 9.2003e-15
4716.8 9.1357e-15
4719.5 9.1032e-15
4722.3 9.0465e-15
4725.1 8.7046e-15
4727.9 8.8724e-15
4730.7 8.8421e-15
4733.4 8.8570e-15
4736.2 8.9289e-15
4739.0 8.7950e-15
4741.8 8.7673e-15
4744.6 8.6272e-15
4747.4 8.6813e-15
4750.1 8.7653e-15
4752.9 8.8455e-15
4755.7 8.9829e-15
4758.5 8.5635e-15
4761.3 8.8822e-15
4764.0 8.8050e-15
4766.8 8.7018e-15
4769.6 8.5548e-15
4772.4 8.7491e-15
4775.2 8.5601e-15
4777.9 8.3593e-15
4780.7 8.5058e-15
4783.5 8.5294e-15
4786.3 8.3516e-15
4789.1 8.1347e-15
4791.9 8.2656e-15
4794.6 8.4393e-15
4797.4 8.0082e-15
4800.2 8.0115e-15
4803.0 7.9484e-15
4805.8 8.0599e-15
4808.5 8.0012e-15
4811.3 7.9903e-15
4814.1 8.0722e-15
4816.9 8.1206e-15
4819.7 8.1907e-15
4822.4 8.1754e-15
4825.2 8.0448e-15
4828.0 8.3277e-15
4830.8 8.4159e-15
4833.6 8.3422e-15
4836.4 8.1465e-15
4839.1 8.1081e-15
4841.9 8.2427e-15
4844.7 8.3576e-15
4847.5 8.3837e-15
4850.3 8.3023e-15
4853.0 8.3104e-15
4855.8 8.2475e-15
4858.6 8.1204e-15
4861.4 8.1440e-15
4864.2 8.1330e-15
4866.9 7.9012e-15
4869.7 7.7192e-15
4872.5 7.8918e-15
4875.3 7.9426e-15
4878.1 7.5961e-15
4880.8 7.5028e-15
4883.6 7.3507e-15
4886.4 7.2288e-15
4889.2 7.1628e-15
4892.0 6.9488e-15
4894.8 6.8985e-15
4897.5 6.8842e-15
4900.3 6.6305e-15
4903.1 6.6739e-15
4905.9 6.6077e-15
4908.7 6.4820e-15
4911.4 6.5166e-15
4914.2 6.5060e-15
4917.0 6.3171e-15
4919.8 6.3368e-15
4922.6 6.2178e-15
4925.3 6.1255e-15
4928.1 6.3060e-15
4930.9 6.3971e-15
4933.7 6.3056e-15
4936.5 6.2737e-15
4939.3 6.4180e-15
4942.0 6.3590e-15
4944.8 6.2290e-15
4947.6 6.4166e-15
4950.4 6.4189e-15
4953.2 6.4793e-15
4955.9 6.4130e-15
4958.7 6.2767e-15
4961.5 6.4430e-15
4964.3 6.4296e-15
4967.1 6.4055e-15
4969.8 6.4333e-15
4972.6 6.3223e-15
4975.4 6.4345e-15
4978.2 6.4358e-15
4981.0 6.5330e-15
4983.8 6.3471e-15
4986.5 6.2309e-15
4989.3 6.6121e-15
4992.1 6.5677e-15
4994.9 6.4113e-15
4997.7 6.5225e-15
5000.4 6.6287e-15
5003.2 6.5643e-15
5006.0 6.5376e-15
5008.8 6.5843e-15
5011.6 6.5642e-15
5014.3 6.5863e-15
5017.1 6.3502e-15
5019.9 6.3924e-15
5022.7 6.4017e-15
5025.5 6.2846e-15
5028.2 6.2696e-15
5031.0 6.2731e-15
5033.8 6.3424e-15
5036.6 6.4894e-15
5039.4 6.3846e-15
5042.2 6.4040e-15
5044.9 6.1685e-15
5047.7 6.2535e-15
5050.5 6.2049e-15
5053.3 6.3433e-15
5056.1 6.4013e-15
5058.8 6.3570e-15
5061.6 6.3979e-15
5064.4 6.4895e-15
5067.2 6.2370e-15
5070.0 6.2898e-15
5072.7 6.5922e-15
5075.5 6.7180e-15
5078.3 6.6006e-15
5081.1 6.6313e-15
5083.9 6.7271e-15
5086.7 6.9621e-15
5089.4 6.8347e-15
5092.2 6.9073e-15
5095.0 6.8814e-15
5097.8 7.0667e-15
5100.6 7.2272e-15
5103.3 7.0007e-15
5106.1 6.9525e-15
5108.9 7.1672e-15
5111.7 7.3103e-15
5114.5 7.1637e-15
5117.2 7.3285e-15
5120.0 7.4766e-15
5122.8 7.3288e-15
5125.6 7.2847e-15
5128.4 7.4320e-15
5131.2 7.1123e-15
5133.9 7.1492e-15
5136.7 7.3062e-15
5139.5 7.3118e-15
5142.3 7.3698e-15
5145.1 7.5262e-15
5147.8 7.5573e-15
5150.6 7.4728e-15
5153.4 7.6783e-15
5156.2 7.7798e-15
5159.0 7.7193e-15
5161.7 7.6889e-15
5164.5 7.5277e-15
5167.3 7.6946e-15
5170.1 7.7729e-15
5172.9 7.7372e-15
5175.6 7.8935e-15
5178.4 7.7859e-15
5181.2 7.5881e-15
5184.0 7.7077e-15
5186.8 7.7067e-15
5189.6 7.5902e-15
5192.3 7.4967e-15
5195.1 7.5221e-15
5197.9 7.6189e-15
5200.7 7.5827e-15
5203.5 7.4455e-15
5206.2 7.5235e-15
5209.0 7.5528e-15
5211.8 7.5931e-15
5214.6 7.3872e-15
5217.4 7.3035e-15
5220.1 7.3432e-15
5222.9 7.4722e-15
5225.7 7.4227e-15
5228.5 7.4985e-15
5231.3 7.5842e-15
5234.1 7.4765e-15
5236.8 7.4221e-15
5239.6 7.5665e-15
5242.4 7.5868e-15
5245.2 7.4628e-15
5248.0 7.4096e-15
5250.7 7.4681e-15
5253.5 7.4963e-15
5256.3 7.3650e-15
5259.1 7.2225e-15
5261.9 7.2026e-15
5264.6 7.4553e-15
5267.4 7.2427e-15
5270.2 6.9849e-15
5273.0 7.1761e-15
5275.8 6.9955e-15
5278.5 6.9221e-15
5281.3 6.8027e-15
5284.1 6.7928e-15
5286.9 6.5770e-15
5289.7 6.5340e-15
5292.5 6.3175e-15
5295.2 6.1132e-15
5298.0 6.0761e-15
5300.8 5.9108e-15
5303.6 5.8129e-15
5306.4 5.6739e-15
5309.1 5.5650e-15
5311.9 5.4376e-15
5314.7 5.3425e-15
5317.5 5.2834e-15
5320.3 5.3730e-15
5323.0 5.3041e-15
5325.8 5.2029e-15
5328.6 5.0994e-15
5331.4 5.1332e-15
5334.2 5.1108e-15
5337.0 5.1238e-15
5339.7 5.0609e-15
5342.5 4.9794e-15
5345.3 5.0262e-15
5348.1 5.1098e-15
5350.9 5.0462e-15
5353.6 5.0377e-15
5356.4 5.1011e-15
5359.2 5.0413e-15
5362.0 4.9966e-15
5364.8 5.1104e-15
5367.5 5.0586e-15
5370.3 5.0329e-15
5373.1 5.0259e-15
5375.9 5.0070e-15
5378.7 5.1044e-15
5381.5 5.1790e-15
5384.2 5.1705e-15
5387.0 5.2140e-15
5389.8 5.3052e-15
5392.6 5.3062e-15
5395.4 5.3099e-15
5398.1 5.3553e-15
5400.9 5.5123e-15
5403.7 5.6320e-15
5406.5 5.6286e-15
5409.3 5.5798e-15
5412.0 5.7172e-15
5414.8 5.6761e-15
5417.6 5.7249e-15
5420.4 5.6746e-15
5423.2 5.6256e-15
5425.9 5.7238e-15
5428.7 5.6547e-15
5431.5 5.5974e-15
5434.3 5.6003e-15
5437.1 5.6714e-15
5439.9 5.7032e-15
5442.6 5.6989e-15
5445.4 5.7380e-15
5448.2 5.7740e-15
5451.0 5.5722e-15
5453.8 5.5180e-15
5456.5 5.5564e-15
5459.3 5.5229e-15
5462.1 5.5828e-15
5464.9 5.5492e-15
5467.7 5.4377e-15
5470.4 5.4526e-15
5473.2 5.4711e-15
5476.0 5.2877e-15
5478.8 5.2881e-15
5481.6 5.2498e-15
5484.4 5.2018e-15
5487.1 5.1503e-15
5489.9 5.1358e-15
5492.7 4.9892e-15
5495.5 4.9401e-15
5498.3 4.8817e-15
5501.0 4.8576e-15
5503.8 4.7247e-15
5506.6 4.6409e-15
5509.4 4.6641e-15
5512.2 4.7315e-15
5514.9 4.6974e-15
5517.7 4.7444e-15
5520.5 4.7157e-15
5523.3 4.5879e-15
5526.1 4.7095e-15
5528.9 4.7264e-15
5531.6 4.7291e-15
5534.4 4.7971e-15
5537.2 4.8405e-15
5540.0 4.8167e-15
5542.8 4.9914e-15
5545.5 5.2747e-15
5548.3 5.1517e-15
5551.1 5.0749e-15
5553.9 5.1166e-15
5556.7 5.0795e-15
5559.4 5.3250e-15
5562.2 5.2970e-15
5565.0 5.1746e-15
5567.8 5.3914e-15
5570.6 5.4127e-15
5573.3 5.3993e-15
5576.1 5.5061e-15
5578.9 5.5816e-15
5581.7 5.5971e-15
5584.5 5.6826e-15
5587.3 5.5351e-15
5590.0 5.6202e-15
5592.8 5.7485e-15
5595.6 5.7107e-15
5598.4 5.7991e-15
5601.2 5.9007e-15
5603.9 6.0109e-15
5606.7 5.8130e-15
5609.5 5.7953e-15
5612.3 5.7679e-15
5615.1 5.7502e-15
5617.8 5.6115e-15
5620.6 5.6082e-15
5623.4 5.7224e-15
5626.2 5.5232e-15
5629.0 5.5499e-15
5631.8 5.5548e-15
5634.5 5.4895e-15
5637.3 5.5646e-15
5640.1 5.6215e-15
5642.9 5.6345e-15
5645.7 5.6210e-15
5648.4 5.4452e-15
5651.2 5.4707e-15
5654.0 5.7626e-15
5656.8 5.7406e-15
5659.6 5.6993e-15
5662.3 5.8156e-15
5665.1 5.6933e-15
5667.9 5.8758e-15
5670.7 5.8613e-15
5673.5 5.7110e-15
5676.3 5.7385e-15
5679.0 5.7959e-15
5681.8 5.8706e-15
5684.6 5.8384e-15
5687.4 5.8353e-15
5690.2 5.7947e-15
5692.9 5.8918e-15
5695.7 5.8668e-15
5698.5 5.8713e-15
5701.3 5.8015e-15
5704.1 5.8523e-15
5706.8 5.8471e-15
5709.6 5.9051e-15
5712.4 5.8705e-15
5715.2 5.6909e-15
5718.0 5.7972e-15
5720.7 5.8082e-15
5723.5 5.8106e-15
5726.3 5.8969e-15
5729.1 5.8837e-15
5731.9 5.9431e-15
5734.7 5.9423e-15
5737.4 5.8496e-15
5740.2 5.6897e-15
5743.0 5.7647e-15
5745.8 5.7440e-15
5748.6 5.5972e-15
5751.3 5.7444e-15
5754.1 5.9782e-15
5756.9 5.8550e-15
5759.7 5.8529e-15
5762.5 5.8485e-15
5765.2 5.7341e-15
5768.0 5.6634e-15
5770.8 5.6393e-15
5773.6 5.6973e-15
5776.4 5.7602e-15
5779.2 5.6152e-15
5781.9 5.5791e-15
5784.7 5.6139e-15
5787.5 5.5415e-15
5790.3 5.5859e-15
5793.1 5.5420e-15
5795.8 5.4467e-15
5798.6 5.5573e-15
5801.4 5.5042e-15
5804.2 5.3912e-15
5807.0 5.3334e-15
5809.7 5.3631e-15
5812.5 5.3844e-15
5815.3 5.3819e-15
5818.1 5.4337e-15
5820.9 5.3784e-15
5823.6 5.3205e-15
5826.4 5.3800e-15
5829.2 5.2429e-15
5832.0 5.2889e-15
5834.8 5.2100e-15
5837.6 5.1829e-15
5840.3 5.3165e-15
5843.1 5.3804e-15
5845.9 5.2639e-15
5848.7 5.3019e-15
5851.5 5.2586e-15
5854.2 5.3016e-15
5857.0 5.3226e-15
5859.8 5.2983e-15
5862.6 5.2379e-15
5865.4 5.1335e-15
5868.1 5.1916e-15
5870.9 5.3894e-15
5873.7 5.3046e-15
5876.5 5.2468e-15
5879.3 5.1809e-15
5882.1 5.2190e-15
5884.8 5.1998e-15
5887.6 5.1774e-15
5890.4 5.1404e-15
5893.2 5.0979e-15
5896.0 5.0697e-15
5898.7 5.0758e-15
5901.5 5.1226e-15
5904.3 5.1203e-15
5907.1 5.1997e-15
5909.9 5.1706e-15
5912.6 5.1048e-15
5915.4 5.0748e-15
5918.2 5.1205e-15
5921.0 5.1252e-15
5923.8 5.0831e-15
5926.6 5.1881e-15
5929.3 5.1550e-15
5932.1 5.1578e-15
5934.9 5.2385e-15
5937.7 5.1916e-15
5940.5 5.1760e-15
5943.2 5.2279e-15
5946.0 5.2466e-15
5948.8 5.2350e-15
5951.6 5.1827e-15
5954.4 5.2083e-15
5957.1 5.2100e-15
5959.9 5.1907e-15
5962.7 5.1961e-15
5965.5 5.3289e-15
5968.3 5.3458e-15
5971.0 5.2445e-15
5973.8 5.2403e-15
5976.6 5.2634e-15
5979.4 5.3328e-15
5982.2 5.2138e-15
5985.0 5.2609e-15
5987.7 5.3170e-15
5990.5 5.2849e-15
5993.3 5.2312e-15
5996.1 5.1901e-15
5998.9 5.0580e-15
6001.6 5.1161e-15
6004.4 5.1707e-15
6007.2 5.0799e-15
6010.0 5.0660e-15
6012.8 5.0644e-15
6015.5 5.0975e-15
6018.3 5.0870e-15
6021.1 5.0510e-15
6023.9 5.0732e-15
6026.7 5.0734e-15
6029.5 5.0902e-15
6032.2 5.0930e-15
6035.0 5.0391e-15
6037.8 5.0567e-15
6040.6 5.0754e-15
6043.4 5.0488e-15
6046.1 4.9996e-15
6048.9 4.9513e-15
6051.7 4.9680e-15
6054.5 4.9560e-15
6057.3 4.9567e-15
6060.0 4.9387e-15
6062.8 4.9505e-15
6065.6 4.9305e-15
6068.4 4.8135e-15
6071.2 4.8732e-15
6074.0 4.8700e-15
6076.7 4.7221e-15
6079.5 4.7129e-15
6082.3 4.7516e-15
6085.1 4.7204e-15
6087.9 4.7360e-15
6090.6 4.7620e-15
6093.4 4.7826e-15
6096.2 4.7505e-15
6099.0 4.5611e-15
6101.8 4.5331e-15
6104.5 4.6401e-15
6107.3 4.5682e-15
6110.1 4.4151e-15
6112.9 4.2971e-15
6115.7 4.3098e-15
6118.4 4.3534e-15
6121.2 4.2708e-15
6124.0 4.1884e-15
6126.8 4.0701e-15
6129.6 4.0834e-15
6132.4 3.8684e-15
6135.1 3.8152e-15
6137.9 3.7487e-15
6140.7 3.7315e-15
6143.5 3.5312e-15
6146.3 3.4392e-15
6149.0 3.4773e-15
6151.8 3.2286e-15
6154.6 3.1566e-15
6157.4 3.3012e-15
6160.2 3.1708e-15
6162.9 3.1372e-15
6165.7 3.0481e-15
6168.5 2.9330e-15
6171.3 2.8882e-15
6174.1 2.8439e-15
6176.9 2.7025e-15
6179.6 2.5575e-15
6182.4 2.4896e-15
6185.2 2.4526e-15
6188.0 2.4609e-15
6190.8 2.4682e-15
6193.5 2.3479e-15
6196.3 2.3982e-15
6199.1 2.3456e-15
6201.9 2.3202e-15
6204.7 2.4538e-15
6207.4 2.2842e-15
6210.2 2.2279e-15
6213.0 2.3548e-15
6215.8 2.4054e-15
6218.6 2.4238e-15
6221.4 2.4766e-15
6224.1 2.4693e-15
6226.9 2.4921e-15
6229.7 2.4703e-15
6232.5 2.4884e-15
6235.3 2.6035e-15
6238.0 2.6675e-15
6240.8 2.7108e-15
6243.6 2.7499e-15
6246.4 2.7549e-15
6249.2 2.7597e-15
6251.9 2.8515e-15
6254.7 2.9900e-15
6257.5 3.0758e-15
6260.3 3.0956e-15
6263.1 3.1465e-15
6265.8 3.3067e-15
6268.6 3.3316e-15
6271.4 3.3055e-15
6274.2 3.3354e-15
6277.0 3.4177e-15
6279.8 3.5321e-15
6282.5 3.5478e-15
6285.3 3.5752e-15
6288.1 3.6717e-15
6290.9 3.7319e-15
6293.7 3.7305e-15
6296.4 3.8513e-15
6299.2 3.8261e-15
6302.0 3.8187e-15
6304.8 3.8493e-15
6307.6 3.8983e-15
6310.3 4.0362e-15
6313.1 4.0638e-15
6315.9 4.1048e-15
6318.7 4.1772e-15
6321.5 4.0639e-15
6324.3 4.2099e-15
6327.0 4.3221e-15
6329.8 4.4131e-15
6332.6 4.3459e-15
6335.4 4.3302e-15
6338.2 4.3326e-15
6340.9 4.4031e-15
6343.7 4.4045e-15
6346.5 4.3900e-15
6349.3 4.4208e-15
6352.1 4.5619e-15
6354.8 4.5008e-15
6357.6 4.5135e-15
6360.4 4.5561e-15
6363.2 4.5143e-15
6366.0 4.5442e-15
6368.8 4.5332e-15
6371.5 4.5142e-15
6374.3 4.5259e-15
6377.1 4.6105e-15
6379.9 4.5927e-15
6382.7 4.5319e-15
6385.4 4.5454e-15
6388.2 4.4081e-15
6391.0 4.3246e-15
6393.8 4.3069e-15
6396.6 4.3438e-15
6399.3 4.4114e-15
6402.1 4.4073e-15
6404.9 4.3838e-15
6407.7 4.3023e-15
6410.5 4.2832e-15
6413.2 4.2410e-15
6416.0 4.3347e-15
6418.8 4.3379e-15
6421.6 4.2865e-15
6424.4 4.3310e-15
6427.2 4.3081e-15
6429.9 4.2738e-15
6432.7 4.2270e-15
6435.5 4.1698e-15
6438.3 4.2488e-15
6441.1 4.2884e-15
6443.8 4.1931e-15
6446.6 4.2638e-15
6449.4 4.2536e-15
6452.2 4.2830e-15
6455.0 4.3421e-15
6457.7 4.2876e-15
6460.5 4.2821e-15
6463.3 4.3240e-15
6466.1 4.2378e-15
6468.9 4.2615e-15
6471.7 4.2270e-15
6474.4 4.2963e-15
6477.2 4.2670e-15
6480.0 4.3022e-15
6482.8 4.3594e-15
6485.6 4.3521e-15
6488.3 4.3123e-15
6491.1 4.2507e-15
6493.9 4.2678e-15
6496.7 4.1657e-15
6499.5 4.2012e-15
6502.2 4.3060e-15
6505.0 4.3312e-15
6507.8 4.1985e-15
6510.6 4.1794e-15
6513.4 4.2041e-15
6516.1 4.0960e-15
6518.9 4.1310e-15
6521.7 4.1930e-15
6524.5 4.1827e-15
6527.3 4.1645e-15
6530.1 4.0506e-15
6532.8 4.0900e-15
6535.6 4.1693e-15
6538.4 4.0553e-15
6541.2 4.0027e-15
6544.0 4.0059e-15
6546.7 4.0335e-15
6549.5 4.1259e-15
6552.3 4.0592e-15
6555.1 4.0114e-15
6557.9 4.0499e-15
6560.6 4.0232e-15
6563.4 3.9727e-15
6566.2 3.9920e-15
6569.0 4.0233e-15
6571.8 3.9565e-15
6574.6 3.9362e-15
6577.3 3.9113e-15
6580.1 3.9035e-15
6582.9 3.8387e-15
6585.7 3.8486e-15
6588.5 3.8370e-15
6591.2 3.8739e-15
6594.0 3.8340e-15
6596.8 3.9115e-15
6599.6 3.8061e-15
6602.4 3.9623e-15
6605.1 3.8694e-15
6607.9 3.8146e-15
6610.7 3.8563e-15
6613.5 3.8549e-15
6616.3 3.7105e-15
6619.1 3.6745e-15
6621.8 3.7602e-15
6624.6 3.8492e-15
6627.4 3.8241e-15
6630.2 3.8599e-15
6633.0 3.7458e-15
6635.7 3.6358e-15
6638.5 3.7717e-15
6641.3 3.7895e-15
6644.1 3.6216e-15
6646.9 3.6453e-15
6649.6 3.7021e-15
6652.4 3.7509e-15
6655.2 3.6109e-15
6658.0 3.5573e-15
6660.8 3.4796e-15
6663.5 3.4590e-15
6666.3 3.5252e-15
6669.1 3.5262e-15
6671.9 3.5250e-15
6674.7 3.4940e-15
6677.5 3.4317e-15
6680.2 3.4234e-15
6683.0 3.5436e-15
6685.8 3.5338e-15
6688.6 3.4193e-15
6691.4 3.4456e-15
6694.1 3.4276e-15
6696.9 3.4375e-15
6699.7 3.4571e-15
6702.5 3.4648e-15
6705.3 3.2065e-15
6708.0 3.2414e-15
6710.8 3.6757e-15
6713.6 3.3689e-15
6716.4 3.3613e-15
6719.2 3.4375e-15
6722.0 3.4181e-15
6724.7 3.3175e-15
6727.5 3.3688e-15
6730.3 3.3339e-15
6733.1 3.3254e-15
6735.9 3.3532e-15
6738.6 3.3319e-15
6741.4 3.3757e-15
6744.2 3.3167e-15
6747.0 3.3493e-15
6749.8 3.3642e-15
6752.5 3.3114e-15
6755.3 3.1765e-15
6758.1 3.2749e-15
6760.9 3.2992e-15
6763.7 3.2326e-15
6766.5 3.2346e-15
6769.2 3.2528e-15
6772.0 3.3073e-15
6774.8 3.3099e-15
6777.6 3.2312e-15
6780.4 3.2248e-15
6783.1 3.2627e-15
6785.9 3.2837e-15
6788.7 3.2879e-15
6791.5 3.2575e-15
6794.3 3.2415e-15
6797.0 3.1772e-15
6799.8 3.1833e-15
6802.6 3.1950e-15
6805.4 3.1673e-15
6808.2 3.1153e-15
6810.9 3.1823e-15
6813.7 3.2094e-15
6816.5 3.1756e-15
6819.3 3.0966e-15
6822.1 3.1104e-15
6824.9 3.0899e-15
6827.6 3.1596e-15
6830.4 3.2078e-15
6833.2 3.1677e-15
6836.0 3.0978e-15
6838.8 3.1775e-15
6841.5 3.2500e-15
6844.3 3.1051e-15
6847.1 3.0889e-15
6849.9 3.1092e-15
6852.7 3.1153e-15
6855.4 3.0947e-15
6858.2 2.9923e-15
6861.0 2.9422e-15
6863.8 2.9486e-15
6866.6 2.9986e-15
6869.4 3.0346e-15
6872.1 2.9236e-15
6874.9 2.8283e-15
6877.7 2.7946e-15
6880.5 2.8244e-15
6883.3 2.9387e-15
6886.0 2.9297e-15
6888.8 2.9389e-15
6891.6 2.9831e-15
6894.4 2.9484e-15
6897.2 2.9417e-15
6899.9 2.9551e-15
6902.7 3.0054e-15
6905.5 2.9947e-15
6908.3 2.8759e-15
6911.1 2.8847e-15
6913.8 2.8880e-15
6916.6 2.8806e-15
6919.4 3.0212e-15
6922.2 2.9738e-15
6925.0 2.8361e-15
6927.8 2.9089e-15
6930.5 2.9416e-15
6933.3 2.9291e-15
6936.1 2.9688e-15
6938.9 2.9540e-15
6941.7 2.9490e-15
6944.4 2.9234e-15
6947.2 2.9247e-15
6950.0 2.9076e-15
6952.8 2.8772e-15
6955.6 2.8201e-15
6958.3 2.8884e-15
6961.1 2.9322e-15
6963.9 2.8863e-15
6966.7 2.8441e-15
6969.5 2.8464e-15
6972.3 2.8955e-15
6975.0 2.8565e-15
6977.8 2.9098e-15
6980.6 2.9358e-15
6983.4 2.7927e-15
6986.2 2.7679e-15
6988.9 2.8654e-15
6991.7 2.8739e-15
6994.5 2.8798e-15
6997.3 2.9020e-15
7000.1 2.9021e-15
7002.8 2.8817e-15
7005.6 2.8617e-15
7008.4 2.8634e-15
7011.2 2.8665e-15
7014.0 2.8552e-15
7016.8 2.8592e-15
7019.5 2.8739e-15
7022.3 2.8587e-15
7025.1 2.8387e-15
7027.9 2.8457e-15
7030.7 2.8587e-15
7033.4 2.8573e-15
7036.2 2.8473e-15
7039.0 2.8291e-15
7041.8 2.8128e-15
7044.6 2.8083e-15
7047.3 2.8091e-15
7050.1 2.8092e-15
7052.9 2.8079e-15
7055.7 2.8036e-15
7058.5 2.7941e-15
7061.2 2.7683e-15
7064.0 2.7287e-15
7066.8 2.7037e-15
7069.6 2.6973e-15
7072.4 2.7118e-15
7075.2 2.7514e-15
7077.9 2.7809e-15
7080.7 2.7811e-15
7083.5 2.7734e-15
7086.3 2.7803e-15
7089.1 2.7918e-15
7091.8 2.7817e-15
7094.6 2.7492e-15
7097.4 2.7204e-15
7100.2 2.7164e-15
7103.0 2.7250e-15
7105.7 2.7401e-15
7108.5 2.7624e-15
7111.3 2.7786e-15
7114.1 2.7864e-15
7116.9 2.7805e-15
7119.7 2.7786e-15
7122.4 2.8081e-15
7125.2 2.8583e-15
7128.0 2.9010e-15
7130.8 2.9280e-15
7133.6 2.9458e-15
7136.3 2.9424e-15
7139.1 2.9065e-15
7141.9 2.8656e-15
7144.7 2.8544e-15
7147.5 2.8634e-15
7150.2 2.8646e-15
7153.0 2.8546e-15
7155.8 2.8339e-15
7158.6 2.8259e-15
7161.4 2.8453e-15
7164.2 2.8565e-15
7166.9 2.8368e-15
7169.7 2.8294e-15
7172.5 2.8532e-15
7175.3 2.8875e-15
7178.1 2.9041e-15
7180.8 2.8992e-15
7183.6 2.8997e-15
7186.4 2.9227e-15
7189.2 2.9514e-15
7192.0 2.9451e-15
7194.7 2.9159e-15
7197.5 2.9197e-15
7200.3 2.9515e-15
7203.1 2.9679e-15
7205.9 2.9495e-15
7208.6 2.9206e-15
7211.4 2.9152e-15
7214.2 2.9292e-15
7217.0 2.9345e-15
7219.8 2.9188e-15
7222.6 2.8994e-15
7225.3 2.8897e-15
7228.1 2.8895e-15
7230.9 2.8830e-15
7233.7 2.8529e-15
7236.5 2.8276e-15
7239.2 2.8303e-15
7242.0 2.8360e-15
7244.8 2.8288e-15
7247.6 2.8387e-15
7250.4 2.8862e-15
7253.1 2.9210e-15
7255.9 2.9065e-15
7258.7 2.8951e-15
7261.5 2.9230e-15
7264.3 2.9559e-15
7267.1 2.9612e-15
7269.8 2.9438e-15
7272.6 2.9244e-15
7275.4 2.9253e-15
7278.2 2.9448e-15
7281.0 2.9450e-15
7283.7 2.9064e-15
7286.5 2.8538e-15
7289.3 2.8269e-15
7292.1 2.8196e-15
7294.9 2.7894e-15
7297.6 2.7555e-15
7300.4 2.7575e-15
7303.2 2.7853e-15
7306.0 2.8168e-15
7308.8 2.8205e-15
7311.6 2.7896e-15
7314.3 2.7754e-15
7317.1 2.7822e-15
7319.9 2.7752e-15
7322.7 2.7611e-15
7325.5 2.7440e-15
7328.2 2.7254e-15
7331.0 2.7094e-15
7333.8 2.6935e-15
7336.6 2.6841e-15
7339.4 2.6925e-15
7342.1 2.7217e-15
7344.9 2.7516e-15
7347.7 2.7750e-15
7350.5 2.7931e-15
7353.3 2.8043e-15
7356.0 2.8163e-15
7358.8 2.8271e-15
7361.6 2.8186e-15
7364.4 2.8072e-15
7367.2 2.8261e-15
7370.0 2.8633e-15
7372.7 2.8942e-15
7375.5 2.9218e-15
7378.3 2.9597e-15
7381.1 3.0072e-15
7383.9 3.0486e-15
7386.6 3.0460e-15
7389.4 3.0208e-15
7392.2 3.0214e-15
7395.0 3.0179e-15
7397.8 2.9763e-15
7400.5 2.9320e-15
7403.3 2.9265e-15
7406.1 2.9490e-15
7408.9 2.9553e-15
7411.7 2.9251e-15
7414.5 2.8746e-15
7417.2 2.8480e-15
7420.0 2.8793e-15
7422.8 2.9229e-15
7425.6 2.9278e-15
7428.4 2.9052e-15
7431.1 2.8638e-15
7433.9 2.8236e-15
7436.7 2.8374e-15
7439.5 2.8926e-15
7442.3 2.9259e-15
7445.0 2.9254e-15
7447.8 2.9008e-15
7450.6 2.8695e-15
7453.4 2.8638e-15
7456.2 2.8807e-15
7458.9 2.8868e-15
7461.7 2.8877e-15
7464.5 2.8973e-15
7467.3 2.9050e-15
7470.1 2.9040e-15
7472.9 2.8982e-15
7475.6 2.8888e-15
7478.4 2.8900e-15
7481.2 2.8976e-15
7484.0 2.9004e-15
7486.8 2.9168e-15
7489.5 2.9448e-15
7492.3 2.9550e-15
7495.1 2.9415e-15
7497.9 2.9117e-15
7500.7 2.8728e-15
7503.4 2.8541e-15
7506.2 2.8542e-15
7509.0 2.8507e-15
7511.8 2.8582e-15
7514.6 2.8650e-15
7517.4 2.8431e-15
7520.1 2.8208e-15
7522.9 2.8263e-15
7525.7 2.8423e-15
7528.5 2.8471e-15
7531.3 2.8202e-15
7534.0 2.7728e-15
7536.8 2.7694e-15
7539.6 2.8308e-15
7542.4 2.8947e-15
7545.2 2.9179e-15
7547.9 2.9243e-15
7550.7 2.9459e-15
7553.5 2.9745e-15
7556.3 2.9848e-15
7559.1 2.9779e-15
7561.9 2.9742e-15
7564.6 2.9629e-15
7567.4 2.9349e-15
7570.2 2.9108e-15
7573.0 2.8981e-15
7575.8 2.8938e-15
7578.5 2.8793e-15
7581.3 2.8409e-15
7584.1 2.7966e-15
7586.9 2.7603e-15
7589.7 2.7295e-15
7592.4 2.7158e-15
7595.2 2.7352e-15
7598.0 2.7642e-15
7600.8 2.7956e-15
7603.6 2.8373e-15
7606.3 2.8689e-15
7609.1 2.8414e-15
7611.9 2.7872e-15
7614.7 2.8024e-15
7617.5 2.8646e-15
7620.3 2.8838e-15
7623.0 2.8710e-15
7625.8 2.8640e-15
7628.6 2.8474e-15
7631.4 2.8159e-15
7634.2 2.7822e-15
7636.9 2.7747e-15
7639.7 2.8083e-15
7642.5 2.8459e-15
7645.3 2.8689e-15
7648.1 2.8774e-15
7650.8 2.8626e-15
7653.6 2.8471e-15
7656.4 2.8545e-15
7659.2 2.8788e-15
7662.0 2.8910e-15
7664.8 2.8611e-15
7667.5 2.8282e-15
7670.3 2.8240e-15
7673.1 2.8293e-15
7675.9 2.8389e-15
7678.7 2.8491e-15
7681.4 2.8429e-15
7684.2 2.8302e-15
7687.0 2.8301e-15
7689.8 2.8477e-15
7692.6 2.8760e-15
7695.3 2.9043e-15
7698.1 2.9259e-15
7700.9 2.9465e-15
7703.7 2.9583e-15
7706.5 2.9506e-15
7709.3 2.9552e-15
7712.0 2.9689e-15
7714.8 2.9294e-15
7717.6 2.8410e-15
7720.4 2.7960e-15
7723.2 2.8381e-15
7725.9 2.9012e-15
7728.7 2.9363e-15
7731.5 2.9550e-15
7734.3 2.9665e-15
7737.1 2.9757e-15
7739.8 2.9749e-15
7742.6 2.9499e-15
7745.4 2.9107e-15
7748.2 2.8876e-15
7751.0 2.8948e-15
7753.7 2.9318e-15
7756.5 2.9797e-15
7759.3 3.0297e-15
7762.1 3.0855e-15
7764.9 3.1158e-15
7767.7 3.0936e-15
7770.4 3.0530e-15
7773.2 3.0573e-15
7776.0 3.1136e-15
7778.8 3.1630e-15
7781.6 3.1751e-15
7784.3 3.1507e-15
7787.1 3.1008e-15
7789.9 3.0862e-15
7792.7 3.1295e-15
7795.5 3.1762e-15
7798.2 3.1898e-15
7801.0 3.2164e-15
7803.8 3.2829e-15
7806.6 3.3322e-15
7809.4 3.3265e-15
7812.2 3.2943e-15
7814.9 3.2846e-15
7817.7 3.3116e-15
7820.5 3.3462e-15
7823.3 3.3675e-15
7826.1 3.3966e-15
7828.8 3.4478e-15
7831.6 3.4891e-15
7834.4 3.5175e-15
7837.2 3.5886e-15
7840.0 3.7125e-15
7842.7 3.8228e-15
7845.5 3.8830e-15
7848.3 3.9089e-15
7851.1 3.8935e-15
7853.9 3.8312e-15
7856.7 3.7755e-15
7859.4 3.7857e-15
7862.2 3.8050e-15
7865.0 3.7840e-15
7867.8 3.7537e-15
7870.6 3.7177e-15
7873.3 3.6715e-15
7876.1 3.6417e-15
7878.9 3.6302e-15
7881.7 3.6400e-15
7884.5 3.6696e-15
7887.2 3.6962e-15
7890.0 3.7026e-15
7892.8 3.6655e-15
7895.6 3.6184e-15
7898.4 3.6187e-15
7901.1 3.6532e-15
7903.9 3.6910e-15
7906.7 3.7177e-15
7909.5 3.7113e-15
7912.3 3.6598e-15
7915.1 3.6144e-15
7917.8 3.6161e-15
7920.6 3.6438e-15
7923.4 3.6505e-15
7926.2 3.6213e-15
7929.0 3.5743e-15
7931.7 3.5540e-15
7934.5 3.5766e-15
7937.3 3.5885e-15
7940.1 3.5752e-15
7942.9 3.5829e-15
7945.6 3.6010e-15
7948.4 3.5927e-15
7951.2 3.5640e-15
7954.0 3.5374e-15
7956.8 3.5355e-15
7959.6 3.5531e-15
7962.3 3.5612e-15
7965.1 3.5470e-15
7967.9 3.5133e-15
7970.7 3.4714e-15
7973.5 3.4188e-15
7976.2 3.3591e-15
7979.0 3.3403e-15
7981.8 3.3612e-15
7984.6 3.3797e-15
7987.4 3.3821e-15
7990.1 3.3750e-15
7992.9 3.3601e-15
7995.7 3.3208e-15
7998.5 3.2667e-15
8001.3 3.2302e-15
8004.0 3.2188e-15
8006.8 3.2319e-15
8009.6 3.2629e-15
8012.4 3.2858e-15
8015.2 3.2814e-15
8018.0 3.2439e-15
8020.7 3.1864e-15
8023.5 3.1478e-15
8026.3 3.1290e-15
8029.1 3.1201e-15
8031.9 3.1224e-15
8034.6 3.1412e-15
8037.4 3.1740e-15
8040.2 3.1881e-15
8043.0 3.1267e-15
8045.8 3.0143e-15
8048.5 2.9659e-15
8051.3 2.9948e-15
8054.1 3.0167e-15
8056.9 3.0132e-15
8059.7 3.0042e-15
8062.5 3.0067e-15
8065.2 3.0421e-15
8068.0 3.0605e-15
8070.8 3.0191e-15
8073.6 2.9914e-15
8076.4 3.0494e-15
8079.1 3.1392e-15
8081.9 3.1700e-15
8084.7 3.1604e-15
8087.5 3.1325e-15
8090.3 3.0875e-15
8093.0 3.0846e-15
8095.8 3.1298e-15
8098.6 3.1525e-15
8101.4 3.1336e-15
8104.2 3.1172e-15
8107.0 3.1108e-15
8109.7 3.1148e-15
8112.5 3.1432e-15
8115.3 3.1683e-15
8118.1 3.1649e-15
8120.9 3.1317e-15
8123.6 3.0904e-15
8126.4 3.0740e-15
8129.2 3.0635e-15
8132.0 3.0661e-15
8134.8 3.1077e-15
8137.5 3.1450e-15
8140.3 3.1807e-15
8143.1 3.2223e-15
8145.9 3.2093e-15
8148.7 3.1433e-15
8151.4 3.0903e-15
8154.2 3.0848e-15
8157.0 3.1195e-15
8159.8 3.1327e-15
8162.6 3.1100e-15
8165.4 3.1095e-15
8168.1 3.1352e-15
8170.9 3.1611e-15
8173.7 3.1965e-15
8176.5 3.2334e-15
8179.3 3.2530e-15
8182.0 3.2565e-15
8184.8 3.2313e-15
8187.6 3.2097e-15
8190.4 3.2418e-15
8193.2 3.2800e-15
8195.9 3.2844e-15
8198.7 3.2859e-15
8201.5 3.3000e-15
8204.3 3.2978e-15
8207.1 3.2906e-15
8209.9 3.2946e-15
8212.6 3.3107e-15
8215.4 3.3445e-15
8218.2 3.3816e-15
8221.0 3.3975e-15
8223.8 3.3866e-15
8226.5 3.3594e-15
8229.3 3.3367e-15
8232.1 3.3162e-15
8234.9 3.2932e-15
8237.7 3.3016e-15
8240.4 3.3292e-15
8243.2 3.3267e-15
8246.0 3.3033e-15
8248.8 3.2898e-15
8251.6 3.3014e-15
8254.4 3.3333e-15
8257.1 3.3460e-15
8259.9 3.3261e-15
8262.7 3.2979e-15
8265.5 3.2582e-15
8268.3 3.2118e-15
8271.0 3.2049e-15
8273.8 3.2187e-15
8276.6 3.1957e-15
8279.4 3.1629e-15
8282.2 3.1585e-15
8284.9 3.1625e-15
8287.7 3.1316e-15
8290.5 3.0614e-15
8293.3 3.0134e-15
8296.1 3.0232e-15
8298.8 3.0427e-15
8301.6 3.0281e-15
8304.4 3.0158e-15
8307.2 3.0310e-15
8310.0 3.0480e-15
8312.8 3.0445e-15
8315.5 3.0353e-15
8318.3 3.0479e-15
8321.1 3.0572e-15
8323.9 3.0288e-15
8326.7 2.9839e-15
8329.4 2.9688e-15
8332.2 2.9861e-15
8335.0 3.0446e-15
8337.8 3.1802e-15
8340.6 3.3262e-15
8343.3 3.3802e-15
8346.1 3.3641e-15
8348.9 3.3169e-15
8351.7 3.2616e-15
8354.5 3.2578e-15
8357.3 3.2817e-15
8360.0 3.2887e-15
8362.8 3.3058e-15
8365.6 3.3662e-15
8368.4 3.4547e-15
8371.2 3.4991e-15
8373.9 3.5003e-15
8376.7 3.5259e-15
8379.5 3.5585e-15
8382.3 3.5053e-15
8385.1 3.3662e-15
8387.8 3.2544e-15
8390.6 3.2013e-15
8393.4 3.1584e-15
8396.2 3.1341e-15
8399.0 3.1584e-15
8401.8 3.2158e-15
8404.5 3.2654e-15
8407.3 3.2908e-15
8410.1 3.3089e-15
8412.9 3.3428e-15
8415.7 3.3593e-15
8418.4 3.2938e-15
8421.2 3.2036e-15
8424.0 3.2247e-15
8426.8 3.3241e-15
8429.6 3.3699e-15
8432.3 3.3508e-15
8435.1 3.3191e-15
8437.9 3.3035e-15
8440.7 3.3111e-15
8443.5 3.3315e-15
8446.2 3.3450e-15
8449.0 3.3535e-15
8451.8 3.3736e-15
8454.6 3.3858e-15
8457.4 3.3770e-15
8460.2 3.3927e-15
8462.9 3.4384e-15
8465.7 3.4699e-15
8468.5 3.5000e-15
8471.3 3.5191e-15
8474.1 3.5005e-15
8476.8 3.5056e-15
8479.6 3.5808e-15
8482.4 3.6604e-15
8485.2 3.6854e-15
8488.0 3.6790e-15
8490.7 3.6623e-15
8493.5 3.6472e-15
8496.3 3.6729e-15
8499.1 3.7464e-15
8501.9 3.8180e-15
8504.7 3.8435e-15
8507.4 3.8452e-15
8510.2 3.8557e-15
8513.0 3.8618e-15
8515.8 3.8758e-15
8518.6 3.8907e-15
8521.3 3.8832e-15
8524.1 3.8824e-15
8526.9 3.8834e-15
8529.7 3.8709e-15
8532.5 3.8829e-15
8535.2 3.9442e-15
8538.0 4.0047e-15
8540.8 3.9920e-15
8543.6 3.9372e-15
8546.4 3.9273e-15
8549.1 3.9648e-15
8551.9 4.0122e-15
8554.7 4.0550e-15
8557.5 4.0978e-15
8560.3 4.1361e-15
8563.1 4.1060e-15
8565.8 4.0237e-15
8568.6 4.0208e-15
8571.4 4.0815e-15
8574.2 4.1105e-15
8577.0 4.1168e-15
8579.7 4.1365e-15
8582.5 4.1809e-15
8585.3 4.2226e-15
8588.1 4.2116e-15
8590.9 4.1526e-15
8593.6 4.1249e-15
8596.4 4.1314e-15
8599.2 4.0994e-15
8602.0 4.0382e-15
8604.8 4.0137e-15
8607.6 4.0124e-15
8610.3 4.0144e-15
8613.1 4.0396e-15
8615.9 4.0828e-15
8618.7 4.1578e-15
8621.5 4.2380e-15
8624.2 4.2707e-15
8627.0 4.2294e-15
8629.8 4.1597e-15
8632.6 4.1230e-15
8635.4 4.0889e-15
8638.1 4.0249e-15
8640.9 3.9813e-15
8643.7 4.0070e-15
8646.5 4.0673e-15
8649.3 4.1279e-15
8652.1 4.1963e-15
8654.8 4.2175e-15
8657.6 4.1702e-15
8660.4 4.1312e-15
8663.2 4.1138e-15
8666.0 4.0801e-15
8668.7 4.0166e-15
8671.5 3.9604e-15
8674.3 3.9918e-15
8677.1 4.1003e-15
8679.9 4.1951e-15
8682.6 4.2137e-15
8685.4 4.1546e-15
8688.2 4.0880e-15
8691.0 4.0811e-15
8693.8 4.1027e-15
8696.5 4.1090e-15
8699.3 4.1262e-15
8702.1 4.2053e-15
8704.9 4.3107e-15
8707.7 4.3451e-15
8710.5 4.2991e-15
8713.2 4.2596e-15
8716.0 4.2783e-15
8718.8 4.3259e-15
8721.6 4.3288e-15
8724.4 4.2436e-15
8727.1 4.1869e-15
8729.9 4.2415e-15
8732.7 4.3180e-15
8735.5 4.3781e-15
8738.3 4.4352e-15
8741.0 4.4453e-15
8743.8 4.4062e-15
8746.6 4.3936e-15
8749.4 4.4293e-15
8752.2 4.4508e-15
8755.0 4.4456e-15
8757.7 4.4689e-15
8760.5 4.5077e-15
8763.3 4.5004e-15
8766.1 4.4755e-15
8768.9 4.4414e-15
8771.6 4.3624e-15
8774.4 4.3354e-15
8777.2 4.3818e-15
8780.0 4.4102e-15
8782.8 4.4353e-15
8785.5 4.4939e-15
8788.3 4.5414e-15
8791.1 4.5120e-15
8793.9 4.4120e-15
8796.7 4.3365e-15
8799.5 4.3186e-15
8802.2 4.3265e-15
8805.0 4.3418e-15
8807.8 4.3398e-15
8810.6 4.3224e-15
8813.4 4.3196e-15
8816.1 4.3650e-15
8818.9 4.4557e-15
8821.7 4.4978e-15
8824.5 4.4212e-15
8827.3 4.2924e-15
8830.0 4.2165e-15
