3190.0 9.1274e-15
3192.3 8.5836e-15
3194.6 7.8221e-15
3196.9 5.6002e-15
3199.2 7.7705e-15
3201.5 6.0371e-15
3203.8 7.4797e-15
3206.1 8.0987e-15
3208.4 7.7400e-15
3210.7 6.1325e-15
3213.0 6.8467e-15
3215.3 7.0570e-15
3217.6 8.3577e-15
3219.9 7.5726e-15
3222.2 7.1567e-15
3224.5 6.5169e-15
3226.8 5.5003e-15
3229.1 4.8660e-15
3231.4 4.7302e-15
3233.7 5.6969e-15
3236.0 5.6890e-15
3238.3 5.4997e-15
3240.6 7.6864e-15
3242.9 4.7649e-15
3245.2 6.0342e-15
3247.5 6.8551e-15
3249.8 5.6868e-15
3252.1 3.9754e-15
3254.4 4.7795e-15
3256.7 5.7070e-15
3259.0 5.6069e-15
3261.3 4.3363e-15
3263.6 6.3699e-15
3265.9 5.7944e-15
3268.2 6.1872e-15
3270.5 5.5866e-15
3272.8 5.7423e-15
3275.1 5.3708e-15
3277.4 4.9063e-15
3279.7 5.0924e-15
3282.0 5.7453e-15
3284.3 5.1435e-15
3286.6 6.1548e-15
3288.9 5.8407e-15
3291.2 5.8855e-15
3293.5 6.2851e-15
3295.8 4.9578e-15
3298.1 6.3477e-15
3300.4 6.0331e-15
3302.7 5.2447e-15
3305.0 4.9560e-15
3307.3 5.3859e-15
3309.6 5.7256e-15
3311.9 5.6590e-15
3314.2 6.2040e-15
3316.5 6.6490e-15
3318.8 5.7267e-15
3321.1 6.5128e-15
3323.4 5.9060e-15
3325.7 6.0606e-15
3328.0 6.6568e-15
3330.3 6.0327e-15
3332.6 5.4657e-15
3334.9 6.5516e-15
3337.2 5.9514e-15
3339.5 6.0250e-15
3341.8 6.8402e-15
3344.1 6.9848e-15
3346.4 6.7726e-15
3348.7 6.9411e-15
3351.0 6.9838e-15
3353.3 7.5686e-15
3355.6 7.6441e-15
3357.9 6.3917e-15
3360.2 7.3372e-15
3362.5 7.2196e-15
3364.8 7.3561e-15
3367.1 7.9251e-15
3369.4 7.7378e-15
3371.7 7.3013e-15
3374.0 8.0690e-15
3376.3 7.7795e-15
3378.6 7.4398e-15
3380.9 7.4702e-15
3383.2 7.7492e-15
3385.5 7.8572e-15
3387.8 8.1037e-15
3390.1 7.4340e-15
3392.4 8.1188e-15
3394.7 7.8506e-15
3397.0 7.6899e-15
3399.3 7.9047e-15
3401.6 7.8253e-15
3403.9 7.6723e-15
3406.2 7.5444e-15
3408.5 7.7839e-15
3410.8 7.7708e-15
3413.1 7.4203e-15
3415.4 7.7946e-15
3417.7 7.4724e-15
3420.0 7.8112e-15
3422.3 7.3186e-15
3424.6 8.0652e-15
3426.9 7.4161e-15
3429.2 7.8850e-15
3431.5 7.4428e-15
3433.8 7.7311e-15
3436.1 8.0288e-15
3438.4 7.5567e-15
3440.7 8.3463e-15
3443.0 8.0078e-15
3445.3 8.5102e-15
3447.6 8.0782e-15
3449.9 8.2609e-15
3452.2 8.6638e-15
3454.5 8.8267e-15
3456.8 8.8577e-15
3459.1 8.8808e-15
3461.4 9.0418e-15
3463.7 8.6622e-15
3466.0 8.8210e-15
3468.3 9.2331e-15
3470.6 9.5604e-15
3472.9 9.4349e-15
3475.2 9.6425e-15
3477.5 9.9637e-15
3479.8 1.0230e-14
3482.1 1.0367e-14
3484.4 1.0642e-14
3486.7 1.0521e-14
3489.0 1.0982e-14
3491.3 1.0889e-14
3493.6 1.1054e-14
3495.9 1.0874e-14
3498.2 1.1485e-14
3500.5 1.0708e-14
3502.8 1.0769e-14
3505.1 1.0862e-14
3507.4 1.0847e-14
3509.7 1.1177e-14
3512.0 1.0674e-14
3514.3 1.0875e-14
3516.6 1.1403e-14
3518.9 1.1130e-14
3521.2 1.1119e-14
3523.5 1.0977e-14
3525.8 1.1048e-14
3528.1 1.1069e-14
3530.4 1.1329e-14
3532.7 1.1415e-14
3535.0 1.1690e-14
3537.3 1.1295e-14
3539.6 1.1328e-14
3541.9 1.1516e-14
3544.2 1.1150e-14
3546.5 1.1307e-14
3548.8 1.1208e-14
3551.1 1.1049e-14
3553.4 1.1000e-14
3555.7 1.0843e-14
3558.0 1.0835e-14
3560.3 1.0876e-14
3562.6 1.1112e-14
3564.9 1.1166e-14
3567.2 1.1058e-14
3569.5 1.1199e-14
3571.8 1.0942e-14
3574.1 1.1054e-14
3576.4 1.1317e-14
3578.7 1.1503e-14
3581.0 1.1237e-14
3583.3 1.1170e-14
3585.6 1.1338e-14
3587.9 1.1381e-14
3590.2 1.1434e-14
3592.5 1.1567e-14
3594.8 1.1660e-14
3597.1 1.1715e-14
3599.4 1.1830e-14
3601.7 1.1765e-14
3604.0 1.2017e-14
3606.3 1.1926e-14
3608.6 1.1853e-14
3610.9 1.2311e-14
3613.2 1.2284e-14
3615.5 1.2195e-14
3617.8 1.1911e-14
3620.1 1.1867e-14
3622.4 1.1660e-14
3624.7 1.1689e-14
3627.0 1.1710e-14
3629.3 1.1580e-14
3631.6 1.1662e-14
3633.9 1.1435e-14
3636.2 1.1670e-14
3638.5 1.1488e-14
3640.8 1.1624e-14
3643.1 1.1481e-14
3645.4 1.1502e-14
3647.7 1.1744e-14
3650.0 1.1692e-14
3652.3 1.1297e-14
3654.6 1.1434e-14
3656.9 1.1421e-14
3659.2 1.1310e-14
3661.5 1.1135e-14
3663.8 1.0914e-14
3666.1 1.0918e-14
3668.4 1.0530e-14
3670.7 1.0383e-14
3673.0 9.8522e-15
3675.3 9.8701e-15
3677.6 9.6862e-15
3679.9 9.5674e-15
3682.2 9.2524e-15
3684.5 9.2231e-15
3686.8 8.8547e-15
3689.1 8.5039e-15
3691.4 8.5469e-15
3693.7 8.0543e-15
3696.0 7.6936e-15
3698.3 7.4439e-15
3700.6 7.1317e-15
3702.9 7.1775e-15
3705.2 6.9063e-15
3707.5 6.6939e-15
3709.8 6.3680e-15
3712.1 6.2301e-15
3714.3 6.1400e-15
3716.7 6.3622e-15
3718.9 6.0126e-15
3721.2 6.0813e-15
3723.6 5.8499e-15
3725.8 5.9068e-15
3728.2 5.7143e-15
3730.4 5.6315e-15
3732.8 5.5186e-15
3735.1 5.1667e-15
3737.3 5.1889e-15
3739.7 5.1183e-15
3741.9 5.2033e-15
3744.2 5.0795e-15
3746.6 4.8698e-15
3748.8 4.9344e-15
3751.2 4.9920e-15
3753.4 4.9848e-15
3755.8 5.0409e-15
3758.1 5.1057e-15
3760.3 5.0543e-15
3762.7 5.1552e-15
3764.9 5.1940e-15
3767.2 5.3788e-15
3769.6 5.3877e-15
3771.8 5.5342e-15
3774.2 5.5991e-15
3776.4 5.5760e-15
3778.8 5.6337e-15
3781.1 5.8477e-15
3783.3 5.9929e-15
3785.7 6.1119e-15
3787.9 6.3561e-15
3790.2 6.1659e-15
3792.6 6.2167e-15
3794.8 6.2731e-15
3797.2 6.4477e-15
3799.4 6.4709e-15
3801.8 6.3129e-15
3804.1 6.4005e-15
3806.3 6.4128e-15
3808.7 6.4086e-15
3810.9 6.2638e-15
3813.2 6.2712e-15
3815.6 6.4049e-15
3817.8 6.3108e-15
3820.2 6.4118e-15
3822.4 6.3700e-15
3824.7 6.2900e-15
3827.0 6.2334e-15
3829.3 6.4325e-15
3831.6 6.5756e-15
3833.9 6.5354e-15
3836.2 6.4313e-15
3838.5 6.3437e-15
3840.8 6.5061e-15
3843.1 6.5208e-15
3845.4 6.7956e-15
3847.7 6.7867e-15
3850.0 6.8569e-15
3852.3 7.0624e-15
3854.6 7.1824e-15
3856.9 7.2422e-15
3859.2 7.3963e-15
3861.5 7.5180e-15
3863.8 7.5090e-15
3866.1 7.6873e-15
3868.4 7.5970e-15
3870.7 7.8247e-15
3873.0 8.0016e-15
3875.3 8.0709e-15
3877.6 8.3946e-15
3879.9 8.4543e-15
3882.2 8.6935e-15
3884.5 8.9156e-15
3886.8 8.9129e-15
3889.1 9.1516e-15
3891.4 9.2341e-15
3893.7 9.4460e-15
3896.0 9.6149e-15
3898.3 9.6816e-15
3900.6 9.9609e-15
3902.9 9.8065e-15
3905.2 9.9267e-15
3907.5 1.0266e-14
3909.8 1.0084e-14
3912.1 1.0255e-14
3914.4 1.0553e-14
3916.7 1.0768e-14
3919.0 1.0901e-14
3921.3 1.0988e-14
3923.6 1.1172e-14
3925.9 1.1263e-14
3928.2 1.1174e-14
3930.5 1.0949e-14
3932.8 1.0885e-14
3935.1 1.1115e-14
3937.4 1.1501e-14
3939.7 1.1787e-14
3942.0 1.1882e-14
3944.3 1.1918e-14
3946.6 1.2068e-14
3948.9 1.2205e-14
3951.2 1.2344e-14
3953.5 1.2447e-14
3955.8 1.2448e-14
3958.1 1.2630e-14
3960.4 1.2847e-14
3962.7 1.2856e-14
3965.0 1.2872e-14
3967.3 1.2673e-14
3969.6 1.2905e-14
3971.9 1.2980e-14
3974.2 1.3073e-14
3976.5 1.2918e-14
3978.8 1.2989e-14
3981.1 1.3244e-14
3983.4 1.3246e-14
3985.7 1.3009e-14
3988.0 1.2958e-14
3990.3 1.3088e-14
3992.6 1.3145e-14
3994.9 1.2852e-14
3997.2 1.2544e-14
3999.5 1.2634e-14
4001.8 1.2469e-14
4004.1 1.2307e-14
4006.4 1.2012e-14
4008.7 1.1881e-14
4011.0 1.1790e-14
4013.3 1.1664e-14
4015.6 1.1674e-14
4017.9 1.1488e-14
4020.2 1.1545e-14
4022.5 1.1516e-14
4024.8 1.1356e-14
4027.1 1.1180e-14
4029.4 1.1021e-14
4031.7 1.1090e-14
4034.0 1.1199e-14
4036.3 1.1223e-14
4038.6 1.1098e-14
4040.9 1.1202e-14
4043.2 1.1218e-14
4045.5 1.1230e-14
4047.8 1.1484e-14
4050.1 1.1433e-14
4052.4 1.1570e-14
4054.7 1.1397e-14
4057.0 1.1598e-14
4059.3 1.1669e-14
4061.6 1.1690e-14
4063.9 1.1815e-14
4066.2 1.1953e-14
4068.5 1.1804e-14
4070.8 1.1997e-14
4073.1 1.2149e-14
4075.4 1.2120e-14
4077.7 1.2191e-14
4080.0 1.2257e-14
4082.3 1.2198e-14
4084.6 1.2351e-14
4086.9 1.2574e-14
4089.2 1.2430e-14
4091.5 1.2549e-14
4093.8 1.2576e-14
4096.1 1.2606e-14
4098.4 1.2730e-14
4100.7 1.2562e-14
4103.0 1.2713e-14
4105.3 1.2717e-14
4107.6 1.2698e-14
4109.9 1.2638e-14
4112.2 1.2704e-14
4114.5 1.2540e-14
4116.8 1.2588e-14
4119.1 1.2570e-14
4121.4 1.2540e-14
4123.7 1.2551e-14
4126.0 1.2554e-14
4128.3 1.2482e-14
4130.6 1.2553e-14
4132.9 1.2516e-14
4135.2 1.2607e-14
4137.5 1.2457e-14
4139.8 1.2273e-14
4142.1 1.2329e-14
4144.4 1.2122e-14
4146.7 1.1946e-14
4149.0 1.1789e-14
4151.3 1.1491e-14
4153.6 1.1469e-14
4155.9 1.1331e-14
4158.2 1.1336e-14
4160.5 1.1186e-14
4162.8 1.1164e-14
4165.1 1.1108e-14
4167.4 1.1049e-14
4169.7 1.1091e-14
4172.0 1.1113e-14
4174.3 1.0979e-14
4176.6 1.0886e-14
4178.9 1.0983e-14
4181.2 1.0911e-14
4183.5 1.0696e-14
4185.8 1.0855e-14
4188.1 1.0664e-14
4190.4 1.0514e-14
4192.7 1.0592e-14
4195.0 1.0616e-14
4197.3 1.0625e-14
4199.6 1.0635e-14
4201.9 1.0637e-14
4204.2 1.0537e-14
4206.5 1.0484e-14
4208.8 1.0520e-14
4211.1 1.0357e-14
4213.4 1.0217e-14
4215.7 1.0196e-14
4218.0 9.9575e-15
4220.3 9.9455e-15
4222.6 1.0070e-14
4224.9 9.8913e-15
4227.2 9.8296e-15
4229.5 9.5902e-15
4231.8 9.5851e-15
4234.1 9.4286e-15
4236.4 9.3854e-15
4238.7 9.2943e-15
4241.0 9.0861e-15
4243.3 9.0147e-15
4245.6 8.9448e-15
4247.9 8.8289e-15
4250.2 8.7709e-15
4252.5 8.8637e-15
4254.8 8.7381e-15
4257.1 8.7630e-15
4259.4 8.5702e-15
4261.7 8.5426e-15
4264.0 8.4767e-15
4266.3 8.4669e-15
4268.6 8.3151e-15
4270.9 8.2259e-15
4273.2 8.2152e-15
4275.5 8.1811e-15
4277.8 8.2449e-15
4280.1 8.1771e-15
4282.4 8.1522e-15
4284.7 8.1065e-15
4287.0 8.0359e-15
4289.3 8.0245e-15
4291.6 7.8131e-15
4293.9 7.8642e-15
4296.2 7.9163e-15
4298.5 7.8818e-15
4300.8 7.7642e-15
4303.1 7.6027e-15
4305.4 7.5730e-15
4307.7 7.6559e-15
4310.0 7.4336e-15
4312.3 7.3639e-15
4314.6 7.3965e-15
4316.9 7.2208e-15
4319.2 7.2001e-15
4321.5 7.1068e-15
4323.8 7.1313e-15
4326.1 7.0495e-15
4328.4 7.0387e-15
4330.7 6.9782e-15
4333.0 7.0820e-15
4335.3 6.9585e-15
4337.6 7.0092e-15
4339.9 6.9538e-15
4342.2 7.0232e-15
4344.5 6.9224e-15
4346.8 6.8877e-15
4349.1 6.9268e-15
4351.4 7.0424e-15
4353.7 7.0804e-15
4356.0 7.0232e-15
4358.3 7.1412e-15
4360.6 7.1863e-15
4362.9 7.1216e-15
4365.2 7.2861e-15
4367.5 7.2373e-15
4369.8 7.2261e-15
4372.1 7.2436e-15
4374.4 7.3866e-15
4376.7 7.3162e-15
4379.0 7.2988e-15
4381.3 7.5046e-15
4383.6 7.6301e-15
4385.9 7.7122e-15
4388.2 7.6683e-15
4390.5 7.8890e-15
4392.8 7.8729e-15
4395.1 7.9031e-15
4397.4 7.9888e-15
4399.7 8.0272e-15
4402.0 7.9816e-15
4404.3 8.1270e-15
4406.6 8.1148e-15
4408.9 8.0787e-15
4411.2 8.1698e-15
4413.5 8.1986e-15
4415.8 8.2457e-15
4418.1 8.3047e-15
4420.4 8.1659e-15
4422.7 8.1320e-15
4425.0 8.0610e-15
4427.3 7.9192e-15
4429.6 7.8603e-15
4431.9 7.6945e-15
4434.2 7.5829e-15
4436.5 7.5751e-15
4438.8 7.3733e-15
4441.1 7.3303e-15
4443.4 7.2351e-15
4445.7 6.9676e-15
4448.0 7.0699e-15
4450.3 6.8619e-15
4452.6 6.8746e-15
4454.9 6.6824e-15
4457.2 6.5253e-15
4459.5 6.4790e-15
4461.8 6.6102e-15
4464.1 6.5516e-15
4466.4 6.5823e-15
4468.7 6.6406e-15
4471.0 6.5866e-15
4473.3 6.6853e-15
4475.6 6.7348e-15
4477.9 6.8386e-15
4480.2 6.6983e-15
4482.5 6.6500e-15
4484.8 6.8198e-15
4487.1 6.9122e-15
4489.4 7.0353e-15
4491.7 6.9765e-15
4494.0 7.2148e-15
4496.3 7.3082e-15
4498.6 7.3774e-15
4500.9 7.5083e-15
4503.2 7.6264e-15
4505.5 7.7280e-15
4507.8 7.8421e-15
4510.1 7.8677e-15
4512.4 7.9335e-15
4514.7 7.9156e-15
4517.0 7.9907e-15
4519.3 8.0038e-15
4521.6 8.0519e-15
4523.9 8.1398e-15
4526.2 8.0744e-15
4528.5 8.1501e-15
4530.8 8.1612e-15
4533.1 8.1634e-15
4535.4 8.0010e-15
4537.7 8.0175e-15
4540.0 7.9191e-15
4542.3 7.9711e-15
4544.6 7.9330e-15
4546.9 7.9933e-15
4549.2 7.8883e-15
4551.5 7.9236e-15
4553.8 7.9605e-15
4556.1 7.9540e-15
4558.4 7.9556e-15
4560.7 8.0473e-15
4563.0 7.9930e-15
4565.3 7.8998e-15
4567.6 7.9813e-15
4569.9 7.9589e-15
4572.2 7.9779e-15
4574.5 7.9398e-15
4576.8 7.9524e-15
4579.1 7.7900e-15
4581.4 7.9963e-15
4583.7 7.9369e-15
4586.0 7.8800e-15
4588.3 7.9672e-15
4590.6 7.9266e-15
4592.9 7.9106e-15
4595.2 8.1163e-15
4597.5 7.9186e-15
4599.8 7.9329e-15
4602.1 8.0533e-15
4604.4 7.9933e-15
4606.7 7.9728e-15
4609.0 7.8542e-15
4611.3 7.9895e-15
4613.6 8.1327e-15
4615.9 8.0456e-15
4618.2 8.1308e-15
4620.5 8.1372e-15
4622.8 8.1509e-15
4625.1 8.0774e-15
4627.4 8.1928e-15
4629.7 8.2079e-15
4632.0 8.0276e-15
4634.3 7.6451e-15
4636.6 7.5302e-15
4638.9 8.2149e-15
4641.2 8.1770e-15
4643.5 8.2385e-15
4645.8 7.9979e-15
4648.1 8.1449e-15
4650.4 8.0547e-15
4652.7 8.0335e-15
4655.0 8.1204e-15
4657.3 7.9963e-15
4659.6 8.0935e-15
4661.9 8.0444e-15
4664.2 8.0311e-15
4666.5 7.9345e-15
4668.8 7.9660e-15
4671.1 7.8016e-15
4673.4 7.8581e-15
4675.7 7.6783e-15
4678.0 7.6011e-15
4680.3 7.4822e-15
4682.6 7.3812e-15
4684.9 7.4088e-15
4687.2 7.3586e-15
4689.5 7.3005e-15
4691.8 7.1999e-15
4694.1 7.2007e-15
4696.4 6.9784e-15
4698.7 6.8600e-15
4701.0 6.9173e-15
4703.3 6.8356e-15
4705.6 6.7673e-15
4707.9 6.7912e-15
4710.2 6.8657e-15
4712.5 6.7356e-15
4714.8 6.7303e-15
4717.1 6.7551e-15
4719.4 6.7026e-15
4721.7 6.6278e-15
4724.0 6.7261e-15
4726.3 6.6761e-15
4728.6 6.7368e-15
4730.9 6.6724e-15
4733.2 6.7507e-15
4735.5 6.7360e-15
4737.8 6.7871e-15
4740.1 6.6998e-15
4742.4 6.6656e-15
4744.7 6.6693e-15
4747.0 6.7008e-15
4749.3 6.7767e-15
4751.6 6.7236e-15
4753.9 6.7414e-15
4756.2 6.7570e-15
4758.5 6.7301e-15
4760.8 6.6511e-15
4763.1 6.6964e-15
4765.4 6.6980e-15
4767.7 6.6357e-15
4770.0 6.5719e-15
4772.3 6.6711e-15
4774.6 6.5248e-15
4776.9 6.4746e-15
4779.2 6.4898e-15
4781.5 6.4890e-15
4783.8 6.4095e-15
4786.1 6.4140e-15
4788.4 6.4038e-15
4790.7 6.3218e-15
4793.0 6.3943e-15
4795.3 6.4031e-15
4797.6 6.3720e-15
4799.9 6.3886e-15
4802.2 6.3363e-15
4804.5 6.3456e-15
4806.8 6.3803e-15
4809.1 6.4269e-15
4811.4 6.4876e-15
4813.7 6.4516e-15
4816.0 6.4399e-15
4818.3 6.4713e-15
4820.6 6.5340e-15
4822.9 6.5838e-15
4825.2 6.6043e-15
4827.5 6.6742e-15
4829.8 6.6739e-15
4832.1 6.7756e-15
4834.4 6.6066e-15
4836.7 6.7221e-15
4839.0 6.6615e-15
4841.3 6.6172e-15
4843.6 6.6339e-15
4845.9 6.4117e-15
4848.2 6.4797e-15
4850.5 6.4244e-15
4852.8 6.4382e-15
4855.1 6.3601e-15
4857.4 6.3386e-15
4859.6 6.2538e-15
4861.9 6.3050e-15
4864.2 6.2152e-15
4866.6 6.1401e-15
4868.9 6.0433e-15
4871.1 5.8634e-15
4873.4 5.8992e-15
4875.8 5.7627e-15
4878.1 5.7076e-15
4880.4 5.6677e-15
4882.6 5.6473e-15
4884.9 5.5398e-15
4887.2 5.5545e-15
4889.6 5.3941e-15
4891.9 5.3919e-15
4894.1 5.3801e-15
4896.4 5.3563e-15
4898.8 5.1747e-15
4901.1 5.2176e-15
4903.4 5.1581e-15
4905.6 5.1635e-15
4907.9 5.1599e-15
4910.2 5.1075e-15
4912.6 5.1420e-15
4914.9 5.1674e-15
4917.1 5.1790e-15
4919.4 5.1185e-15
4921.8 5.1988e-15
4924.1 5.0807e-15
4926.4 5.1022e-15
4928.6 5.0659e-15
4930.9 5.0772e-15
4933.2 5.1484e-15
4935.6 5.1394e-15
4937.9 5.1851e-15
4940.1 5.2347e-15
4942.4 5.1523e-15
4944.8 5.1548e-15
4947.1 5.1722e-15
4949.4 5.2327e-15
4951.6 5.1463e-15
4953.9 5.2487e-15
4956.2 5.1959e-15
4958.6 5.2748e-15
4960.9 5.3137e-15
4963.1 5.1723e-15
4965.4 5.2942e-15
4967.8 5.3117e-15
4970.0 5.2898e-15
4972.3 5.3411e-15
4974.6 5.2180e-15
4976.9 5.2229e-15
4979.2 5.2976e-15
4981.5 5.3221e-15
4983.8 5.3748e-15
4986.1 5.3128e-15
4988.4 5.2992e-15
4990.7 5.2533e-15
4993.0 5.3951e-15
4995.3 5.3588e-15
4997.6 5.3627e-15
4999.9 5.2772e-15
5002.2 5.2856e-15
5004.5 5.3009e-15
5006.8 5.2764e-15
5009.1 5.3011e-15
5011.4 5.2640e-15
5013.7 5.3862e-15
5016.0 5.2111e-15
5018.3 5.2360e-15
5020.6 5.3139e-15
5022.9 5.2155e-15
5025.2 5.2255e-15
5027.5 5.1440e-15
5029.8 5.2123e-15
5032.1 5.1441e-15
5034.4 5.2056e-15
5036.7 5.1116e-15
5039.0 5.1257e-15
5041.3 5.1471e-15
5043.6 5.2472e-15
5045.9 5.2070e-15
5048.2 5.1551e-15
5050.5 5.1651e-15
5052.8 5.2536e-15
5055.1 5.2384e-15
5057.4 5.2486e-15
5059.7 5.3968e-15
5062.0 5.4331e-15
5064.3 5.3233e-15
5066.6 5.3859e-15
5068.9 5.3941e-15
5071.2 5.3850e-15
5073.5 5.4276e-15
5075.8 5.5530e-15
5078.1 5.6500e-15
5080.4 5.4447e-15
5082.7 5.4768e-15
5085.0 5.7198e-15
5087.3 5.7874e-15
5089.6 5.6062e-15
5091.9 5.6047e-15
5094.2 5.7047e-15
5096.5 5.7248e-15
5098.8 5.7158e-15
5101.1 5.7343e-15
5103.4 5.7596e-15
5105.7 5.6364e-15
5108.0 5.6465e-15
5110.3 5.7013e-15
5112.6 5.7054e-15
5114.9 5.7838e-15
5117.2 5.7932e-15
5119.5 5.7746e-15
5121.8 5.8643e-15
5124.1 5.9399e-15
5126.4 5.9039e-15
5128.7 5.8826e-15
5131.0 5.9523e-15
5133.3 5.9979e-15
5135.6 6.0441e-15
5137.9 5.9951e-15
5140.2 6.1217e-15
5142.5 6.2375e-15
5144.8 6.1620e-15
5147.1 6.1427e-15
5149.4 6.1649e-15
5151.7 6.2046e-15
5154.0 6.2182e-15
5156.3 6.2482e-15
5158.6 6.2309e-15
5160.9 6.2821e-15
5163.2 6.2363e-15
5165.5 6.1599e-15
5167.8 6.1442e-15
5170.1 6.1017e-15
5172.4 6.2056e-15
5174.7 6.1003e-15
5177.0 6.0008e-15
5179.3 6.0925e-15
5181.6 6.0559e-15
5183.9 6.0348e-15
5186.2 6.0761e-15
5188.5 6.0597e-15
5190.8 6.0569e-15
5193.1 6.0329e-15
5195.4 6.0798e-15
5197.7 6.0085e-15
5200.0 5.9520e-15
5202.3 6.0292e-15
5204.6 6.1499e-15
5206.9 5.9604e-15
5209.2 6.0721e-15
5211.5 6.0659e-15
5213.8 5.9613e-15
5216.1 6.1313e-15
5218.4 6.1364e-15
5220.7 6.1619e-15
5223.0 6.1537e-15
5225.3 6.1421e-15
5227.6 6.1047e-15
5229.9 5.9681e-15
5232.2 6.0507e-15
5234.5 6.0565e-15
5236.8 6.0272e-15
5239.1 6.0012e-15
5241.4 6.0857e-15
5243.7 6.0484e-15
5246.0 6.0599e-15
5248.3 6.0727e-15
5250.6 6.0475e-15
5252.9 5.9942e-15
5255.2 5.9247e-15
5257.5 5.9204e-15
5259.8 5.7998e-15
5262.1 5.8268e-15
5264.4 5.7018e-15
5266.7 5.6977e-15
5269.0 5.5583e-15
5271.3 5.4717e-15
5273.6 5.4423e-15
5275.9 5.3973e-15
5278.2 5.3208e-15
5280.5 5.2829e-15
5282.8 5.2080e-15
5285.1 5.0990e-15
5287.4 4.9997e-15
5289.7 5.0169e-15
5292.0 4.8670e-15
5294.3 4.8051e-15
5296.6 4.7605e-15
5298.9 4.6311e-15
5301.2 4.6597e-15
5303.5 4.5959e-15
5305.8 4.5996e-15
5308.1 4.5854e-15
5310.4 4.5833e-15
5312.7 4.5554e-15
5315.0 4.5316e-15
5317.3 4.4940e-15
5319.6 4.5262e-15
5321.9 4.4823e-15
5324.2 4.4649e-15
5326.5 4.4729e-15
5328.8 4.5018e-15
5331.1 4.5137e-15
5333.4 4.4665e-15
5335.7 4.5643e-15
5338.0 4.5890e-15
5340.3 4.5326e-15
5342.6 4.4265e-15
5344.9 4.4497e-15
5347.2 4.5005e-15
5349.5 4.4200e-15
5351.8 4.4752e-15
5354.1 4.4636e-15
5356.4 4.4505e-15
5358.7 4.4775e-15
5361.0 4.5088e-15
5363.3 4.5604e-15
5365.6 4.5099e-15
5367.9 4.5423e-15
5370.2 4.5030e-15
5372.5 4.5947e-15
5374.8 4.5951e-15
5377.1 4.6316e-15
5379.4 4.6869e-15
5381.7 4.7541e-15
5384.0 4.7691e-15
5386.3 4.7510e-15
5388.6 4.8140e-15
5390.9 4.7696e-15
5393.2 4.8118e-15
5395.5 4.8468e-15
5397.8 4.9083e-15
5400.1 4.8850e-15
5402.4 4.9426e-15
5404.7 4.9257e-15
5407.0 4.9461e-15
5409.3 4.8756e-15
5411.6 4.9271e-15
5413.9 4.9094e-15
5416.2 4.8619e-15
5418.5 4.8385e-15
5420.8 4.8136e-15
5423.1 4.7856e-15
5425.4 4.8459e-15
5427.7 4.7955e-15
5430.0 4.7526e-15
5432.3 4.7871e-15
5434.6 4.8614e-15
5436.9 4.7578e-15
5439.2 4.8618e-15
5441.5 4.8164e-15
5443.8 4.8257e-15
5446.1 4.7173e-15
5448.4 4.6776e-15
5450.7 4.6344e-15
5453.0 4.6770e-15
5455.3 4.5350e-15
5457.6 4.5562e-15
5459.9 4.6566e-15
5462.2 4.6424e-15
5464.5 4.4045e-15
5466.8 4.4022e-15
5469.1 4.3888e-15
5471.4 4.3490e-15
5473.7 4.4057e-15
5476.0 4.2490e-15
5478.3 4.2594e-15
5480.6 4.2861e-15
5482.9 4.1909e-15
5485.2 4.1409e-15
5487.5 4.1130e-15
5489.8 4.0778e-15
5492.1 4.1473e-15
5494.4 4.1519e-15
5496.7 4.0217e-15
5499.0 4.0432e-15
5501.3 4.1668e-15
5503.6 4.0020e-15
5505.9 4.0401e-15
5508.2 3.9725e-15
5510.5 4.1975e-15
5512.8 4.0460e-15
5515.1 4.0631e-15
5517.4 4.1207e-15
5519.7 4.1827e-15
5522.0 4.2933e-15
5524.3 4.2217e-15
5526.6 4.2698e-15
5528.9 4.2429e-15
5531.2 4.3476e-15
5533.5 4.4260e-15
5535.8 4.3888e-15
5538.1 4.4912e-15
5540.4 4.4899e-15
5542.7 4.4093e-15
5545.0 4.5469e-15
5547.3 4.4528e-15
5549.6 4.4532e-15
5551.9 4.4445e-15
5554.2 4.5957e-15
5556.5 4.6047e-15
5558.8 4.5340e-15
5561.1 4.6718e-15
5563.4 4.8829e-15
5565.7 4.8678e-15
5568.0 4.7029e-15
5570.3 4.7181e-15
5572.6 4.7571e-15
5574.9 4.5653e-15
5577.2 4.7131e-15
5579.5 4.8345e-15
5581.8 4.7654e-15
5584.1 4.6204e-15
5586.4 4.8613e-15
5588.7 4.6345e-15
5591.0 4.6804e-15
5593.3 4.5549e-15
5595.6 4.5689e-15
5597.9 4.5751e-15
5600.2 4.6141e-15
5602.5 4.5538e-15
5604.8 4.4670e-15
5607.1 4.4662e-15
5609.4 4.4265e-15
5611.7 4.2847e-15
5614.0 4.3577e-15
5616.3 4.4255e-15
5618.6 4.5411e-15
5620.9 4.4996e-15
5623.2 4.4638e-15
5625.5 4.5186e-15
5627.8 4.5352e-15
5630.1 4.5248e-15
5632.4 4.5113e-15
5634.7 4.4788e-15
5637.0 4.5341e-15
5639.3 4.4960e-15
5641.6 4.5519e-15
5644.9 4.6368e-15
5647.2 4.6016e-15
5649.5 4.5610e-15
5651.8 4.5408e-15
5654.1 4.5116e-15
5656.4 4.5106e-15
5658.7 4.4967e-15
5661.0 4.4630e-15
5663.3 4.4143e-15
5665.6 4.3913e-15
5667.9 4.3860e-15
5670.2 4.3726e-15
5672.5 4.4031e-15
5674.8 4.3693e-15
5677.1 4.3478e-15
5679.4 4.4192e-15
5681.7 4.4679e-15
5684.0 4.4655e-15
5686.3 4.4758e-15
5688.6 4.5126e-15
5690.9 4.5693e-15
5693.2 4.6272e-15
5695.5 4.6818e-15
5697.8 4.7478e-15
5700.1 4.7567e-15
5702.4 4.7534e-15
5704.7 4.7957e-15
5707.0 4.7726e-15
5709.3 4.7895e-15
5711.6 4.8131e-15
5713.9 4.8528e-15
5716.2 4.9020e-15
5718.5 4.8528e-15
5720.8 4.8307e-15
5723.1 4.8733e-15
5725.4 4.9231e-15
5727.7 4.9182e-15
5730.0 4.8704e-15
5732.3 4.8835e-15
5734.6 4.9178e-15
5736.9 4.8979e-15
5739.2 4.8535e-15
5741.5 4.8325e-15
5743.8 4.8528e-15
5746.1 4.8328e-15
5748.4 4.7882e-15
5750.7 4.7789e-15
5753.0 4.8004e-15
5755.3 4.7733e-15
5757.6 4.7252e-15
5759.9 4.6897e-15
5762.2 4.6857e-15
5764.5 4.7196e-15
5766.8 4.7359e-15
5769.1 4.7161e-15
5771.4 4.7357e-15
5773.7 4.7363e-15
5776.0 4.6879e-15
5778.3 4.6727e-15
5780.6 4.6579e-15
5782.9 4.6316e-15
5785.2 4.6219e-15
5787.5 4.5818e-15
5789.8 4.5691e-15
5792.1 4.5892e-15
5794.4 4.5638e-15
5796.7 4.5810e-15
5799.0 4.5832e-15
5801.3 4.5441e-15
5803.6 4.5425e-15
5805.9 4.5419e-15
5808.2 4.4875e-15
5810.5 4.4576e-15
5812.8 4.4731e-15
5815.1 4.4391e-15
5817.4 4.4342e-15
5819.7 4.4510e-15
5822.0 4.4474e-15
5824.3 4.4360e-15
5826.6 4.4126e-15
5828.9 4.4337e-15
5831.2 4.4350e-15
5833.5 4.4182e-15
5835.8 4.3768e-15
5838.1 4.4180e-15
5840.4 4.4026e-15
5842.7 4.3779e-15
5845.0 4.4247e-15
5847.3 4.4866e-15
5849.6 4.4449e-15
5851.9 4.4070e-15
5854.2 4.4544e-15
5856.5 4.4643e-15
5858.8 4.4346e-15
5861.1 4.4459e-15
5863.4 4.4433e-15
5865.7 4.3925e-15
5868.0 4.3725e-15
5870.3 4.3872e-15
5872.6 4.4052e-15
5874.9 4.4317e-15
5877.2 4.4120e-15
5879.5 4.4285e-15
5881.8 4.4475e-15
5884.1 4.3601e-15
5886.4 4.3110e-15
5888.7 4.3722e-15
5891.0 4.3280e-15
5893.3 4.2264e-15
5895.6 4.2252e-15
5897.9 4.2118e-15
5900.2 4.1523e-15
5902.5 4.2184e-15
5904.8 4.2968e-15
5907.1 4.3037e-15
5909.4 4.3344e-15
5911.7 4.3248e-15
5914.0 4.3537e-15
5916.3 4.3578e-15
5918.6 4.3230e-15
5920.9 4.3028e-15
5923.2 4.2994e-15
5925.5 4.3330e-15
5927.8 4.3551e-15
5930.1 4.3631e-15
5932.4 4.3827e-15
5934.7 4.3877e-15
5937.0 4.3737e-15
5939.3 4.3739e-15
5941.6 4.3852e-15
5943.9 4.3809e-15
5946.2 4.3736e-15
5948.5 4.3822e-15
5950.8 4.3889e-15
5953.1 4.3811e-15
5955.4 4.3656e-15
5957.7 4.3689e-15
5960.0 4.3737e-15
5962.3 4.3441e-15
5964.6 4.3213e-15
5966.9 4.3216e-15
5969.2 4.3558e-15
5971.5 4.3322e-15
5973.8 4.3155e-15
5976.1 4.3022e-15
5978.4 4.2843e-15
5980.7 4.3011e-15
5983.0 4.2944e-15
5985.3 4.2854e-15
5987.6 4.2966e-15
5989.9 4.2674e-15
5992.2 4.2573e-15
5994.5 4.2686e-15
5996.8 4.2727e-15
5999.1 4.2658e-15
6001.4 4.2533e-15
6003.7 4.2552e-15
6006.0 4.2947e-15
6008.3 4.2978e-15
6010.6 4.2405e-15
6012.9 4.2122e-15
6015.2 4.2241e-15
6017.5 4.2430e-15
6019.8 4.2001e-15
6022.1 4.1553e-15
6024.4 4.1929e-15
6026.7 4.2300e-15
6029.0 4.2364e-15
6031.3 4.1670e-15
6033.6 4.1371e-15
6035.9 4.1313e-15
6038.2 4.1138e-15
6040.5 4.1203e-15
6042.8 4.0601e-15
6045.1 4.0672e-15
6047.4 4.0815e-15
6049.7 4.0671e-15
6052.0 4.0546e-15
6054.3 4.0454e-15
6056.6 4.0299e-15
6058.9 4.0289e-15
6061.2 4.0528e-15
6063.5 4.0485e-15
6065.8 3.9877e-15
6068.1 3.9444e-15
6070.4 3.9590e-15
6072.7 3.9180e-15
6075.0 3.9180e-15
6077.3 3.9136e-15
6079.6 3.8955e-15
6081.9 3.9016e-15
6084.2 3.8803e-15
6086.5 3.8460e-15
6088.8 3.8105e-15
6091.1 3.7905e-15
6093.4 3.7788e-15
6095.7 3.7415e-15
6098.0 3.7039e-15
6100.3 3.6897e-15
6102.6 3.6825e-15
6104.9 3.6223e-15
6107.2 3.5525e-15
6109.5 3.5549e-15
6111.8 3.5171e-15
6114.1 3.4537e-15
6116.4 3.4511e-15
6118.7 3.4631e-15
6121.0 3.3930e-15
6123.3 3.3458e-15
6125.6 3.3446e-15
6127.9 3.2840e-15
6130.2 3.2295e-15
6132.5 3.2213e-15
6134.8 3.1517e-15
6137.1 3.0710e-15
6139.4 3.0686e-15
6141.7 3.0517e-15
6144.0 2.9708e-15
6146.3 2.9371e-15
6148.6 2.9197e-15
6150.9 2.8679e-15
6153.2 2.8279e-15
6155.5 2.7864e-15
6157.8 2.7424e-15
6160.1 2.7031e-15
6162.4 2.6774e-15
6164.7 2.6473e-15
6167.0 2.6002e-15
6169.3 2.5549e-15
6171.6 2.5089e-15
6173.9 2.4850e-15
6176.2 2.4883e-15
6178.5 2.4625e-15
6180.8 2.4137e-15
6183.1 2.3924e-15
6185.4 2.3600e-15
6187.7 2.3353e-15
6190.0 2.3131e-15
6192.3 2.2898e-15
6194.6 2.2993e-15
6196.9 2.2800e-15
6199.2 2.2446e-15
6201.5 2.2686e-15
6203.8 2.2898e-15
6206.1 2.2855e-15
6208.4 2.2841e-15
6210.7 2.2778e-15
6213.0 2.3051e-15
6215.3 2.3249e-15
6217.6 2.3622e-15
6219.9 2.3797e-15
6222.2 2.3994e-15
6224.5 2.4484e-15
6226.8 2.4679e-15
6229.1 2.4977e-15
6231.4 2.5385e-15
6233.7 2.5514e-15
6236.0 2.5801e-15
6238.3 2.6156e-15
6240.6 2.6379e-15
6242.9 2.6883e-15
6245.2 2.7285e-15
6247.5 2.7530e-15
6249.8 2.8151e-15
6252.1 2.8495e-15
6254.4 2.8756e-15
6256.7 2.9191e-15
6259.0 2.9506e-15
6261.3 2.9703e-15
6263.6 3.0164e-15
6265.9 3.0303e-15
6268.2 3.0148e-15
6270.5 3.0440e-15
6272.8 3.0824e-15
6275.1 3.1033e-15
6277.4 3.0811e-15
6279.7 3.0942e-15
6282.0 3.1210e-15
6284.3 3.0995e-15
6286.6 3.1261e-15
6288.9 3.1700e-15
6291.2 3.2019e-15
6293.5 3.2371e-15
6295.8 3.2663e-15
6298.1 3.3041e-15
6300.4 3.3457e-15
6302.7 3.3719e-15
6305.0 3.3939e-15
6307.3 3.4051e-15
6309.6 3.4468e-15
6311.9 3.4741e-15
6314.2 3.4820e-15
6316.5 3.5315e-15
6318.8 3.5355e-15
6321.1 3.5519e-15
6323.4 3.5946e-15
6325.7 3.5868e-15
6328.0 3.6059e-15
6330.3 3.6733e-15
6332.6 3.6743e-15
6334.9 3.6533e-15
6337.2 3.6767e-15
6339.5 3.7136e-15
6341.8 3.7299e-15
6344.1 3.7352e-15
6346.4 3.7366e-15
6348.7 3.7565e-15
6351.0 3.7308e-15
6353.3 3.7844e-15
6355.6 3.7311e-15
6357.9 3.6812e-15
6360.2 3.7227e-15
6362.5 3.7100e-15
6364.8 3.7017e-15
6367.1 3.7227e-15
6369.4 3.7081e-15
6371.7 3.6869e-15
6374.0 3.6237e-15
6376.3 3.5991e-15
6378.6 3.6279e-15
6380.9 3.5858e-15
6383.2 3.5576e-15
6385.5 3.5301e-15
6387.8 3.5153e-15
6390.1 3.5321e-15
6392.4 3.5194e-15
6394.7 3.4907e-15
6397.0 3.4824e-15
6399.3 3.5090e-15
6401.6 3.5411e-15
6403.9 3.5167e-15
6406.2 3.4919e-15
6408.5 3.4915e-15
6410.8 3.4947e-15
6413.1 3.5171e-15
6415.4 3.5413e-15
6417.7 3.5170e-15
6420.0 3.5265e-15
6422.3 3.5239e-15
6424.6 3.5378e-15
6426.9 3.5407e-15
6429.2 3.5379e-15
6431.5 3.5753e-15
6433.8 3.5893e-15
6436.1 3.5956e-15
6438.4 3.6149e-15
6440.7 3.6275e-15
6443.0 3.6278e-15
6445.3 3.6510e-15
6447.6 3.6557e-15
6449.9 3.6158e-15
6452.2 3.6110e-15
6454.5 3.6308e-15
6456.8 3.6412e-15
6459.1 3.6584e-15
6461.4 3.6609e-15
6463.7 3.6517e-15
6466.0 3.6510e-15
6468.3 3.6407e-15
6470.6 3.6712e-15
6472.9 3.6912e-15
6475.2 3.6893e-15
6477.5 3.7018e-15
6479.8 3.6871e-15
6482.1 3.6787e-15
6484.4 3.6733e-15
6486.7 3.6754e-15
6489.0 3.6632e-15
6491.3 3.6558e-15
6493.6 3.6646e-15
6495.9 3.6546e-15
6498.2 3.6458e-15
6500.5 3.6451e-15
6502.8 3.6658e-15
6505.1 3.6475e-15
6507.4 3.6690e-15
6509.7 3.6580e-15
6512.0 3.6361e-15
6514.3 3.6184e-15
6516.6 3.6261e-15
6518.9 3.6083e-15
6521.2 3.5950e-15
6523.5 3.5836e-15
6525.8 3.5590e-15
6528.1 3.5861e-15
6530.4 3.5985e-15
6532.7 3.6250e-15
6535.0 3.5873e-15
6537.3 3.5701e-15
6539.6 3.5743e-15
6541.9 3.5857e-15
6544.2 3.5957e-15
6546.5 3.5415e-15
6548.8 3.5230e-15
6551.1 3.5502e-15
6553.4 3.5660e-15
6555.7 3.5427e-15
6558.0 3.4978e-15
6560.3 3.5292e-15
6562.6 3.4860e-15
6564.9 3.4689e-15
6567.2 3.4930e-15
6569.5 3.4927e-15
6571.8 3.4939e-15
6574.1 3.4882e-15
6576.4 3.4858e-15
6578.7 3.4673e-15
6581.0 3.4388e-15
6583.3 3.4258e-15
6585.6 3.4152e-15
6587.9 3.4027e-15
6590.2 3.3858e-15
6592.5 3.3918e-15
6594.8 3.4179e-15
6597.1 3.3918e-15
6599.4 3.3869e-15
6601.7 3.3782e-15
6604.0 3.3900e-15
6606.3 3.4023e-15
6608.6 3.4078e-15
6610.9 3.4169e-15
6613.2 3.3821e-15
6615.5 3.3348e-15
6617.8 3.3345e-15
6620.1 3.3253e-15
6622.4 3.3463e-15
6624.7 3.3976e-15
6627.0 3.3879e-15
6629.3 3.3463e-15
6631.6 3.3532e-15
6633.9 3.3941e-15
6636.2 3.4098e-15
6638.5 3.4212e-15
6640.8 3.4254e-15
6643.1 3.3970e-15
6645.4 3.3651e-15
6647.7 3.3358e-15
6650.0 3.3064e-15
6652.3 3.2969e-15
6654.6 3.3105e-15
6656.9 3.2939e-15
6659.2 3.3105e-15
6661.5 3.2742e-15
6663.8 3.2751e-15
6666.1 3.2765e-15
6668.4 3.2558e-15
6670.7 3.2401e-15
6673.0 3.2271e-15
6675.3 3.2430e-15
6677.6 3.2454e-15
6679.9 3.2514e-15
6682.2 3.2206e-15
6684.5 3.1608e-15
6686.8 3.1733e-15
6689.1 3.1893e-15
6691.4 3.1838e-15
6693.7 3.1568e-15
6696.0 3.1448e-15
6698.3 3.1509e-15
6700.6 3.1609e-15
6702.9 3.1587e-15
6705.2 3.1457e-15
6707.5 3.1502e-15
6709.8 3.0996e-15
6712.1 3.0951e-15
6714.4 3.0968e-15
6716.7 3.0834e-15
6719.0 3.0841e-15
6721.3 3.1042e-15
6723.6 3.1106e-15
6725.9 3.1178e-15
6728.2 3.1007e-15
6730.5 3.0622e-15
6732.8 3.0837e-15
6735.1 3.1121e-15
6737.4 3.0851e-15
6739.7 3.0603e-15
6742.0 3.0765e-15
6744.3 3.0756e-15
6746.6 3.0506e-15
6748.9 3.0692e-15
6751.2 3.0664e-15
6753.5 3.0461e-15
6755.8 3.0462e-15
6758.1 3.0399e-15
6760.4 3.0179e-15
6762.7 3.0122e-15
6765.0 3.0340e-15
6767.3 3.0231e-15
6769.6 3.0383e-15
6771.9 3.0168e-15
6774.2 2.9831e-15
6776.5 2.9716e-15
6778.8 2.9773e-15
6781.1 2.9655e-15
6783.4 2.9535e-15
6785.7 2.9399e-15
6788.0 2.9234e-15
6790.3 2.9357e-15
6792.6 2.9320e-15
6794.9 2.9135e-15
6797.2 2.9351e-15
6799.5 2.9376e-15
6801.8 2.9035e-15
6804.1 2.9026e-15
6806.4 2.9363e-15
6808.7 2.9455e-15
6811.0 2.9135e-15
6813.3 2.8766e-15
6815.6 2.8666e-15
6817.9 2.8715e-15
6820.2 2.8782e-15
6822.5 2.8867e-15
6824.8 2.8690e-15
6827.1 2.8431e-15
6829.4 2.8263e-15
6831.7 2.8323e-15
6834.0 2.8477e-15
6836.3 2.8440e-15
6838.6 2.8393e-15
6840.9 2.8421e-15
6843.2 2.8426e-15
6845.5 2.8432e-15
6847.8 2.8236e-15
6850.1 2.8125e-15
6852.4 2.8279e-15
6854.7 2.8103e-15
6857.0 2.7739e-15
6859.3 2.7663e-15
6861.6 2.7641e-15
6863.9 2.7888e-15
6866.2 2.8063e-15
6868.5 2.8071e-15
6870.8 2.7892e-15
6873.1 2.7369e-15
6875.4 2.7491e-15
6877.7 2.7637e-15
6880.0 2.7476e-15
6882.3 2.7053e-15
6884.6 2.7469e-15
6886.9 2.7777e-15
6889.2 2.7694e-15
6891.5 2.7225e-15
6893.8 2.7204e-15
6896.1 2.7348e-15
6898.4 2.6924e-15
6900.7 2.6825e-15
6903.0 2.6845e-15
6905.3 2.7000e-15
6907.6 2.7150e-15
6909.9 2.7020e-15
6912.2 2.6649e-15
6914.5 2.6385e-15
6916.8 2.6291e-15
6919.1 2.6346e-15
6921.4 2.6544e-15
6923.7 2.6597e-15
6926.0 2.6227e-15
6928.3 2.5839e-15
6930.6 2.6054e-15
6932.9 2.6274e-15
6935.2 2.6046e-15
6937.5 2.5980e-15
6939.8 2.5815e-15
6942.1 2.5761e-15
6944.4 2.6031e-15
6946.7 2.6122e-15
6949.0 2.5877e-15
6951.3 2.5585e-15
6953.6 2.5380e-15
6955.9 2.5600e-15
6958.2 2.5760e-15
6960.5 2.5745e-15
6962.8 2.5744e-15
6965.1 2.5685e-15
6967.4 2.5215e-15
6969.7 2.5213e-15
6972.0 2.5443e-15
6974.3 2.5360e-15
6976.6 2.5252e-15
6978.9 2.5251e-15
6981.2 2.5314e-15
6983.5 2.5397e-15
6985.8 2.5102e-15
6988.1 2.5059e-15
6990.4 2.5194e-15
6992.7 2.4818e-15
6995.0 2.4879e-15
6997.3 2.5292e-15
6999.6 2.5406e-15
7001.9 2.5128e-15
7004.2 2.4692e-15
7006.5 2.4523e-15
7008.8 2.4672e-15
7011.1 2.4598e-15
7013.4 2.4434e-15
7015.7 2.4545e-15
7018.0 2.4498e-15
7020.3 2.4451e-15
7022.6 2.4600e-15
7024.9 2.4325e-15
7027.2 2.4197e-15
7029.5 2.4175e-15
7031.8 2.4111e-15
7034.1 2.3955e-15
7036.4 2.3548e-15
7038.7 2.3897e-15
7041.0 2.3712e-15
7043.3 2.3699e-15
7045.6 2.3663e-15
7047.9 2.3380e-15
7050.2 2.3530e-15
7052.5 2.3534e-15
7054.8 2.3206e-15
7057.1 2.3207e-15
7059.4 2.3166e-15
7061.7 2.2886e-15
7064.0 2.2960e-15
7066.3 2.3266e-15
7068.6 2.3421e-15
7070.9 2.3106e-15
7073.2 2.3627e-15
7075.5 2.3682e-15
7077.8 2.3239e-15
7080.1 2.3578e-15
7082.4 2.3728e-15
7084.7 2.3234e-15
7087.0 2.3274e-15
7089.3 2.3489e-15
7091.6 2.3490e-15
7093.9 2.3621e-15
7096.2 2.3614e-15
7098.5 2.3740e-15
7100.8 2.3984e-15
7103.1 2.3933e-15
7105.4 2.3686e-15
7107.7 2.3648e-15
7110.0 2.3907e-15
7112.3 2.3866e-15
7114.6 2.3705e-15
7116.9 2.3724e-15
7119.2 2.3879e-15
7121.5 2.4413e-15
7123.8 2.4271e-15
7126.1 2.4005e-15
7128.4 2.4103e-15
7130.7 2.4165e-15
7133.0 2.4107e-15
7135.3 2.4313e-15
7137.6 2.4429e-15
7139.9 2.4315e-15
7142.2 2.4272e-15
7144.5 2.4073e-15
7146.8 2.4177e-15
7149.1 2.4279e-15
7151.4 2.4145e-15
7153.7 2.4280e-15
7156.0 2.4266e-15
7158.3 2.4218e-15
7160.6 2.4381e-15
7162.9 2.4354e-15
7165.2 2.4223e-15
7167.5 2.4454e-15
7169.8 2.4550e-15
7172.1 2.4198e-15
7174.4 2.3929e-15
7176.7 2.4087e-15
7179.0 2.4013e-15
7181.3 2.4076e-15
7183.6 2.4262e-15
7185.9 2.4152e-15
7188.2 2.3995e-15
7190.5 2.4165e-15
7192.8 2.4258e-15
7195.1 2.4282e-15
7197.4 2.4282e-15
7199.7 2.4008e-15
7202.0 2.4094e-15
7204.3 2.4199e-15
7206.6 2.4033e-15
7208.9 2.3925e-15
7211.2 2.3957e-15
7213.5 2.4110e-15
7215.8 2.4343e-15
7218.1 2.4271e-15
7220.4 2.4483e-15
7222.7 2.4223e-15
7225.0 2.4118e-15
7227.3 2.4191e-15
7229.6 2.3911e-15
7231.9 2.3700e-15
7234.2 2.3837e-15
7236.5 2.3980e-15
7238.8 2.3811e-15
7241.1 2.3761e-15
7243.4 2.3866e-15
7245.7 2.3549e-15
7248.0 2.3687e-15
7250.3 2.3749e-15
7252.6 2.3359e-15
7254.9 2.3182e-15
7257.2 2.3456e-15
7259.5 2.3672e-15
7261.8 2.3478e-15
7264.1 2.3237e-15
7266.4 2.3211e-15
7268.7 2.3453e-15
7271.0 2.3629e-15
7273.3 2.3352e-15
7275.6 2.3025e-15
7277.9 2.3292e-15
7280.2 2.3196e-15
7282.5 2.3123e-15
7284.8 2.2962e-15
7287.1 2.2841e-15
7289.4 2.2950e-15
7291.7 2.2864e-15
7294.0 2.2847e-15
7296.3 2.2890e-15
7298.6 2.2656e-15
7300.9 2.2401e-15
7303.2 2.2299e-15
7305.5 2.2149e-15
7307.8 2.2075e-15
7310.1 2.1739e-15
7312.4 2.1766e-15
7314.7 2.2115e-15
7317.0 2.2052e-15
7319.3 2.1926e-15
7321.6 2.1662e-15
7323.9 2.1917e-15
7326.2 2.1849e-15
7328.5 2.1830e-15
7330.8 2.1885e-15
7333.1 2.2063e-15
7335.4 2.2053e-15
7337.7 2.1838e-15
7340.0 2.1809e-15
7342.3 2.1662e-15
7344.6 2.1861e-15
7346.9 2.2110e-15
7349.2 2.1944e-15
7351.5 2.1810e-15
7353.8 2.1753e-15
7356.1 2.1583e-15
7358.4 2.1650e-15
7360.7 2.1820e-15
7363.0 2.1973e-15
7365.3 2.1875e-15
7367.6 2.1473e-15
7369.9 2.1700e-15
7372.2 2.1840e-15
7374.5 2.1977e-15
7376.8 2.1838e-15
7379.1 2.1632e-15
7381.4 2.1593e-15
7383.7 2.1648e-15
7386.0 2.1744e-15
7388.3 2.1600e-15
7390.6 2.1276e-15
7392.9 2.1401e-15
7395.2 2.1904e-15
7397.5 2.1869e-15
7399.8 2.1522e-15
7402.1 2.1714e-15
7404.4 2.1595e-15
7406.7 2.1434e-15
7409.0 2.1251e-15
7411.3 2.1276e-15
7413.6 2.1399e-15
7415.9 2.1252e-15
7418.2 2.1323e-15
7420.5 2.1293e-15
7422.8 2.1072e-15
7425.1 2.1268e-15
7427.4 2.1277e-15
7429.7 2.1286e-15
7432.0 2.1382e-15
7434.3 2.1351e-15
7436.6 2.1277e-15
7438.9 2.1175e-15
7441.2 2.1124e-15
7443.5 2.1311e-15
7445.8 2.1302e-15
7448.1 2.1258e-15
7450.4 2.0956e-15
7452.7 2.0849e-15
7455.0 2.0952e-15
7457.3 2.1098e-15
7459.6 2.1268e-15
7461.9 2.1068e-15
7464.2 2.0696e-15
7466.5 2.0743e-15
7468.8 2.0720e-15
7471.1 2.0890e-15
7473.4 2.0704e-15
7475.7 2.0738e-15
7478.0 2.0695e-15
7480.3 2.0819e-15
7482.6 2.0873e-15
7484.9 2.0667e-15
7487.2 2.0505e-15
7489.5 2.0509e-15
7491.8 2.0666e-15
7494.1 2.0760e-15
7496.4 2.0672e-15
7498.7 2.0648e-15
7501.0 2.0732e-15
7503.3 2.0522e-15
7505.6 2.0564e-15
7507.9 2.0365e-15
7510.2 2.0107e-15
7512.5 2.0224e-15
7514.8 2.0212e-15
7517.1 2.0330e-15
7519.4 2.0050e-15
7521.7 1.9887e-15
7524.0 1.9894e-15
7526.3 1.9800e-15
7528.6 1.9790e-15
7530.9 1.9719e-15
7533.2 1.9360e-15
7535.5 1.9246e-15
7537.8 1.9457e-15
7540.1 1.9342e-15
7542.4 1.9227e-15
7544.7 1.9137e-15
7547.0 1.9081e-15
7549.3 1.8834e-15
7551.6 1.9026e-15
7553.9 1.8826e-15
7556.2 1.8614e-15
7558.5 1.8771e-15
7560.8 1.8695e-15
7563.1 1.8551e-15
7565.4 1.8440e-15
7567.7 1.8395e-15
7570.0 1.8433e-15
7572.3 1.8295e-15
7574.6 1.8309e-15
7576.9 1.8441e-15
7579.2 1.8378e-15
7581.5 1.8207e-15
7583.8 1.8228e-15
7586.1 1.8200e-15
7588.4 1.8071e-15
7590.7 1.8051e-15
7593.0 1.8502e-15
7595.3 1.8372e-15
7597.6 1.8379e-15
7599.9 1.8788e-15
7602.2 1.9092e-15
7604.5 1.8749e-15
7606.8 1.8449e-15
7609.1 1.8439e-15
7611.4 1.7577e-15
7613.7 1.7110e-15
7616.0 1.7578e-15
7618.3 1.7867e-15
7620.6 1.8244e-15
7622.9 1.8177e-15
7625.2 1.8164e-15
7627.5 1.8645e-15
7629.8 1.8605e-15
7632.1 1.8127e-15
7634.4 1.8488e-15
7636.7 1.8506e-15
7639.0 1.8329e-15
7641.3 1.8774e-15
7643.6 1.8483e-15
7645.9 1.8478e-15
7648.2 1.8240e-15
7650.5 1.8314e-15
7652.8 1.8569e-15
7655.1 1.8660e-15
7657.4 1.8603e-15
7659.7 1.8155e-15
7662.0 1.8437e-15
7664.3 1.8782e-15
7666.6 1.8653e-15
7668.9 1.8461e-15
7671.2 1.8484e-15
7673.5 1.8513e-15
7675.8 1.8407e-15
7678.1 1.8707e-15
7680.4 1.9057e-15
7682.7 1.8910e-15
7685.0 1.9022e-15
7687.3 1.9049e-15
7689.6 1.8584e-15
7691.9 1.8630e-15
7694.2 1.8849e-15
7696.5 1.8886e-15
7698.8 1.8828e-15
7701.1 1.8804e-15
7703.4 1.8848e-15
7705.7 1.8827e-15
7708.0 1.8801e-15
7710.3 1.8878e-15
7712.6 1.8645e-15
7714.9 1.8635e-15
7717.2 1.8711e-15
7719.5 1.8756e-15
7721.8 1.8998e-15
7724.1 1.8900e-15
7726.4 1.8807e-15
7728.7 1.8878e-15
7731.0 1.8851e-15
7733.3 1.8811e-15
7735.6 1.8947e-15
7737.9 1.8843e-15
7740.2 1.8616e-15
7742.5 1.8651e-15
7744.8 1.8890e-15
7747.1 1.8952e-15
7749.4 1.8833e-15
7751.7 1.8905e-15
7754.0 1.8849e-15
7756.3 1.8430e-15
7758.6 1.8614e-15
7760.9 1.8571e-15
7763.2 1.8560e-15
7765.5 1.9071e-15
7767.8 1.8935e-15
7770.1 1.8588e-15
7772.4 1.8792e-15
7774.7 1.8762e-15
7777.0 1.8646e-15
7779.3 1.8695e-15
7781.6 1.8747e-15
7783.9 1.8710e-15
7786.2 1.8807e-15
7788.5 1.8927e-15
7790.8 1.8719e-15
7793.1 1.8596e-15
7795.4 1.8918e-15
7797.7 1.8852e-15
7800.0 1.8619e-15
7802.3 1.8771e-15
7804.6 1.8741e-15
7806.9 1.8940e-15
7809.2 1.8939e-15
7811.5 1.9058e-15
7813.8 1.8898e-15
7816.1 1.8794e-15
7818.4 1.9016e-15
7820.7 1.9023e-15
7823.0 1.8971e-15
7825.3 1.8851e-15
7827.6 1.9106e-15
7829.9 1.9244e-15
7832.2 1.9241e-15
7834.5 1.8960e-15
7836.8 1.8797e-15
7839.1 1.8914e-15
7841.4 1.8907e-15
7843.7 1.8901e-15
7846.0 1.9124e-15
7848.3 1.9071e-15
7850.6 1.8899e-15
7852.9 1.8762e-15
7855.2 1.9072e-15
7857.5 1.8969e-15
7859.8 1.9034e-15
7862.1 1.8836e-15
7864.4 1.8602e-15
7866.7 1.9068e-15
7869.0 1.9338e-15
7871.3 1.9105e-15
7873.6 1.9069e-15
7875.9 1.8727e-15
7878.2 1.8839e-15
7880.5 1.9190e-15
7882.8 1.9020e-15
7885.1 1.8905e-15
7887.4 1.8934e-15
7889.7 1.9008e-15
7892.0 1.8904e-15
7894.3 1.8793e-15
7896.6 1.8954e-15
7898.9 1.8849e-15
7901.2 1.8955e-15
7903.5 1.8717e-15
7905.8 1.8795e-15
7908.1 1.8809e-15
7910.4 1.8460e-15
7912.7 1.8444e-15
7915.0 1.8516e-15
7917.3 1.8249e-15
7919.6 1.8313e-15
7921.9 1.8026e-15
7924.2 1.7786e-15
7926.5 1.8061e-15
7928.8 1.8195e-15
7931.1 1.7884e-15
7933.4 1.7949e-15
7935.7 1.8134e-15
7938.0 1.7579e-15
7940.3 1.7118e-15
7942.6 1.7423e-15
7944.9 1.7359e-15
7947.2 1.7161e-15
7949.5 1.7185e-15
7951.8 1.6921e-15
7954.1 1.7107e-15
7956.4 1.7383e-15
7958.7 1.7147e-15
7961.0 1.7025e-15
7963.3 1.7013e-15
7965.6 1.6819e-15
7967.9 1.6743e-15
7970.2 1.6438e-15
7972.5 1.6858e-15
7974.8 1.7097e-15
7977.1 1.6768e-15
7979.4 1.6615e-15
7981.7 1.6608e-15
7984.0 1.6580e-15
7986.3 1.6487e-15
7988.6 1.6424e-15
7990.9 1.6588e-15
7993.2 1.6335e-15
7995.5 1.6417e-15
7997.8 1.6328e-15
8000.1 1.6010e-15
8002.4 1.5838e-15
8004.7 1.5749e-15
8007.0 1.5658e-15
8009.3 1.5698e-15
8011.6 1.5358e-15
8013.9 1.5392e-15
8016.2 1.5242e-15
8018.5 1.4901e-15
8020.8 1.4917e-15
8023.1 1.4912e-15
8025.4 1.4695e-15
8027.7 1.4684e-15
8030.0 1.4800e-15
8032.3 1.4740e-15
8034.6 1.4636e-15
8036.9 1.4353e-15
8039.2 1.3926e-15
8041.5 1.3994e-15
8043.8 1.4146e-15
8046.1 1.4081e-15
8048.4 1.3898e-15
8050.7 1.3880e-15
8053.0 1.3907e-15
8055.3 1.3504e-15
8057.6 1.3683e-15
8059.9 1.3687e-15
8062.2 1.3829e-15
8064.5 1.3874e-15
8066.8 1.3710e-15
8069.1 1.3742e-15
8071.4 1.3952e-15
8073.7 1.3782e-15
8076.0 1.3518e-15
8078.3 1.3667e-15
8080.6 1.3844e-15
8082.9 1.3628e-15
8085.2 1.3515e-15
8087.5 1.3707e-15
8089.8 1.3829e-15
8092.1 1.3754e-15
8094.4 1.3736e-15
8096.7 1.3888e-15
8099.0 1.3900e-15
8101.3 1.3787e-15
8103.6 1.3750e-15
8105.9 1.3822e-15
8108.2 1.3784e-15
8110.5 1.3704e-15
8112.8 1.3758e-15
8115.1 1.3774e-15
8117.4 1.3888e-15
8119.7 1.4029e-15
8122.0 1.3826e-15
8124.3 1.3958e-15
8126.6 1.3886e-15
8128.9 1.3747e-15
8131.2 1.3691e-15
8133.5 1.3894e-15
8135.8 1.3890e-15
8138.1 1.3992e-15
8140.4 1.4188e-15
8142.7 1.3837e-15
8145.0 1.3966e-15
8147.3 1.4105e-15
8149.6 1.3824e-15
8151.9 1.3987e-15
8154.2 1.4114e-15
8156.5 1.3951e-15
8158.8 1.3850e-15
8161.1 1.3866e-15
8163.4 1.3873e-15
8165.7 1.4058e-15
8168.0 1.4153e-15
8170.3 1.4110e-15
8172.6 1.4053e-15
8174.9 1.4332e-15
8177.2 1.4692e-15
8179.5 1.4705e-15
8181.8 1.4507e-15
8184.1 1.4350e-15
8186.4 1.4625e-15
8188.7 1.4893e-15
8191.0 1.4366e-15
8193.3 1.4676e-15
8195.6 1.5041e-15
8197.9 1.5047e-15
8200.2 1.4923e-15
8202.5 1.4975e-15
8204.8 1.4925e-15
8207.1 1.4791e-15
8209.4 1.4892e-15
8211.7 1.4945e-15
8214.0 1.5028e-15
8216.3 1.5306e-15
8218.6 1.4958e-15
8220.9 1.5245e-15
8223.2 1.5447e-15
8225.5 1.5006e-15
8227.8 1.4881e-15
8230.1 1.4921e-15
8232.4 1.4958e-15
8234.7 1.5070e-15
8237.0 1.5102e-15
8239.3 1.4933e-15
8241.6 1.5082e-15
8243.9 1.5005e-15
8246.2 1.4981e-15
8248.5 1.5120e-15
8250.8 1.5129e-15
8253.1 1.5045e-15
8255.4 1.4901e-15
8257.7 1.4950e-15
8260.0 1.4958e-15
8262.3 1.4650e-15
8264.6 1.4594e-15
8266.9 1.4451e-15
8269.2 1.4572e-15
8271.5 1.4763e-15
8273.8 1.4646e-15
8276.1 1.4563e-15
8278.4 1.4344e-15
8280.7 1.4370e-15
8283.0 1.3919e-15
8285.3 1.3871e-15
8287.6 1.3834e-15
8289.9 1.4237e-15
8292.2 1.4202e-15
8294.5 1.3718e-15
8296.8 1.3911e-15
8299.1 1.3996e-15
8301.4 1.3939e-15
8303.7 1.3805e-15
8306.0 1.3379e-15
8308.3 1.3589e-15
8310.6 1.3881e-15
8312.9 1.3725e-15
8315.2 1.3316e-15
8317.5 1.3272e-15
8319.8 1.3534e-15
8322.1 1.3313e-15
8324.4 1.3374e-15
8326.7 1.3581e-15
8329.0 1.3347e-15
8331.3 1.3205e-15
8333.6 1.3301e-15
8335.9 1.3329e-15
8338.2 1.3422e-15
8340.5 1.3471e-15
8342.8 1.3332e-15
8345.1 1.3210e-15
8347.4 1.3402e-15
8349.7 1.3223e-15
8352.0 1.2971e-15
8354.3 1.3151e-15
8356.6 1.3542e-15
8358.9 1.3642e-15
8361.2 1.3643e-15
8363.5 1.3794e-15
8365.8 1.3862e-15
8368.1 1.3915e-15
8370.4 1.3612e-15
8372.7 1.3704e-15
8375.0 1.3792e-15
8377.3 1.3864e-15
8379.6 1.3920e-15
8381.9 1.3820e-15
8384.2 1.3742e-15
8386.5 1.3720e-15
8388.8 1.3762e-15
8391.1 1.3650e-15
8393.4 1.3768e-15
8395.7 1.3660e-15
8398.0 1.3737e-15
8400.3 1.3886e-15
8402.6 1.3668e-15
8404.9 1.3508e-15
8407.2 1.3670e-15
8409.5 1.3620e-15
8411.8 1.3592e-15
8414.1 1.3710e-15
8416.4 1.3447e-15
8418.7 1.3420e-15
8421.0 1.3155e-15
8423.3 1.3274e-15
8425.6 1.3491e-15
8427.9 1.3331e-15
8430.2 1.3471e-15
8432.5 1.3435e-15
8434.8 1.3480e-15
8437.1 1.3189e-15
8439.4 1.3461e-15
8441.7 1.3735e-15
8444.0 1.3773e-15
8446.3 1.3767e-15
8448.6 1.3721e-15
8450.9 1.3684e-15
8453.2 1.3655e-15
8455.5 1.3720e-15
8457.8 1.4022e-15
8460.1 1.4037e-15
8462.4 1.4061e-15
8464.7 1.3844e-15
8467.0 1.3712e-15
8469.3 1.4037e-15
8471.6 1.4262e-15
8473.9 1.4069e-15
8476.2 1.3976e-15
8478.5 1.4060e-15
8480.8 1.4159e-15
8483.1 1.4259e-15
8485.4 1.4151e-15
8487.7 1.4358e-15
8490.0 1.4681e-15
8492.3 1.4629e-15
8494.6 1.4591e-15
8496.9 1.4700e-15
8499.2 1.4641e-15
8501.5 1.4581e-15
8503.8 1.4417e-15
8506.1 1.4490e-15
8508.4 1.4717e-15
8510.7 1.4813e-15
8513.0 1.4769e-15
8515.3 1.4792e-15
8517.6 1.4972e-15
8519.9 1.5002e-15
8522.2 1.4679e-15
8524.5 1.4946e-15
8526.8 1.4958e-15
8529.1 1.4938e-15
8531.4 1.5139e-15
8533.7 1.5179e-15
8536.0 1.5054e-15
8538.3 1.5021e-15
8540.6 1.4951e-15
8542.9 1.4837e-15
8545.2 1.5030e-15
8547.5 1.5313e-15
8549.8 1.5359e-15
8552.1 1.5420e-15
8554.4 1.5427e-15
8556.7 1.5348e-15
8559.0 1.5362e-15
8561.3 1.5399e-15
8563.6 1.5441e-15
8565.9 1.5427e-15
8568.2 1.5463e-15
8570.5 1.5790e-15
8572.8 1.5737e-15
8575.1 1.5509e-15
8577.4 1.5506e-15
8579.7 1.5656e-15
8582.0 1.5734e-15
8584.3 1.5535e-15
8586.6 1.5527e-15
8588.9 1.5611e-15
8591.2 1.5876e-15
8593.5 1.5714e-15
8595.8 1.5542e-15
8598.1 1.5660e-15
8600.4 1.5699e-15
8602.7 1.5444e-15
8605.0 1.5191e-15
8607.3 1.5476e-15
8609.6 1.5799e-15
8611.9 1.5524e-15
8614.2 1.5546e-15
8616.5 1.5606e-15
8618.8 1.5455e-15
8621.1 1.5438e-15
8623.4 1.5591e-15
8625.7 1.5707e-15
8628.0 1.5759e-15
8630.3 1.5769e-15
8632.6 1.5481e-15
8634.9 1.5204e-15
8637.2 1.5528e-15
8639.5 1.5567e-15
8641.8 1.5433e-15
8644.1 1.5577e-15
8646.4 1.5574e-15
8648.7 1.5581e-15
8651.0 1.5686e-15
8653.3 1.5438e-15
8655.6 1.5432e-15
8657.9 1.5465e-15
8660.2 1.5258e-15
8662.5 1.5373e-15
8664.8 1.5561e-15
8667.1 1.5286e-15
8669.4 1.5173e-15
8671.7 1.5435e-15
8674.0 1.5403e-15
8676.3 1.5251e-15
8678.6 1.5314e-15
8680.9 1.5347e-15
8683.2 1.5318e-15
8685.5 1.5233e-15
8687.8 1.5167e-15
8690.1 1.5268e-15
8692.4 1.5350e-15
8694.7 1.5352e-15
8697.0 1.5271e-15
8699.3 1.5040e-15
8701.6 1.5051e-15
8703.9 1.5269e-15
8706.2 1.5299e-15
8708.5 1.5303e-15
8710.8 1.5289e-15
8713.1 1.5033e-15
8715.4 1.5113e-15
8717.7 1.5166e-15
8720.0 1.5260e-15
8722.3 1.5131e-15
8724.6 1.5085e-15
8726.9 1.5138e-15
8729.2 1.5228e-15
8731.5 1.5303e-15
8733.8 1.5232e-15
8736.1 1.5170e-15
8738.4 1.5138e-15
8740.7 1.5233e-15
8743.0 1.5201e-15
8745.3 1.5198e-15
8747.6 1.5133e-15
8749.9 1.5040e-15
8752.2 1.5094e-15
8754.5 1.5156e-15
8756.8 1.4943e-15
8759.1 1.4691e-15
8761.4 1.5126e-15
8763.7 1.4928e-15
8766.0 1.4892e-15
8768.3 1.5191e-15
8770.6 1.5060e-15
8772.9 1.4922e-15
8775.2 1.4970e-15
8777.5 1.4792e-15
8779.8 1.4950e-15
8782.1 1.4666e-15
8784.4 1.4950e-15
8786.7 1.5011e-15
8789.0 1.4783e-15
8791.3 1.4965e-15
8793.6 1.5124e-15
8795.9 1.4897e-15
8798.2 1.4928e-15
8800.5 1.5172e-15
8802.8 1.5009e-15
8805.1 1.4805e-15
8807.4 1.4815e-15
8809.7 1.4823e-15
8812.0 1.4920e-15
8814.3 1.4954e-15
8816.6 1.4877e-15
8818.9 1.4952e-15
8821.2 1.4941e-15
8823.5 1.4658e-15
8825.8 1.4765e-15
8828.1 1.4864e-15
8830.4 1.4941e-15
8832.7 1.4914e-15
8835.0 1.4992e-15
8837.3 1.5103e-15
8839.6 1.4952e-15
8841.9 1.4858e-15
8844.2 1.4946e-15
8846.5 1.4924e-15
8848.8 1.4804e-15
8851.1 1.4671e-15
8853.4 1.4599e-15
8855.7 1.4715e-15
8858.0 1.4761e-15
8860.3 1.4696e-15
8862.6 1.4672e-15
8864.9 1.4506e-15
8867.2 1.4702e-15
8869.5 1.4936e-15
8871.8 1.4737e-15
8874.1 1.4645e-15
8876.4 1.4646e-15
8878.7 1.4605e-15
8881.0 1.4675e-15
8883.3 1.4828e-15
8885.6 1.4828e-15
8887.9 1.4477e-15
8890.2 1.4197e-15
8892.5 1.4258e-15
8894.8 1.4327e-15
8897.1 1.4445e-15
8899.4 1.4558e-15
8901.7 1.4608e-15
8904.0 1.4531e-15
8906.3 1.4293e-15
8908.6 1.4273e-15
8910.9 1.4230e-15
8913.2 1.4301e-15
8915.5 1.4364e-15
8917.8 1.4510e-15
8920.1 1.4227e-15
8922.4 1.3939e-15
8924.7 1.3975e-15
8927.0 1.3920e-15
8929.3 1.4255e-15
8931.6 1.4338e-15
8933.9 1.4177e-15
8936.2 1.4141e-15
8938.5 1.4170e-15
8940.8 1.3999e-15
8943.1 1.3966e-15
8945.4 1.4024e-15
8947.7 1.3958e-15
8950.0 1.3859e-15
8952.3 1.3694e-15
8954.6 1.3589e-15
8956.9 1.3774e-15
8959.2 1.3746e-15
8961.5 1.3414e-15
8963.8 1.3458e-15
8966.1 1.3661e-15
8968.4 1.3419e-15
8970.7 1.3336e-15
8973.0 1.3566e-15
8975.3 1.3471e-15
8977.6 1.3254e-15
8979.9 1.3255e-15
8982.2 1.3504e-15
8984.5 1.3278e-15
8986.8 1.3070e-15
8989.1 1.3265e-15
8991.4 1.3182e-15
8993.7 1.3162e-15
8996.0 1.3131e-15
8998.3 1.3028e-15
9000.6 1.3115e-15
9002.9 1.3096e-15
9005.2 1.3125e-15
9007.5 1.3027e-15
9009.8 1.2874e-15
9012.1 1.3050e-15
9014.4 1.3191e-15
9016.7 1.3327e-15
9019.0 1.3471e-15
9021.3 1.3106e-15
9023.6 1.3073e-15
9025.9 1.3211e-15
9028.2 1.3076e-15
9030.5 1.2820e-15
9032.8 1.2744e-15
9035.1 1.2858e-15
9037.4 1.3040e-15
9039.7 1.3084e-15
9042.0 1.2707e-15
9044.3 1.2824e-15
9046.6 1.3103e-15
9048.9 1.3070e-15
9051.2 1.2999e-15
9053.5 1.2917e-15
9055.8 1.2934e-15
9058.1 1.3365e-15
9060.4 1.3200e-15
9062.7 1.2921e-15
9065.0 1.3005e-15
9067.3 1.2939e-15
9069.6 1.2869e-15
9071.9 1.3150e-15
9074.2 1.3225e-15
9076.5 1.3036e-15
9078.8 1.2877e-15
9081.1 1.2715e-15
9083.4 1.2828e-15
9085.7 1.3054e-15
9088.0 1.2867e-15
9090.3 1.2660e-15
9092.6 1.2684e-15
9094.9 1.2723e-15
9097.2 1.2818e-15
9099.5 1.2720e-15
9101.8 1.2777e-15
9104.1 1.2898e-15
9106.4 1.2756e-15
9108.7 1.2464e-15
9111.0 1.2405e-15
9113.3 1.2332e-15
9115.6 1.2214e-15
9117.9 1.2348e-15
9120.2 1.2551e-15
9122.5 1.2532e-15
9124.8 1.2345e-15
9127.1 1.2477e-15
9129.4 1.2280e-15
9131.7 1.2153e-15
9134.0 1.2259e-15
9136.3 1.2360e-15
9138.6 1.2304e-15
9140.9 1.2222e-15
9143.2 1.2266e-15
9145.5 1.2360e-15
9147.8 1.2505e-15
9150.1 1.2306e-15
9152.4 1.2228e-15
9154.7 1.2343e-15
9157.0 1.2374e-15
9159.3 1.2285e-15
9161.6 1.2265e-15
9163.9 1.2456e-15
9166.2 1.2691e-15
9168.5 1.2678e-15
9170.8 1.2605e-15
9173.1 1.2821e-15
9175.4 1.2855e-15
9177.7 1.2737e-15
9180.0 1.2662e-15
9182.3 1.2542e-15
9184.6 1.2525e-15
9186.9 1.2550e-15
9189.2 1.2541e-15
9191.5 1.2628e-15
9193.8 1.2654e-15
9196.1 1.2851e-15
9198.4 1.2865e-15
9200.7 1.2775e-15
9203.0 1.2728e-15
9205.3 1.2659e-15
9207.6 1.2940e-15
9209.9 1.3194e-15
9212.2 1.3008e-15
9214.5 1.3068e-15
9216.8 1.3330e-15
9219.1 1.3390e-15
9221.4 1.3467e-15
9223.7 1.3586e-15
9226.0 1.3645e-15
9228.3 1.3795e-15
9230.6 1.3985e-15
9232.9 1.3911e-15
9235.2 1.3788e-15
9237.5 1.3372e-15
9239.8 1.3300e-15
9242.1 1.3467e-15
9244.4 1.3289e-15
9246.7 1.3224e-15
9249.0 1.3430e-15
9251.3 1.3416e-15
9253.6 1.3228e-15
9255.9 1.3252e-15
9258.2 1.3309e-15
9260.5 1.3468e-15
9262.8 1.3262e-15
9265.1 1.3188e-15
9267.4 1.3336e-15
9269.7 1.3168e-15
9272.0 1.3328e-15
9274.3 1.3201e-15
9276.6 1.3129e-15
9278.9 1.3018e-15
9281.2 1.3079e-15
9283.5 1.3147e-15
9285.8 1.2973e-15
9288.1 1.2882e-15
9290.4 1.2968e-15
9292.7 1.2877e-15
9295.0 1.2780e-15
9297.3 1.2969e-15
9299.6 1.2961e-15
9301.9 1.3128e-15
9304.2 1.3152e-15
9306.5 1.2886e-15
9308.8 1.2998e-15
9311.1 1.3498e-15
9313.4 1.3412e-15
9315.7 1.2611e-15
9318.0 1.2857e-15
9320.3 1.3149e-15
9322.6 1.2670e-15
9324.9 1.2761e-15
9327.2 1.3040e-15
9329.5 1.2849e-15
9331.8 1.2646e-15
9334.1 1.2655e-15
9336.4 1.2645e-15
9338.7 1.2484e-15
9341.0 1.2528e-15
9343.3 1.2419e-15
9345.6 1.3147e-15
9347.9 1.3369e-15
9350.2 1.2510e-15
9352.5 1.1870e-15
9354.8 1.2033e-15
9357.1 1.2910e-15
9359.4 1.3651e-15
9361.7 1.3457e-15
9364.0 1.2519e-15
9366.3 1.2433e-15
9368.6 1.2403e-15
9370.9 1.2731e-15
9373.2 1.3307e-15
9375.5 1.2979e-15
9377.8 1.2465e-15
9380.1 1.2494e-15
9382.4 1.2865e-15
9384.7 1.3129e-15
9387.0 1.2615e-15
9389.3 1.2588e-15
9391.6 1.2748e-15
9393.9 1.2715e-15
9396.2 1.2654e-15
9398.5 1.2576e-15
9400.8 1.2722e-15
9403.1 1.2684e-15
9405.4 1.2756e-15
9407.7 1.2285e-15
9410.0 1.2461e-15
9412.3 1.2789e-15
9414.6 1.2736e-15
9416.9 1.2791e-15
9419.2 1.2497e-15
9421.5 1.2181e-15
9423.8 1.2274e-15
9426.1 1.2430e-15
9428.4 1.3141e-15
9430.7 1.3452e-15
9433.0 1.3212e-15
9435.3 1.2650e-15
9437.6 1.1870e-15
9439.9 1.1944e-15
9442.2 1.2997e-15
9444.5 1.3207e-15
9446.8 1.2981e-15
9449.1 1.1958e-15
9451.4 1.1726e-15
9453.7 1.2267e-15
9456.0 1.2384e-15
9458.3 1.2313e-15
9460.6 1.2774e-15
9462.9 1.3031e-15
9465.2 1.2692e-15
9467.5 1.2153e-15
9469.8 1.1890e-15
9472.1 1.2012e-15
9474.4 1.2040e-15
9476.7 1.2071e-15
9479.0 1.1832e-15
9481.3 1.1774e-15
9483.6 1.2317e-15
9485.9 1.2357e-15
9488.2 1.1619e-15
9490.5 1.1420e-15
9492.8 1.1735e-15
9495.1 1.1938e-15
9497.4 1.1998e-15
9499.7 1.2269e-15
9502.0 1.2507e-15
9504.3 1.2538e-15
9506.6 1.2126e-15
9508.9 1.1541e-15
9511.2 1.1355e-15
9513.5 1.1543e-15
9515.8 1.1524e-15
9518.1 1.1792e-15
9520.4 1.2173e-15
9522.7 1.1885e-15
9525.0 1.1664e-15
9527.3 1.1968e-15
9529.6 1.1811e-15
9531.9 1.1688e-15
9534.2 1.1603e-15
9536.5 1.1580e-15
9538.8 1.1950e-15
9541.1 1.2232e-15
9543.4 1.2227e-15
9545.7 1.2578e-15
9548.0 1.2695e-15
9550.3 1.2071e-15
9552.6 1.1800e-15
9554.9 1.1762e-15
9557.2 1.1600e-15
9559.5 1.1503e-15
9561.8 1.1538e-15
9564.1 1.1058e-15
9566.4 1.0884e-15
9568.7 1.1543e-15
9571.0 1.1685e-15
9573.3 1.1305e-15
9575.6 1.1042e-15
9577.9 1.1103e-15
9580.2 1.1145e-15
9582.5 1.1161e-15
9584.8 1.1316e-15
9587.1 1.1164e-15
9589.4 1.0888e-15
9591.7 1.1106e-15
9594.0 1.1237e-15
9596.3 1.1142e-15
9598.6 1.0919e-15
9600.9 1.0634e-15
9603.2 1.0754e-15
9605.5 1.0991e-15
9607.8 1.1009e-15
9610.1 1.1159e-15
9612.4 1.1095e-15
9614.7 1.0712e-15
9617.0 1.0744e-15
9619.3 1.0806e-15
9621.6 1.0817e-15
9623.9 1.0681e-15
9626.2 1.1064e-15
9628.5 1.0999e-15
9630.8 1.0656e-15
9633.1 1.0637e-15
9635.4 1.0641e-15
9637.7 1.0849e-15
9640.0 1.1060e-15
9642.3 1.1032e-15
9644.6 1.0770e-15
9646.9 1.0842e-15
9649.2 1.0610e-15
9651.5 1.0401e-15
9653.8 1.0647e-15
9656.1 1.0833e-15
9658.4 1.0809e-15
9660.7 1.0631e-15
9663.0 1.0654e-15
9665.3 1.0671e-15
9667.6 1.0740e-15
9669.9 1.0433e-15
9672.2 1.0248e-15
9674.5 1.0303e-15
9676.8 1.0168e-15
9679.1 1.0258e-15
9681.4 1.0693e-15
9683.7 1.0678e-15
9686.0 1.0816e-15
9688.3 1.0748e-15
9690.6 1.0718e-15
9692.9 1.0572e-15
9695.2 9.0592e-16
9697.5 6.5793e-16
9699.8 6.3087e-16
9702.1 1.0428e-15
9704.4 1.3543e-15
9706.7 1.2322e-15
9709.0 1.0611e-15
9711.3 1.0358e-15
9713.6 1.0652e-15
9715.9 1.0486e-15
9718.2 1.0365e-15
9720.5 1.0470e-15
9722.8 1.0186e-15
9725.1 9.9631e-16
9727.4 1.0099e-15
9729.7 1.0085e-15
9732.0 1.0260e-15
9734.3 1.0302e-15
9736.6 1.0548e-15
9738.9 1.0359e-15
9741.2 9.9689e-16
9743.5 1.0217e-15
9745.8 1.0196e-15
9748.1 1.0020e-15
9750.4 1.0112e-15
9752.7 1.0217e-15
9755.0 1.0118e-15
9757.3 1.0169e-15
9759.6 1.0272e-15
9761.9 1.0217e-15
9764.2 1.0147e-15
9766.5 1.0257e-15
9768.8 1.0221e-15
9771.1 1.0150e-15
9773.4 1.0127e-15
9775.7 9.9244e-16
9778.0 9.9053e-16
9780.3 9.9365e-16
9782.6 9.9279e-16
9784.9 9.9961e-16
9787.2 9.9767e-16
9789.5 9.8761e-16
9791.8 9.7708e-16
9794.1 9.3799e-16
9796.4 9.6486e-16
9798.7 9.9061e-16
9801.0 9.8273e-16
9803.3 9.9689e-16
9805.6 1.0095e-15
9807.9 9.8235e-16
9810.2 9.6467e-16
9812.5 9.9078e-16
9814.8 1.0028e-15
9817.1 9.9862e-16
9819.4 9.9296e-16
9821.7 9.9310e-16
9824.0 9.7839e-16
9826.3 9.6725e-16
9828.6 9.8269e-16
9830.9 9.9632e-16
9833.2 9.8168e-16
9835.5 9.6090e-16
9837.8 9.8098e-16
9840.1 9.8597e-16
9842.4 9.7344e-16
9844.7 9.8321e-16
9847.0 9.8984e-16
9849.3 9.7424e-16
9851.6 9.5319e-16
9853.9 9.5659e-16
9856.2 9.8585e-16
9858.5 9.9265e-16
9860.8 9.6498e-16
9863.1 9.6659e-16
9865.4 1.0146e-15
9867.7 9.9810e-16
9870.0 9.8169e-16
9872.3 9.9811e-16
9874.6 9.9323e-16
9876.9 1.0052e-15
9879.2 1.0074e-15
9881.5 9.6756e-16
9883.8 9.4991e-16
9886.1 9.6368e-16
9888.4 9.6520e-16
9890.7 9.7478e-16
9893.0 9.8115e-16
9895.3 9.6608e-16
9897.6 9.3704e-16
9899.9 9.2496e-16
9902.2 9.6859e-16
9904.5 9.5992e-16
9906.8 9.4709e-16
9909.1 9.6230e-16
9911.4 9.9711e-16
9913.7 9.8664e-16
9916.0 9.3100e-16
9918.3 9.2594e-16
9920.6 9.6484e-16
9922.9 9.5983e-16
9925.2 9.4226e-16
9927.5 9.6733e-16
9929.8 9.7459e-16
9932.1 9.5848e-16
9934.4 9.4507e-16
9936.7 9.5471e-16
9939.0 9.6000e-16
9941.3 9.5175e-16
9943.6 9.5986e-16
9945.9 9.7871e-16
9948.2 1.0024e-15
9950.5 9.6132e-16
9952.8 9.5840e-16
9955.1 9.3384e-16
9957.4 9.3913e-16
9959.7 9.5016e-16
9962.0 9.4972e-16
9964.3 9.6478e-16
9966.6 9.2928e-16
9968.9 9.3472e-16
9971.2 9.5555e-16
9973.5 9.2743e-16
9975.8 9.1648e-16
9978.1 9.0066e-16
9980.4 9.0245e-16
9982.7 9.1929e-16
9985.0 9.2717e-16
9987.3 9.3167e-16
9989.6 9.2874e-16
9991.9 9.4398e-16
9994.2 9.0650e-16
9996.5 9.1834e-16
9998.8 9.3216e-16
10001.1 9.2155e-16
10003.4 9.1225e-16
10005.7 9.2113e-16
10008.0 9.4549e-16
10010.3 9.4943e-16
10012.6 9.1737e-16
10014.9 8.7388e-16
10017.2 9.0262e-16
10019.5 8.7127e-16
10021.8 8.6374e-16
10024.1 8.9056e-16
10026.4 8.7599e-16
10028.7 8.9395e-16
10031.0 9.1646e-16
10033.3 8.8088e-16
10035.6 8.7156e-16
10037.9 8.7635e-16
10040.2 8.9224e-16
10042.5 8.7538e-16
10044.8 9.0607e-16
10047.1 9.0253e-16
10049.4 8.5906e-16
10051.7 8.5827e-16
10054.0 8.7258e-16
10056.3 8.5880e-16
10058.6 8.4136e-16
10060.9 8.5259e-16
10063.2 8.3810e-16
10065.5 8.7727e-16
10067.8 8.7913e-16
10070.1 8.5404e-16
10072.4 8.2614e-16
10074.7 8.2080e-16
10077.0 8.4898e-16
10079.3 8.9412e-16
10081.6 9.2832e-16
10083.9 8.8467e-16
10086.2 8.5462e-16
10088.5 8.5009e-16
10090.8 8.3123e-16
10093.1 8.3560e-16
10095.4 8.5686e-16
10097.7 8.7941e-16
10100.0 8.6300e-16
10102.3 8.4263e-16
10104.6 8.4437e-16
10106.9 8.2163e-16
10109.2 8.1955e-16
10111.5 8.1549e-16
10113.8 8.1064e-16
10116.1 8.2251e-16
10118.4 8.4806e-16
10120.7 8.1995e-16
10123.0 8.3745e-16
10125.3 8.7298e-16
10127.6 8.4882e-16
10129.9 8.1928e-16
10132.2 8.1253e-16
10134.5 8.3954e-16
10136.8 8.5890e-16
10139.1 8.6077e-16
10141.4 8.0845e-16
10143.7 8.0115e-16
10146.0 8.1562e-16
10148.3 8.2288e-16
10150.6 8.5617e-16
10152.9 8.4779e-16
10155.2 8.3075e-16
10157.5 8.7081e-16
10159.8 8.7142e-16
10162.1 8.1927e-16
10164.4 8.1395e-16
10166.7 8.4172e-16
10169.0 8.3848e-16
10171.3 8.0570e-16
10173.6 7.7798e-16
10175.9 7.4889e-16
10178.2 7.8856e-16
10180.5 8.2571e-16
10182.8 8.0219e-16
10185.1 7.8082e-16
10187.4 8.1306e-16
10189.7 8.4797e-16
10192.0 8.1107e-16
10194.3 8.2075e-16
10196.6 7.7431e-16
10198.9 7.4738e-16
10201.2 7.7017e-16
10203.5 7.5751e-16
10205.8 7.7034e-16
10208.1 8.1430e-16
10210.4 7.3998e-16
10212.7 7.0499e-16
10215.0 7.3700e-16
10217.3 7.5053e-16
10219.6 7.8835e-16
10221.9 7.7711e-16
10224.2 7.6749e-16
10226.5 8.0562e-16
10228.8 8.3732e-16
10231.1 7.9572e-16
10233.4 7.6175e-16
10235.7 7.9057e-16
10238.0 8.3307e-16
10240.3 8.0741e-16
10242.6 7.9554e-16
10244.9 8.3099e-16
10247.2 8.4386e-16
10249.5 8.1368e-16
10251.8 7.7178e-16
10254.1 7.9396e-16
10256.4 8.1142e-16
10258.7 7.7466e-16
10261.0 8.2444e-16
10263.3 8.7619e-16
10265.6 8.2066e-16
10267.9 7.5229e-16
10270.2 7.3801e-16
10272.5 7.2648e-16
10274.8 6.8427e-16
10277.1 6.8179e-16
10279.4 7.6050e-16
10281.7 8.4174e-16
10284.0 7.4151e-16
10286.3 6.0927e-16
10288.6 6.2588e-16
10290.9 7.0089e-16
10293.2 7.5199e-16
10295.5 7.6973e-16
10297.8 7.6940e-16
10300.1 7.7172e-16
10302.4 7.6288e-16
10304.7 7.8144e-16
10307.0 8.2315e-16
10309.3 8.0356e-16
10311.6 7.7177e-16
10313.9 7.7484e-16
10316.2 7.9830e-16
10318.5 7.9323e-16
10320.8 7.5565e-16
10323.1 7.5433e-16
10325.4 7.8373e-16
10327.7 7.7627e-16
10330.0 7.7809e-16
10332.3 7.5371e-16
10334.6 8.2562e-16
10336.9 8.6362e-16
10339.2 7.7173e-16
10341.5 7.3897e-16
10343.8 8.0406e-16
10346.1 8.1497e-16
10348.4 6.8173e-16
10350.7 7.5045e-16
10353.0 7.5670e-16
10355.3 7.4207e-16
10357.6 8.4932e-16
10359.9 7.6404e-16
10362.2 7.1232e-16
10364.5 7.1091e-16
10366.8 7.7963e-16
10369.1 7.4718e-16
10371.4 7.4786e-16
10373.7 8.3246e-16
10376.0 8.3347e-16
10378.3 7.8270e-16
10380.6 8.0711e-16
10382.9 8.1647e-16
10385.2 7.6353e-16
10387.5 7.5863e-16
10389.8 7.3167e-16
10392.1 6.8430e-16
10394.4 7.3647e-16
10396.7 7.9712e-16
10399.0 7.5726e-16
10401.3 6.7624e-16
10403.6 8.2859e-16
10405.9 9.1416e-16
10408.2 7.0969e-16
10410.5 6.1098e-16
10412.8 6.3486e-16
10415.1 7.1159e-16
10417.4 7.9265e-16
10419.7 8.0276e-16
10422.0 7.1438e-16
10424.3 7.3168e-16
10426.6 6.7575e-16
10428.9 7.1380e-16
10431.2 7.2091e-16
10433.5 7.2874e-16
10435.8 8.0774e-16
10438.1 7.8061e-16
10440.4 6.9141e-16
10442.7 7.1477e-16
10445.0 7.3356e-16
10447.3 7.3593e-16
10449.6 7.7049e-16
10451.9 8.7677e-16
10454.2 8.0750e-16
10456.5 6.3125e-16
10458.8 6.6619e-16
10461.1 7.4132e-16
10463.4 7.4881e-16
10465.7 7.7547e-16
10468.0 7.4185e-16
10470.3 7.1126e-16
10472.6 7.3171e-16
10474.9 6.6569e-16
10477.2 5.6664e-16
10479.5 7.1274e-16
10481.8 8.3729e-16
10484.1 8.4647e-16
10486.4 7.7522e-16
10488.7 7.0442e-16
10491.0 7.3156e-16
10493.3 7.1178e-16
10495.6 6.7361e-16
10497.9 7.3552e-16
10500.2 6.5386e-16
10502.5 5.4460e-16
10504.8 7.3921e-16
10507.1 7.7951e-16
10509.4 7.8435e-16
10511.7 8.8475e-16
10514.0 7.3941e-16
10516.3 6.6862e-16
10518.6 7.6308e-16
10520.9 6.8666e-16
10523.2 5.2827e-16
10525.5 4.7590e-16
10527.8 6.1066e-16
10530.1 6.5851e-16
10532.4 6.6861e-16
10534.7 8.1848e-16
10537.0 9.1800e-16
10539.3 6.3463e-16
10541.6 5.6950e-16
10543.9 9.9451e-16
10546.2 8.8237e-16
10548.5 6.9802e-16
10550.8 9.0438e-16
10553.1 8.2785e-16
10555.4 6.7036e-16
10557.7 6.7559e-16
10560.0 8.4888e-16
10562.3 8.7900e-16
10564.6 6.1632e-16
10566.9 6.5253e-16
10569.2 8.0070e-16
10571.5 8.0656e-16
10573.8 9.5713e-16
10576.1 8.9014e-16
10578.4 6.4568e-16
10580.7 6.8715e-16
10583.0 7.6045e-16
10585.3 7.6723e-16
10587.6 8.4229e-16
10589.9 6.6093e-16
10592.2 6.4023e-16
10594.5 8.4518e-16
10596.8 9.1030e-16
10599.1 6.8722e-16
10601.4 6.9408e-16
10603.7 8.5110e-16
10606.0 7.9240e-16
10608.3 9.3772e-16
10610.6 8.1854e-16
10612.9 6.0094e-16
10615.2 8.2467e-16
10617.5 6.5588e-16
10619.8 5.6718e-16
10622.1 9.1531e-16
10624.4 1.0058e-15
10626.7 8.1584e-16
10629.0 8.7806e-16
10631.3 9.8173e-16
10633.6 5.8589e-16
10635.9 6.9806e-16
10638.2 1.0004e-15
10640.5 5.3767e-16
10642.8 9.0243e-16
10645.1 9.9322e-16
10647.4 7.6459e-16
10649.7 8.7827e-16
10652.0 1.2630e-15
10654.3 9.9702e-16
10656.6 6.8139e-16
10658.9 1.1287e-15
10661.2 1.0202e-15
10663.5 6.0088e-16
10665.8 7.2570e-16
10668.1 7.9509e-16
10670.4 9.7873e-16
10672.7 1.3609e-15
10675.0 9.9411e-16
10677.3 8.3296e-16
10679.6 1.0248e-15
10681.9 9.6791e-16
10684.2 5.7147e-16
10686.5 6.4374e-16
10688.8 8.5728e-16
10691.1 8.0580e-16
10693.4 6.8745e-16
10695.7 5.5569e-16
10698.0 8.1194e-16
10700.3 8.3216e-16
10702.6 6.6769e-16
10704.9 6.4722e-16
10707.2 1.0062e-15
10709.5 1.1051e-15
10711.8 8.9244e-16
10714.1 9.1014e-16
10716.4 7.0102e-16
10718.7 6.9349e-16
10721.0 1.0379e-15
10723.3 9.4742e-16
10725.6 7.3860e-16
10727.9 1.1729e-15
10730.2 1.0590e-15
10732.5 9.1513e-16
10734.8 9.1362e-16
10737.1 8.6972e-16
10739.4 1.4533e-15
10741.7 1.5745e-15
10744.0 1.4175e-15
10746.3 1.3072e-15
10748.6 1.2479e-15
10750.9 1.3504e-15
10753.2 1.4301e-15
10755.5 1.4550e-15
10757.8 1.2806e-15
10760.1 1.2418e-15
10762.4 1.5729e-15
10764.7 1.3518e-15
10767.0 1.0409e-15
10769.3 1.1934e-15
10771.6 1.1931e-15
10773.9 1.3180e-15
10776.2 1.3290e-15
10778.5 1.3646e-15
10780.8 1.4176e-15
10783.1 1.2213e-15
10785.4 1.1575e-15
10787.7 1.4176e-15
10790.0 1.8216e-15
10792.3 1.7668e-15
10794.6 1.7198e-15
10796.9 1.9495e-15
10799.2 1.4846e-15
10801.5 1.2591e-15
10803.8 1.7128e-15
10806.1 1.5948e-15
10808.4 1.5648e-15
10810.7 1.5105e-15
10813.0 1.5566e-15
10815.3 1.2997e-15
10817.6 1.1046e-15
10819.9 1.2074e-15
10822.2 1.2839e-15
10824.5 1.3594e-15
10826.8 1.2679e-15
10829.1 1.3068e-15
10831.4 1.5751e-15
10833.7 1.6137e-15
10836.0 1.5437e-15
10838.3 1.5204e-15
10840.6 1.5257e-15
10842.9 1.6260e-15
10845.2 1.7612e-15
10847.5 1.9069e-15
10849.8 1.8025e-15
10852.1 1.5781e-15
10854.4 1.7202e-15
10856.7 2.0357e-15
10859.0 2.0079e-15
10861.3 1.8223e-15
10863.6 1.7808e-15
10865.9 1.8078e-15
10868.2 1.8320e-15
10870.5 1.7592e-15
10872.8 1.7147e-15
10875.1 1.9719e-15
10877.4 1.9495e-15
10879.7 1.8975e-15
10882.0 2.0278e-15
10884.3 1.8750e-15
10886.6 1.9711e-15
10888.9 1.9657e-15
10891.2 1.8772e-15
10893.5 1.8956e-15
10895.8 1.7457e-15
10898.1 1.6178e-15
10900.4 1.6413e-15
10902.7 1.6825e-15
10905.0 1.6993e-15
10907.3 1.6707e-15
10909.6 1.7412e-15
10911.9 1.8638e-15
10914.2 2.2190e-15
