3500.  5.250403E-17
3501.46917510032  7.236394E-17
3502.93835020065  9.222817E-17
3504.40752530098  1.120917E-16
3505.8767004013  1.319559E-16
3507.34587550163  1.518190E-16
3508.81505060196  1.716830E-16
3510.28422570228  1.915464E-16
3511.75340080261  2.114107E-16
3513.22257590293  2.312742E-16
3514.69175100326  2.511380E-16
3516.16092610359  2.710013E-16
3517.63010120391  2.908654E-16
3519.09927630424  3.107289E-16
3520.56845140457  3.305931E-16
3522.03762650489  3.504567E-16
3523.50680160522  3.703206E-16
3524.97597670555  3.901837E-16
3526.44515180587  4.100479E-16
3527.9143269062  4.299115E-16
3529.38350200653  4.497757E-16
3530.85267710685  4.696391E-16
3532.32185220718  4.895031E-16
3533.79102730751  5.093662E-16
3535.26020240783  5.292304E-16
3536.72937750816  5.490939E-16
3538.19855260849  5.689582E-16
3539.66772770881  5.887792E-16
3541.13690280914  6.085677E-16
3542.60607790947  6.290693E-16
3544.07525300979  6.226982E-16
3545.54442811012  5.809652E-16
3547.01360321044  5.420928E-16
3548.48277831077  5.029326E-16
3549.9519534111  4.637578E-16
3551.42112851142  4.245844E-16
3552.89030361175  3.854090E-16
3554.35947871208  3.462350E-16
3555.8286538124  3.070595E-16
3557.29782891273  2.678856E-16
3558.76700401306  2.287106E-16
3560.23617911338  1.895377E-16
3561.70535421371  1.503590E-16
3563.17452931404  1.116256E-16
3564.64370441436  7.080381E-17
3566.11287951469  4.278542E-17
3567.58205461502  1.499156E-16
3569.05122971534  4.012771E-16
3570.52040481567  6.410980E-16
3571.989579916  8.821151E-16
3573.45875501632  1.134796E-15
3574.92793011665  1.276047E-15
3576.39710521698  2.224499E-15
3577.8662803173  3.406761E-15
3579.33545541763  2.982801E-15
3580.80463051796  3.909835E-15
3582.27380561828  5.034313E-15
3583.74298071861  3.043409E-15
3585.21215581894  9.174390E-16
3586.68133091926  1.910208E-15
3588.15050601959  3.276851E-15
3589.61968111991  2.116993E-15
3591.08885622024  2.396539E-15
3592.55803132057  1.692296E-15
3594.02720642089  8.669580E-16
3595.49638152122  1.415317E-15
3596.96555662155  2.773799E-15
3598.43473172187  3.886682E-15
3599.9039068222  1.728891E-15
3601.37308192253  8.791567E-16
3602.84225702285  1.588553E-15
3604.31143212318  -1.269731E-16
3605.78060722351  -1.280413E-15
3607.24978232383  6.981312E-16
3608.71895742416  2.584177E-15
3610.18813252449  3.361878E-15
3611.65730762481  2.361953E-15
3613.12648272514  1.526018E-15
3614.59565782547  6.835660E-16
3616.06483292579  -3.151645E-16
3617.53400802612  1.788311E-15
3619.00318312645  5.342483E-15
3620.47235822677  4.016870E-15
3621.9415333271  2.991945E-15
3623.41070842742  3.944789E-15
3624.87988352775  2.321558E-15
3626.34905862808  -1.432682E-15
3627.8182337284  -1.698289E-15
3629.28740882873  1.275443E-15
3630.75658392906  4.767091E-15
3632.22575902938  1.595983E-15
3633.69493412971  -5.834783E-16
3635.16410923004  1.921072E-15
3636.63328433036  3.282461E-15
3638.10245943069  2.675951E-15
3639.57163453102  1.866646E-15
3641.04080963134  3.544422E-15
3642.50998473167  2.014162E-15
3643.979159832  5.892616E-16
3645.44833493232  -4.696297E-16
3646.91751003265  -9.479704E-16
3648.38668513298  -1.696263E-16
3649.8558602333  2.183171E-15
3651.32503533363  4.449140E-15
3652.79421043396  3.478318E-15
3654.26338553428  2.204420E-15
3655.73256063461  3.163948E-15
3657.20173573494  3.698617E-15
3658.67091083526  2.011757E-15
3660.14008593559  8.549357E-16
3661.60926103592  2.841272E-16
3663.07843613624  1.864818E-15
3664.54761123657  1.723085E-15
3666.0167863369  2.383894E-15
3667.48596143722  2.785136E-15
3668.95513653755  1.400042E-15
3670.42431163787  1.402885E-15
3671.8934867382  1.912003E-15
3673.36266183853  3.084699E-15
3674.83183693885  2.194576E-15
3676.30101203918  1.495642E-15
3677.77018713951  1.440063E-15
3679.23936223983  1.646930E-15
3680.70853734016  3.585486E-16
3682.17771244049  1.499909E-15
3683.64688754081  2.698366E-15
3685.11606264114  2.741959E-15
3686.58523774147  3.229245E-15
3688.05441284179  3.811858E-15
3689.52358794212  2.555982E-15
3690.99276304245  2.551528E-15
3692.46193814277  2.949022E-15
3693.9311132431  2.498435E-15
3695.40028834343  2.656074E-15
3696.86946344375  1.124210E-15
3698.33863854408  1.998189E-15
3699.80781364441  3.173420E-15
3701.27698874473  2.951914E-15
3702.74616384506  3.492736E-15
3704.21533894539  2.481558E-15
3705.68451404571  2.329838E-15
3707.15368914604  2.551176E-15
3708.62286424636  1.423058E-15
3710.09203934669  2.265490E-15
3711.56121444702  2.356124E-15
3713.03038954734  1.530215E-15
3714.49956464767  1.198297E-15
3715.968739748  9.049012E-16
3717.43791484832  2.943207E-15
3718.90708994865  3.048719E-15
3720.37626504898  2.445039E-15
3721.8454401493  3.013523E-15
3723.31461524963  2.915969E-15
3724.78379034996  3.053596E-15
3726.25296545028  2.335254E-15
3727.72214055061  1.640748E-15
3729.19131565094  9.578378E-16
3730.66049075126  1.301066E-15
3732.12966585159  1.530401E-15
3733.59884095192  9.563712E-16
3735.06801605224  2.433025E-15
3736.53719115257  3.613808E-15
3738.0063662529  3.009065E-15
3739.47554135322  2.472835E-15
3740.94471645355  2.325291E-15
3742.41389155388  1.587937E-15
3743.8830666542  2.319498E-15
3745.35224175453  2.564117E-15
3746.82141685485  2.389508E-15
3748.29059195518  2.421512E-15
3749.75976705551  2.272586E-15
3751.22894215583  2.177489E-15
3752.69811725616  1.560972E-15
3754.16729235649  1.564501E-15
3755.63646745681  2.228146E-15
3757.10564255714  2.533564E-15
3758.57481765747  2.359873E-15
3760.04399275779  2.120699E-15
3761.51316785812  1.556024E-15
3762.98234295845  9.222258E-16
3764.45151805877  1.650585E-15
3765.9206931591  1.906978E-15
3767.38986825943  1.806604E-15
3768.85904335975  1.029044E-15
3770.32821846008  1.164097E-15
3771.79739356041  1.026139E-15
3773.26656866073  1.338139E-15
3774.73574376106  1.072189E-15
3776.20491886139  1.440170E-15
3777.67409396171  2.505513E-15
3779.14326906204  2.709296E-15
3780.61244416237  2.406070E-15
3782.08161926269  2.423707E-15
3783.55079436302  2.063119E-15
3785.01996946334  1.054791E-15
3786.48914456367  1.471185E-15
3787.958319664  1.586855E-15
3789.42749476432  1.900520E-15
3790.89666986465  1.951800E-15
3792.36584496498  1.663505E-15
3793.8350200653  1.863080E-15
3795.30419516563  1.615333E-15
3796.77337026596  1.623824E-15
3798.24254536628  1.991027E-15
3799.71172046661  2.062488E-15
3801.18089556694  2.327218E-15
3802.65007066726  1.642961E-15
3804.11924576759  1.595097E-15
3805.58842086792  2.190019E-15
3807.05759596824  1.800279E-15
3808.52677106857  1.239490E-15
3809.9959461689  8.957078E-16
3811.46512126922  1.164565E-15
3812.93429636955  1.808343E-15
3814.40347146988  1.432797E-15
3815.8726465702  9.718963E-16
3817.34182167053  1.352844E-15
3818.81099677086  1.993335E-15
3820.28017187118  1.270058E-15
3821.74934697151  1.196911E-15
3823.21852207184  1.767102E-15
3824.68769717216  1.975883E-15
3826.15687227249  1.324859E-15
3827.62604737281  7.491779E-16
3829.09522247314  1.398955E-15
3830.56439757347  2.358071E-15
3832.03357267379  1.801930E-15
3833.50274777412  8.776018E-16
3834.97192287445  1.129692E-15
3836.44109797477  1.667161E-15
3837.9102730751  1.004392E-15
3839.37944817543  1.005439E-15
3840.84862327575  9.567936E-16
3842.31779837608  1.183091E-15
3843.78697347641  1.138105E-15
3845.25614857673  9.519956E-16
3846.72532367706  1.164550E-15
3848.19449877739  1.659039E-15
3849.66367387771  1.481478E-15
3851.13284897804  9.942730E-16
3852.60202407837  1.206591E-15
3854.07119917869  1.245434E-15
3855.54037427902  1.175160E-15
3857.00954937935  1.280028E-15
3858.47872447967  1.377518E-15
3859.94789958  1.227517E-15
3861.41707468032  1.378962E-15
3862.88624978065  1.677617E-15
3864.35542488098  1.224058E-15
3865.8245999813  9.669748E-16
3867.29377508163  1.240391E-15
3868.76295018196  1.630945E-15
3870.23212528228  1.611731E-15
3871.70130038261  1.364450E-15
3873.17047548294  1.547415E-15
3874.63965058326  1.906975E-15
3876.10882568359  1.198036E-15
3877.57800078392  1.026892E-15
3879.04717588424  1.582825E-15
3880.51635098457  1.411883E-15
3881.9855260849  1.687908E-15
3883.45470118522  1.631309E-15
3884.92387628555  1.429325E-15
3886.39305138588  1.528334E-15
3887.8622264862  1.930329E-15
3889.33140158653  1.662007E-15
3890.80057668686  8.792251E-16
3892.26975178718  1.447679E-15
3893.73892688751  1.642838E-15
3895.20810198783  1.738855E-15
3896.67727708816  2.196647E-15
3898.14645218849  1.680454E-15
3899.61562728881  1.400472E-15
3901.08480238914  1.669199E-15
3902.55397748947  1.767097E-15
3904.02315258979  1.676997E-15
3905.49232769012  1.576255E-15
3906.96150279045  2.032813E-15
3908.43067789077  1.953508E-15
3909.8998529911  1.776037E-15
3911.36902809143  1.474953E-15
3912.83820319175  1.585850E-15
3914.30737829208  1.711048E-15
3915.77655339241  1.510159E-15
3917.24572849273  1.713326E-15
3918.71490359306  1.889876E-15
3920.18407869339  1.741955E-15
3921.65325379371  1.662485E-15
3923.12242889404  2.071405E-15
3924.59160399437  2.148969E-15
3926.06077909469  1.966852E-15
3927.52995419502  2.194497E-15
3928.99912929535  1.713941E-15
3930.46830439567  1.406212E-15
3931.937479496  1.852439E-15
3933.40665459633  1.605835E-15
3934.87582969665  1.734751E-15
3936.34500479698  2.050248E-15
3937.8141798973  2.029589E-15
3939.28335499763  1.880882E-15
3940.75253009796  1.966499E-15
3942.22170519828  2.055108E-15
3943.69088029861  1.911951E-15
3945.16005539894  1.921850E-15
3946.62923049926  1.962889E-15
3948.09840559959  1.852506E-15
3949.56758069992  1.975095E-15
3951.03675580024  1.894021E-15
3952.50593090057  1.742391E-15
3953.9751060009  1.754973E-15
3955.44428110122  1.686415E-15
3956.91345620155  1.704940E-15
3958.38263130188  2.154006E-15
3959.8518064022  2.568592E-15
3961.32098150253  2.453187E-15
3962.79015660286  2.088388E-15
3964.25933170318  2.159516E-15
3965.72850680351  1.937880E-15
3967.19768190384  1.750847E-15
3968.66685700416  1.788512E-15
3970.13603210449  2.174806E-15
3971.60520720481  1.969138E-15
3973.07438230514  1.751092E-15
3974.54355740547  1.881527E-15
3976.01273250579  1.605640E-15
3977.48190760612  1.634956E-15
3978.95108270645  1.772165E-15
3980.42025780677  1.708896E-15
3981.8894329071  1.955918E-15
3983.35860800743  1.996564E-15
3984.82778310775  1.839386E-15
3986.29695820808  1.991602E-15
3987.76613330841  2.267743E-15
3989.23530840873  2.352632E-15
3990.70448350906  2.345993E-15
3992.17365860939  2.247038E-15
3993.64283370971  2.133179E-15
3995.11200881004  2.046989E-15
3996.58118391037  1.913561E-15
3998.05035901069  2.017585E-15
3999.51953411102  2.346260E-15
4000.98870921135  2.159240E-15
4002.45788431167  2.341108E-15
4003.927059412  2.345415E-15
4005.39623451233  2.139931E-15
4006.86540961265  1.894795E-15
4008.33458471298  1.844607E-15
4009.80375981331  1.981215E-15
4011.27293491363  1.970322E-15
4012.74211001396  1.910147E-15
4014.21128511428  1.997958E-15
4015.68046021461  1.973333E-15
4017.14963531494  2.054274E-15
4018.61881041526  2.191159E-15
4020.08798551559  2.053532E-15
4021.55716061592  2.123398E-15
4023.02633571624  1.926273E-15
4024.49551081657  1.680620E-15
4025.9646859169  1.665533E-15
4027.43386101722  1.904202E-15
4028.90303611755  1.817725E-15
4030.37221121788  1.833846E-15
4031.8413863182  1.768308E-15
4033.31056141853  1.606792E-15
4034.77973651886  1.829895E-15
4036.24891161918  2.163795E-15
4037.71808671951  2.151165E-15
4039.18726181984  2.151075E-15
4040.65643692016  1.777707E-15
4042.12561202049  1.629206E-15
4043.59478712082  2.019117E-15
4045.06396222114  2.192720E-15
4046.53313732147  1.962006E-15
4048.0023124218  1.928920E-15
4049.47148752212  1.594370E-15
4050.94066262245  1.568238E-15
4052.40983772278  1.841943E-15
4053.8790128231  1.576716E-15
4055.34818792343  1.491460E-15
4056.81736302376  1.694428E-15
4058.28653812408  1.765127E-15
4059.75571322441  1.568873E-15
4061.22488832473  1.599834E-15
4062.69406342506  1.767984E-15
4064.16323852539  1.937867E-15
4065.63241362571  1.999969E-15
4067.10158872604  1.716941E-15
4068.57076382637  1.691443E-15
4070.03993892669  1.984138E-15
4071.50911402702  1.882930E-15
4072.97828912735  1.612784E-15
4074.44746422767  1.446467E-15
4075.916639328  1.626927E-15
4077.38581442833  1.709615E-15
4078.85498952865  1.571749E-15
4080.32416462898  1.470388E-15
4081.79333972931  1.614054E-15
4083.26251482963  2.145320E-15
4084.73168992996  2.351070E-15
4086.20086503029  2.159974E-15
4087.67004013061  1.767842E-15
4089.13921523094  1.803425E-15
4090.60839033126  1.942189E-15
4092.07756543159  1.823043E-15
4093.54674053192  1.692742E-15
4095.01591563224  1.887757E-15
4096.48509073257  1.841657E-15
4097.9542658329  1.900197E-15
4099.42344093322  1.599195E-15
4100.89261603355  1.450217E-15
4102.36179113388  1.729516E-15
4103.8309662342  1.901530E-15
4105.30014133453  1.696795E-15
4106.76931643486  1.617312E-15
4108.23849153518  1.789037E-15
4109.70766663551  1.827864E-15
4111.17684173584  1.481473E-15
4112.64601683616  1.571208E-15
4114.11519193649  1.868704E-15
4115.58436703682  1.997930E-15
4117.05354213714  1.814675E-15
4118.52271723747  2.084553E-15
4119.9918923378  2.212790E-15
4121.46106743812  1.673708E-15
4122.93024253845  1.451012E-15
4124.39941763878  1.715758E-15
4125.8685927391  2.072904E-15
4127.33776783943  1.965801E-15
4128.80694293975  1.948280E-15
4130.27611804008  1.692092E-15
4131.74529314041  1.559142E-15
4133.21446824073  1.603493E-15
4134.68364334106  1.475091E-15
4136.15281844139  1.484140E-15
4137.62199354171  1.917107E-15
4139.09116864204  2.057124E-15
4140.56034374237  1.862656E-15
4142.02951884269  1.772646E-15
4143.49869394302  1.694258E-15
4144.96786904335  1.566454E-15
4146.43704414367  1.708270E-15
4147.906219244  1.751542E-15
4149.37539434433  1.661120E-15
4150.84456944465  1.714063E-15
4152.31374454498  1.622239E-15
4153.78291964531  1.395906E-15
4155.25209474563  1.425940E-15
4156.72126984596  1.848331E-15
4158.19044494629  1.965490E-15
4159.65962004661  1.658852E-15
4161.12879514694  1.653774E-15
4162.59797024726  1.748724E-15
4164.06714534759  1.781883E-15
4165.53632044792  1.645976E-15
4167.00549554824  1.736440E-15
4168.47467064857  1.550008E-15
4169.9438457489  1.717376E-15
4171.41302084923  1.830792E-15
4172.88219594955  1.844505E-15
4174.35137104988  1.760453E-15
4175.8205461502  1.514382E-15
4177.28972125053  1.647466E-15
4178.75889635086  1.693038E-15
4180.22807145118  1.492574E-15
4181.69724655151  1.640439E-15
4183.16642165184  1.821293E-15
4184.63559675216  1.652152E-15
4186.10477185249  1.527046E-15
4187.57394695282  1.623447E-15
4189.04312205314  1.671732E-15
4190.51229715347  1.570083E-15
4191.9814722538  1.303700E-15
4193.45064735412  1.397017E-15
4194.91982245445  1.462753E-15
4196.38899755478  1.502742E-15
4197.8581726551  1.849315E-15
4199.32734775543  1.652989E-15
4200.79652285576  1.617722E-15
4202.26569795608  1.872497E-15
4203.73487305641  1.762244E-15
4205.20404815674  1.672358E-15
4206.67322325706  1.527175E-15
4208.14239835739  1.500901E-15
4209.61157345772  1.643867E-15
4211.08074855804  1.527044E-15
4212.54992365837  1.646329E-15
4214.0190987587  1.750761E-15
4215.48827385902  1.700476E-15
4216.95744895935  1.935021E-15
4218.42662405967  1.974641E-15
4219.89579916  1.854842E-15
4221.36497426033  1.711077E-15
4222.83414936065  1.627884E-15
4224.30332446098  1.898887E-15
4225.77249956131  1.972896E-15
4227.24167466163  1.738908E-15
4228.71084976196  1.590137E-15
4230.18002486229  1.587652E-15
4231.64919996261  1.696801E-15
4233.11837506294  1.637255E-15
4234.58755016327  1.596872E-15
4236.05672526359  1.660983E-15
4237.52590036392  1.558444E-15
4238.99507546425  1.708927E-15
4240.46425056457  1.782585E-15
4241.9334256649  1.546692E-15
4243.40260076523  1.656383E-15
4244.87177586555  1.755832E-15
4246.34095096588  1.554262E-15
4247.8101260662  1.727783E-15
4249.27930116653  1.976460E-15
4250.74847626686  1.729851E-15
4252.21765136718  1.753644E-15
4253.68682646751  1.914572E-15
4255.15600156784  1.939211E-15
4256.62517666816  1.814576E-15
4258.09435176849  1.721592E-15
4259.56352686882  1.732394E-15
4261.03270196914  1.801167E-15
4262.50187706947  1.595771E-15
4263.9710521698  1.713235E-15
4265.44022727012  1.639038E-15
4266.90940237045  1.666583E-15
4268.37857747078  1.707228E-15
4269.8477525711  1.706051E-15
4271.31692767143  1.761431E-15
4272.78610277176  1.772852E-15
4274.25527787208  1.921974E-15
4275.72445297241  1.925623E-15
4277.19362807274  1.741127E-15
4278.66280317306  1.707148E-15
4280.13197827339  1.682425E-15
4281.60115337372  1.731534E-15
4283.07032847404  1.728268E-15
4284.53950357437  1.613182E-15
4286.00867867469  1.852748E-15
4287.47785377502  1.530597E-15
4288.94702887535  1.517800E-15
4290.41620397567  1.832599E-15
4291.885379076  1.894584E-15
4293.35455417633  1.709276E-15
4294.82372927665  1.608403E-15
4296.29290437698  1.749311E-15
4297.76207947731  1.817452E-15
4299.23125457763  1.634090E-15
4300.70042967796  1.552286E-15
4302.16960477829  1.734844E-15
4303.63877987861  1.921370E-15
4305.10795497894  1.825624E-15
4306.57713007927  1.788081E-15
4308.04630517959  1.658958E-15
4309.51548027992  1.608109E-15
4310.98465538025  1.688919E-15
4312.45383048057  1.531529E-15
4313.9230055809  1.694424E-15
4315.39218068123  1.921396E-15
4316.86135578155  1.907908E-15
4318.33053088188  1.744660E-15
4319.79970598221  1.642136E-15
4321.26888108253  1.665079E-15
4322.73805618286  1.794766E-15
4324.20723128318  1.707958E-15
4325.67640638351  1.723453E-15
4327.14558148384  1.679003E-15
4328.61475658416  1.437908E-15
4330.08393168449  1.564001E-15
4331.55310678482  1.813730E-15
4333.02228188514  1.672305E-15
4334.49145698547  1.650072E-15
4335.9606320858  1.938541E-15
4337.42980718612  1.949138E-15
4338.89898228645  2.052506E-15
4340.36815738678  1.926821E-15
4341.8373324871  1.937465E-15
4343.30650758743  1.972614E-15
4344.77568268776  1.885915E-15
4346.24485778808  1.758803E-15
4347.71403288841  1.609978E-15
4349.18320798874  1.693292E-15
4350.65238308906  1.652852E-15
4352.12155818939  1.627175E-15
4353.59073328972  1.822105E-15
4355.05990839004  1.784226E-15
4356.52908349037  1.803027E-15
4357.9982585907  1.928876E-15
4359.46743369102  1.813155E-15
4360.93660879135  1.732357E-15
4362.40578389168  1.755705E-15
4363.874958992  1.673660E-15
4365.34413409233  1.735038E-15
4366.81330919266  1.711443E-15
4368.28248429298  1.801086E-15
4369.75165939331  1.839342E-15
4371.22083449363  1.763030E-15
4372.69000959396  1.727286E-15
4374.15918469429  1.707180E-15
4375.62835979461  1.609581E-15
4377.09753489494  1.697584E-15
4378.56670999527  1.741854E-15
4380.03588509559  1.740528E-15
4381.50506019592  1.588818E-15
4382.97423529625  1.595923E-15
4384.44341039657  1.632054E-15
4385.9125854969  1.562643E-15
4387.38176059723  1.551882E-15
4388.85093569755  1.715923E-15
4390.32011079788  1.815359E-15
4391.78928589821  1.652075E-15
4393.25846099853  1.602067E-15
4394.72763609886  1.625639E-15
4396.19681119919  1.517937E-15
4397.66598629951  1.545574E-15
4399.13516139984  1.682355E-15
4400.60433650017  1.646137E-15
4402.07351160049  1.538531E-15
4403.54268670082  1.538654E-15
4405.01186180114  1.450790E-15
4406.48103690147  1.478504E-15
4407.9502120018  1.519221E-15
4409.41938710212  1.452308E-15
4410.88856220245  1.601160E-15
4412.35773730278  1.563484E-15
4413.8269124031  1.512186E-15
4415.29608750343  1.362465E-15
4416.76526260376  1.324780E-15
4418.23443770408  1.300510E-15
4419.70361280441  1.348678E-15
4421.17278790474  1.454051E-15
4422.64196300506  1.459969E-15
4424.11113810539  1.598909E-15
4425.58031320572  1.587619E-15
4427.04948830604  1.293921E-15
4428.51866340637  1.606432E-15
4429.9878385067  1.623545E-15
4431.45701360702  1.402023E-15
4432.92618870735  1.410261E-15
4434.39536380768  1.219206E-15
4435.864538908  1.209074E-15
4437.33371400833  1.346398E-15
4438.80288910866  1.388908E-15
4440.27206420898  1.420633E-15
4441.74123930931  1.415318E-15
4443.21041440964  1.433356E-15
4444.67958950996  1.552589E-15
4446.14876461029  1.606935E-15
4447.61793971061  1.469983E-15
4449.08711481094  1.365128E-15
4450.55628991127  1.410231E-15
4452.02546501159  1.365415E-15
4453.49464011192  1.230598E-15
4454.96381521225  9.984078E-16
4456.43299031257  1.166558E-15
4457.9021654129  1.326501E-15
4459.37134051323  1.480334E-15
4460.84051561355  1.415890E-15
4462.30969071388  1.241206E-15
4463.77886581421  1.334947E-15
4465.24804091453  1.361995E-15
4466.71721601486  1.392969E-15
4468.18639111519  1.434016E-15
4469.65556621551  1.203768E-15
4471.12474131584  1.302780E-15
4472.59391641617  1.432649E-15
4474.06309151649  1.355942E-15
4475.53226661682  1.402932E-15
4477.00144171714  1.292104E-15
4478.47061681747  1.276294E-15
4479.9397919178  1.366590E-15
4481.40896701812  1.292781E-15
4482.87814211845  1.381616E-15
4484.34731721878  1.503098E-15
4485.8164923191  1.464796E-15
4487.28566741943  1.346532E-15
4488.75484251976  1.473095E-15
4490.22401762008  1.364728E-15
4491.69319272041  1.445185E-15
4493.16236782074  1.611768E-15
4494.63154292106  1.360100E-15
4496.10071802139  1.084510E-15
4497.56989312172  1.243566E-15
4499.03906822204  1.412319E-15
4500.50824332237  1.422995E-15
4501.9774184227  1.401845E-15
4503.44659352302  1.384916E-15
4504.91576862335  1.340734E-15
4506.38494372368  1.380971E-15
4507.854118824  1.517592E-15
4509.32329392433  1.536174E-15
4510.79246902466  1.386027E-15
4512.26164412498  1.504837E-15
4513.73081922531  1.478860E-15
4515.19999432563  1.463172E-15
4516.66916942596  1.586517E-15
4518.13834452629  1.375914E-15
4519.60751962661  1.154519E-15
4521.07669472694  1.233364E-15
4522.54586982727  1.216650E-15
4524.01504492759  1.393201E-15
4525.48422002792  1.221614E-15
4526.95339512825  1.268040E-15
4528.42257022857  1.565886E-15
4529.8917453289  1.689164E-15
4531.36092042923  1.536507E-15
4532.83009552955  1.420422E-15
4534.29927062988  1.741050E-15
4535.76844573021  1.788845E-15
4537.23762083053  1.586413E-15
4538.70679593086  1.717076E-15
4540.17597103119  1.757304E-15
4541.64514613151  1.504498E-15
4543.11432123184  1.461967E-15
4544.58349633217  1.789539E-15
4546.05267143249  1.844394E-15
4547.52184653282  1.541101E-15
4548.99102163315  1.555179E-15
4550.46019673347  1.646087E-15
4551.9293718338  1.658343E-15
4553.39854693413  1.700118E-15
4554.86772203445  1.720544E-15
4556.33689713478  1.826079E-15
4557.8060722351  1.729712E-15
4559.27524733543  1.586486E-15
4560.74442243576  1.835876E-15
4562.21359753608  1.918825E-15
4563.68277263641  1.883233E-15
4565.15194773674  1.839299E-15
4566.62112283706  1.870966E-15
4568.09029793739  1.731062E-15
4569.55947303772  1.672166E-15
4571.02864813804  1.736658E-15
4572.49782323837  1.922973E-15
4573.9669983387  1.841741E-15
4575.43617343902  1.962060E-15
4576.90534853935  2.252279E-15
4578.37452363968  2.124664E-15
4579.84369874  2.116462E-15
4581.31287384033  1.971433E-15
4582.78204894066  2.170576E-15
4584.25122404098  2.039543E-15
4585.72039914131  1.920545E-15
4587.18957424164  2.218810E-15
4588.65874934196  2.232782E-15
4590.12792444229  2.195441E-15
4591.59709954262  2.347150E-15
4593.06627464294  2.433668E-15
4594.53544974327  2.474883E-15
4596.00462484359  2.459450E-15
4597.47379994392  2.588315E-15
4598.94297504425  2.591622E-15
4600.41215014457  2.537072E-15
4601.8813252449  2.743445E-15
4603.35050034523  2.651940E-15
4604.81967544555  2.522748E-15
4606.28885054588  2.733962E-15
4607.75802564621  2.877528E-15
4609.22720074653  2.789123E-15
4610.69637584686  2.799113E-15
4612.16555094719  2.744676E-15
4613.63472604751  2.697317E-15
4615.10390114784  2.723888E-15
4616.57307624817  2.724263E-15
4618.04225134849  2.834516E-15
4619.51142644882  2.835580E-15
4620.98060154915  2.842831E-15
4622.44977664947  2.960932E-15
4623.9189517498  2.981971E-15
4625.38812685013  2.920374E-15
4626.85730195045  3.046535E-15
4628.32647705078  3.177330E-15
4629.7956521511  2.981211E-15
4631.26482725143  2.876162E-15
4632.73400235176  2.803227E-15
4634.20317745208  2.787106E-15
4635.67235255241  2.869677E-15
4637.14152765274  3.276357E-15
4638.61070275306  2.980384E-15
4640.07987785339  3.094691E-15
4641.54905295372  3.159559E-15
4643.01822805404  3.076022E-15
4644.48740315437  3.158180E-15
4645.9565782547  3.076257E-15
4647.42575335502  3.267687E-15
4648.89492845535  3.285132E-15
4650.36410355568  3.305545E-15
4651.833278656  3.216874E-15
4653.30245375633  3.093336E-15
4654.77162885666  3.261606E-15
4656.24080395698  3.270348E-15
4657.70997905731  3.222464E-15
4659.17915415764  3.226357E-15
4660.64832925796  3.212980E-15
4662.11750435829  3.486305E-15
4663.58667945862  3.245225E-15
4665.05585455894  3.116286E-15
4666.52502965927  3.339378E-15
4667.9942047596  2.961126E-15
4669.46337985992  2.855224E-15
4670.93255496025  2.991909E-15
4672.40173006058  3.307945E-15
4673.8709051609  3.326235E-15
4675.34008026123  3.194195E-15
4676.80925536155  3.240934E-15
4678.27843046188  2.944718E-15
4679.74760556221  2.772345E-15
4681.21678066253  2.760481E-15
4682.68595576286  2.756778E-15
4684.15513086319  2.855539E-15
4685.62430596351  2.901343E-15
4687.09348106384  2.961138E-15
4688.56265616417  2.806885E-15
4690.03183126449  2.615966E-15
4691.50100636482  2.782635E-15
4692.97018146515  2.766741E-15
4694.43935656547  2.436338E-15
4695.9085316658  2.663224E-15
4697.37770676613  3.041223E-15
4698.84688186645  2.807781E-15
4700.31605696678  2.360821E-15
4701.7852320671  2.751770E-15
4703.25440716743  2.956600E-15
4704.72358226776  2.698692E-15
4706.19275736808  2.586584E-15
4707.66193246841  2.504395E-15
4709.13110756874  2.618456E-15
4710.60028266906  2.663685E-15
4712.06945776939  2.295358E-15
4713.53863286972  2.397646E-15
4715.00780797004  2.371514E-15
4716.47698307037  2.386689E-15
4717.9461581707  2.494581E-15
4719.41533327102  2.369674E-15
4720.88450837135  2.406237E-15
4722.35368347168  2.480733E-15
4723.822858572  2.438589E-15
4725.29203367233  2.496688E-15
4726.76120877266  2.420096E-15
4728.23038387298  2.215698E-15
4729.69955897331  2.227340E-15
4731.16873407364  2.223885E-15
4732.63790917396  2.144906E-15
4734.10708427429  2.342778E-15
4735.57625937462  2.177968E-15
4737.04543447494  2.015925E-15
4738.51460957527  1.969373E-15
4739.9837846756  2.225101E-15
4741.45295977592  2.072957E-15
4742.92213487625  1.939629E-15
4744.39130997658  1.972040E-15
4745.8604850769  2.011912E-15
4747.32966017723  2.029859E-15
4748.79883527755  1.899766E-15
4750.26801037788  1.992174E-15
4751.73718547821  2.082113E-15
4753.20636057853  1.954288E-15
4754.67553567886  1.842463E-15
4756.14471077919  1.872998E-15
4757.61388587951  2.015298E-15
4759.08306097984  2.138729E-15
4760.55223608017  2.041767E-15
4762.02141118049  1.822456E-15
4763.49058628082  1.926835E-15
4764.95976138115  1.893608E-15
4766.42893648147  1.707995E-15
4767.8981115818  1.693802E-15
4769.36728668213  1.838868E-15
4770.83646178245  1.763424E-15
4772.30563688278  1.594414E-15
4773.77481198311  1.616264E-15
4775.24398708343  1.735237E-15
4776.71316218376  1.756679E-15
4778.18233728409  1.815461E-15
4779.65151238441  2.084333E-15
4781.12068748474  2.154056E-15
4782.58986258507  1.806629E-15
4784.05903768539  1.701740E-15
4785.52821278572  1.903363E-15
4786.99738788604  1.913715E-15
4788.46656298637  1.731210E-15
4789.9357380867  1.828961E-15
4791.40491318702  2.082001E-15
4792.87408828735  2.049493E-15
4794.34326338768  1.764943E-15
4795.812438488  1.828364E-15
4797.28161358833  1.990614E-15
4798.75078868866  1.872150E-15
4800.21996378898  1.792278E-15
4801.68913888931  1.768875E-15
4803.15831398964  1.801271E-15
4804.62748908996  1.701652E-15
4806.09666419029  1.638341E-15
4807.56583929062  1.643844E-15
4809.03501439094  1.726717E-15
4810.50418949127  1.797032E-15
4811.9733645916  1.757267E-15
4813.44253969192  1.698529E-15
4814.91171479225  1.815532E-15
4816.38088989258  1.999290E-15
4817.8500649929  1.917380E-15
4819.31924009323  1.830404E-15
4820.78841519355  1.953905E-15
4822.25759029388  2.067733E-15
4823.72676539421  1.797517E-15
4825.19594049453  1.754558E-15
4826.66511559486  1.774423E-15
4828.13429069519  1.845128E-15
4829.60346579551  1.966255E-15
4831.07264089584  1.839464E-15
4832.54181599617  1.901475E-15
4834.01099109649  1.974449E-15
4835.48016619682  1.817006E-15
4836.94934129715  2.031328E-15
4838.41851639747  1.892526E-15
4839.8876914978  1.982633E-15
4841.35686659813  2.177519E-15
4842.82604169845  2.149292E-15
4844.29521679878  1.999802E-15
4845.76439189911  1.944217E-15
4847.23356699943  1.980659E-15
4848.70274209976  2.128502E-15
4850.17191720009  2.039391E-15
4851.64109230041  1.890477E-15
4853.11026740074  1.922984E-15
4854.57944250107  2.129412E-15
4856.04861760139  2.123553E-15
4857.51779270172  1.994910E-15
4858.98696780205  2.004930E-15
4860.45614290237  1.955517E-15
4861.9253180027  1.908870E-15
4863.39449310303  1.874328E-15
4864.86366820335  1.852254E-15
4866.33284330368  1.878119E-15
4867.802018404  1.984859E-15
4869.27119350433  1.918401E-15
4870.74036860466  1.823958E-15
4872.20954370499  1.926894E-15
4873.67871880531  1.952134E-15
4875.14789390564  1.969047E-15
4876.61706900596  1.802176E-15
4878.08624410629  1.980404E-15
4879.55541920662  2.035719E-15
4881.02459430694  2.020067E-15
4882.49376940727  2.075595E-15
4883.9629445076  2.011312E-15
4885.43211960792  2.032890E-15
4886.90129470825  1.797583E-15
4888.37046980858  1.778904E-15
4889.8396449089  1.940342E-15
4891.30882000923  2.000013E-15
4892.77799510956  1.839825E-15
4894.24717020988  1.855284E-15
4895.71634531021  1.748782E-15
4897.18552041054  1.870769E-15
4898.65469551086  2.124280E-15
4900.12387061119  2.208741E-15
4901.59304571152  2.130694E-15
4903.06222081184  2.019898E-15
4904.53139591217  2.073368E-15
4906.00057101249  1.980903E-15
4907.46974611282  1.969594E-15
4908.93892121315  2.023754E-15
4910.40809631347  2.085877E-15
4911.8772714138  2.169177E-15
4913.34644651413  2.140523E-15
4914.81562161445  2.203345E-15
4916.28479671478  2.177954E-15
4917.75397181511  2.034272E-15
4919.22314691543  2.067453E-15
4920.69232201576  1.983345E-15
4922.16149711609  2.208386E-15
4923.63067221641  2.284722E-15
4925.09984731674  2.157714E-15
4926.56902241707  2.540682E-15
4928.03819751739  2.642335E-15
4929.50737261772  2.508252E-15
4930.97654771805  2.485267E-15
4932.44572281837  2.462855E-15
4933.9148979187  2.395723E-15
4935.38407301903  2.339084E-15
4936.85324811935  2.427702E-15
4938.32242321968  2.685252E-15
4939.79159832001  2.765064E-15
4941.26077342033  2.584598E-15
4942.72994852066  2.827338E-15
4944.19912362098  2.696018E-15
4945.66829872131  2.533222E-15
4947.13747382164  2.721789E-15
4948.60664892196  2.816049E-15
4950.07582402229  2.910020E-15
4951.54499912262  2.815972E-15
4953.01417422294  2.687111E-15
4954.48334932327  2.817251E-15
4955.9525244236  2.901291E-15
4957.42169952392  2.896893E-15
4958.89087462425  3.037808E-15
4960.36004972458  3.186671E-15
4961.8292248249  3.148379E-15
4963.29839992523  3.266136E-15
4964.76757502556  3.439163E-15
4966.23675012588  3.164986E-15
4967.70592522621  3.123807E-15
4969.17510032654  3.289300E-15
4970.64427542686  3.169436E-15
4972.11345052719  3.189028E-15
4973.58262562752  3.440764E-15
4975.05180072784  3.513914E-15
4976.52097582817  3.490826E-15
4977.9901509285  3.316212E-15
4979.45932602882  3.479800E-15
4980.92850112915  3.623715E-15
4982.39767622947  3.383553E-15
4983.8668513298  3.410751E-15
4985.33602643013  3.567920E-15
4986.80520153045  3.509338E-15
4988.27437663078  3.430447E-15
4989.74355173111  3.303356E-15
4991.21272683143  3.309030E-15
4992.68190193176  3.213534E-15
4994.15107703209  3.210385E-15
4995.62025213241  3.352691E-15
4997.08942723274  3.219155E-15
4998.55860233307  3.117469E-15
5000.02777743339  3.308218E-15
5001.49695253372  3.178846E-15
5002.96612763405  2.904572E-15
5004.43530273437  2.834791E-15
5005.9044778347  2.868257E-15
5007.37365293503  2.864025E-15
5008.84282803535  2.868663E-15
5010.31200313568  2.850764E-15
5011.78117823601  2.809832E-15
5013.25035333633  2.859468E-15
5014.71952843666  2.993248E-15
5016.18870353699  2.958107E-15
5017.65787863731  2.840657E-15
5019.12705373764  2.886064E-15
5020.59622883797  2.503693E-15
5022.06540393829  2.140350E-15
5023.53457903862  2.408627E-15
5025.00375413895  2.454549E-15
5026.47292923927  2.195542E-15
5027.9421043396  2.284991E-15
5029.41127943993  2.463980E-15
5030.88045454025  2.267617E-15
5032.34962964058  2.145160E-15
5033.8188047409  2.122326E-15
5035.28797984123  2.244033E-15
5036.75715494156  2.275371E-15
5038.22633004188  2.236262E-15
5039.69550514221  2.227392E-15
5041.16468024254  2.142842E-15
5042.63385534286  2.044547E-15
5044.10303044319  2.110411E-15
5045.57220554352  2.203727E-15
5047.04138064384  1.949881E-15
5048.51055574417  1.830755E-15
5049.9797308445  1.891971E-15
5051.44890594482  1.839420E-15
5052.91808104515  1.670131E-15
5054.38725614548  1.455963E-15
5055.8564312458  1.655127E-15
5057.32560634613  1.680590E-15
5058.79478144646  1.859641E-15
5060.26395654678  2.055649E-15
5061.73313164711  2.071291E-15
5063.20230674744  2.107147E-15
5064.67148184776  1.931644E-15
5066.14065694809  2.047002E-15
5067.60983204841  1.995307E-15
5069.07900714874  2.168093E-15
5070.54818224907  2.025283E-15
5072.01735734939  1.867253E-15
5073.48653244972  2.046021E-15
5074.95570755005  2.004944E-15
5076.42488265037  2.013946E-15
5077.8940577507  2.118478E-15
5079.36323285103  1.914743E-15
5080.83240795135  1.932964E-15
5082.30158305168  1.905369E-15
5083.77075815201  1.840584E-15
5085.23993325233  1.985229E-15
5086.70910835266  2.046510E-15
5088.17828345299  1.994484E-15
5089.64745855331  2.148226E-15
5091.11663365364  2.285475E-15
5092.58580875396  2.121022E-15
5094.05498385429  1.848799E-15
5095.52415895462  1.826480E-15
5096.99333405495  1.775042E-15
5098.46250915527  1.943010E-15
5099.9316842556  2.187491E-15
5101.40085935593  2.145258E-15
5102.87003445625  2.037389E-15
5104.33920955658  2.223545E-15
5105.80838465691  2.187192E-15
5107.27755975723  2.090183E-15
5108.74673485756  2.012534E-15
5110.21590995789  1.933630E-15
5111.68508505821  1.870860E-15
5113.15426015854  1.769478E-15
5114.62343525886  1.809956E-15
5116.09261035919  1.834072E-15
5117.56178545952  1.945696E-15
5119.03096055984  2.098263E-15
5120.50013566017  1.968892E-15
5121.9693107605  1.794714E-15
5123.43848586082  1.945183E-15
5124.90766096115  2.059244E-15
5126.37683606148  2.070909E-15
5127.8460111618  1.856519E-15
5129.31518626213  1.777819E-15
5130.78436136246  1.928201E-15
5132.25353646278  1.818048E-15
5133.72271156311  1.809188E-15
5135.19188666344  1.879679E-15
5136.66106176376  1.840259E-15
5138.13023686409  1.896215E-15
5139.59941196442  1.808796E-15
5141.06858706474  1.689225E-15
5142.53776216507  1.876744E-15
5144.00693726539  1.865069E-15
5145.47611236572  1.542046E-15
5146.94528746605  1.545768E-15
5148.41446256637  1.775948E-15
5149.8836376667  1.853819E-15
5151.35281276703  1.832130E-15
5152.82198786735  1.739168E-15
5154.29116296768  1.728529E-15
5155.76033806801  1.830509E-15
5157.22951316833  1.741476E-15
5158.69868826866  1.681247E-15
5160.16786336899  1.726295E-15
5161.63703846931  1.760469E-15
5163.10621356964  1.686553E-15
5164.57538866997  1.681969E-15
5166.04456377029  1.826144E-15
5167.51373887062  1.931895E-15
5168.98291397095  1.836874E-15
5170.45208907127  1.837503E-15
5171.9212641716  1.889306E-15
5173.39043927193  1.815782E-15
5174.85961437225  1.791503E-15
5176.32878947258  1.645076E-15
5177.79796457291  1.767718E-15
5179.26713967323  1.809215E-15
5180.73631477356  1.771684E-15
5182.20548987389  1.786150E-15
5183.67466497421  1.641386E-15
5185.14384007454  1.721158E-15
5186.61301517487  1.656220E-15
5188.08219027519  1.706625E-15
5189.55136537552  1.718382E-15
5191.02054047584  1.688304E-15
5192.48971557617  1.684982E-15
5193.9588906765  1.815759E-15
5195.42806577682  1.866529E-15
5196.89724087715  1.731012E-15
5198.36641597748  1.779406E-15
5199.8355910778  1.865616E-15
5201.30476617813  1.821391E-15
5202.77394127846  1.767310E-15
5204.24311637878  1.741933E-15
5205.71229147911  1.869708E-15
5207.18146657944  1.823885E-15
5208.65064167976  1.616873E-15
5210.11981678009  1.609462E-15
5211.58899188041  1.762548E-15
5213.05816698074  1.882769E-15
5214.52734208107  1.814534E-15
5215.9965171814  1.771280E-15
5217.46569228172  1.954317E-15
5218.93486738205  1.858705E-15
5220.40404248237  1.811738E-15
5221.8732175827  1.879115E-15
5223.34239268303  1.758868E-15
5224.81156778335  1.683024E-15
5226.28074288368  1.818975E-15
5227.74991798401  1.920333E-15
5229.21909308433  1.861035E-15
5230.68826818466  1.939402E-15
5232.15744328499  2.013170E-15
5233.62661838531  1.913830E-15
5235.09579348564  1.886346E-15
5236.56496858597  1.933180E-15
5238.03414368629  2.022926E-15
5239.50331878662  2.020717E-15
5240.97249388695  1.901596E-15
5242.44166898727  1.844660E-15
5243.9108440876  1.832429E-15
5245.38001918793  1.993444E-15
5246.84919428825  2.163186E-15
5248.31836938858  2.096178E-15
5249.78754448891  2.173635E-15
5251.25671958923  2.398415E-15
5252.72589468956  2.189431E-15
5254.19506978989  2.091094E-15
5255.66424489021  2.269170E-15
5257.13341999054  2.216420E-15
5258.60259509086  2.141781E-15
5260.07177019119  2.192554E-15
5261.54094529152  2.230727E-15
5263.01012039184  2.412696E-15
5264.47929549217  2.249454E-15
5265.9484705925  2.268996E-15
5267.41764569282  2.332350E-15
5268.88682079315  2.379496E-15
5270.35599589348  2.334693E-15
5271.8251709938  2.271510E-15
5273.29434609413  2.486141E-15
5274.76352119446  2.449366E-15
5276.23269629478  2.294025E-15
5277.70187139511  2.332355E-15
5279.17104649544  2.384630E-15
5280.64022159576  2.366185E-15
5282.10939669609  2.355428E-15
5283.57857179642  2.551147E-15
5285.04774689674  2.708585E-15
5286.51692199707  2.423531E-15
5287.9860970974  2.360715E-15
5289.45527219772  2.441502E-15
5290.92444729805  2.566600E-15
5292.39362239838  2.577527E-15
5293.8627974987  2.494608E-15
5295.33197259903  2.567253E-15
5296.80114769936  2.628838E-15
5298.27032279968  2.614279E-15
5299.73949790001  2.597024E-15
5301.20867300033  2.666491E-15
5302.67784810066  2.596302E-15
5304.14702320099  2.506394E-15
5305.61619830131  2.591906E-15
5307.08537340164  2.602153E-15
5308.55454850197  2.670625E-15
5310.02372360229  2.811274E-15
5311.49289870262  2.809339E-15
5312.96207380295  2.829357E-15
5314.43124890327  2.809003E-15
5315.9004240036  2.535278E-15
5317.36959910393  2.576208E-15
5318.83877420425  2.748159E-15
5320.30794930458  2.821816E-15
5321.77712440491  2.796427E-15
5323.24629950523  2.868451E-15
5324.71547460556  3.062178E-15
5326.18464970589  2.693340E-15
5327.65382480621  2.636602E-15
5329.12299990654  2.854561E-15
5330.59217500687  2.987469E-15
5332.06135010719  3.126293E-15
5333.53052520752  2.757173E-15
5334.99970030784  2.602213E-15
5336.46887540817  2.944981E-15
5337.9380505085  2.996023E-15
5339.40722560882  2.859078E-15
5340.87640070915  3.049783E-15
5342.34557580948  3.104558E-15
5343.8147509098  2.797653E-15
5345.28392601013  2.812132E-15
5346.75310111046  2.893289E-15
5348.22227621078  2.968535E-15
5349.69145131111  3.096831E-15
5351.16062641144  3.214331E-15
5352.62980151176  3.218583E-15
5354.09897661209  3.165468E-15
5355.56815171242  3.097421E-15
5357.03732681274  3.109955E-15
5358.50650191307  3.018963E-15
5359.9756770134  2.905323E-15
5361.44485211372  2.854871E-15
5362.91402721405  2.873157E-15
5364.38320231438  2.876406E-15
5365.8523774147  2.695865E-15
5367.32155251503  2.830076E-15
5368.79072761536  3.068472E-15
5370.25990271568  2.970951E-15
5371.72907781601  3.038639E-15
5373.19825291633  2.995415E-15
5374.66742801666  2.867241E-15
5376.13660311699  2.977104E-15
5377.60577821731  2.949770E-15
5379.07495331764  2.963323E-15
5380.54412841797  3.152740E-15
5382.01330351829  3.320559E-15
5383.48247861862  3.113141E-15
5384.95165371895  2.957003E-15
5386.42082881927  2.924198E-15
5387.8900039196  2.672825E-15
5389.35917901993  2.971659E-15
5390.82835412025  2.933400E-15
5392.29752922058  2.829722E-15
5393.76670432091  2.910678E-15
5395.23587942123  2.867363E-15
5396.70505452156  2.881183E-15
5398.17422962189  2.992918E-15
5399.64340472221  3.200710E-15
5401.11257982254  3.083804E-15
5402.58175492287  2.814861E-15
5404.05093002319  2.774299E-15
5405.52010512352  2.952667E-15
5406.98928022385  3.122423E-15
5408.45845532417  3.082467E-15
5409.9276304245  2.998195E-15
5411.39680552482  2.863384E-15
5412.86598062515  3.043060E-15
5414.33515572548  3.126529E-15
5415.8043308258  3.129751E-15
5417.27350592613  3.246851E-15
5418.74268102646  3.109279E-15
5420.21185612678  3.072133E-15
5421.68103122711  3.102363E-15
5423.15020632744  2.999520E-15
5424.61938142776  3.145676E-15
5426.08855652809  3.337258E-15
5427.55773162842  3.041327E-15
5429.02690672874  2.974029E-15
5430.49608182907  3.021767E-15
5431.9652569294  3.021457E-15
5433.43443202972  3.237242E-15
5434.90360713005  3.472008E-15
5436.37278223038  3.350430E-15
5437.8419573307  3.026627E-15
5439.31113243103  3.048799E-15
5440.78030753136  3.373753E-15
5442.24948263168  3.412902E-15
5443.71865773201  3.576181E-15
5445.18783283233  3.541692E-15
5446.65700793266  3.252569E-15
5448.12618303299  3.342861E-15
5449.59535813331  3.376840E-15
5451.06453323364  3.482683E-15
5452.53370833397  3.531554E-15
5454.00288343429  3.407741E-15
5455.47205853462  3.515811E-15
5456.94123363495  3.407570E-15
5458.41040873527  3.522067E-15
5459.8795838356  3.780928E-15
5461.34875893593  3.754190E-15
5462.81793403625  3.508354E-15
5464.28710913658  3.464738E-15
5465.75628423691  3.645374E-15
5467.22545933723  3.708784E-15
5468.69463443756  3.836299E-15
5470.16380953789  3.963547E-15
5471.63298463821  3.928790E-15
5473.10215973854  3.852449E-15
5474.57133483887  3.864299E-15
5476.04050993919  3.799851E-15
5477.50968503952  3.783707E-15
5478.97886013985  3.909989E-15
5480.44803524017  3.961323E-15
5481.9172103405  3.919823E-15
5483.38638544083  4.174765E-15
5484.85556054115  4.337102E-15
5486.32473564148  4.094049E-15
5487.79391074181  4.060678E-15
5489.26308584213  4.240391E-15
5490.73226094246  4.337413E-15
5492.20143604278  4.520691E-15
5493.67061114311  4.573450E-15
5495.13978624344  4.650286E-15
5496.60896134376  4.558507E-15
5498.07813644409  4.663660E-15
5499.54731154442  5.128138E-15
5501.01648664474  5.062379E-15
5502.48566174507  4.767367E-15
5503.9548368454  4.877016E-15
5505.42401194572  4.887805E-15
5506.89318704605  4.809287E-15
5508.36236214638  5.022656E-15
5509.8315372467  5.005789E-15
5511.30071234703  4.898540E-15
5512.76988744736  5.048926E-15
5514.23906254768  4.861369E-15
5515.70823764801  4.801234E-15
5517.17741274834  5.269057E-15
5518.64658784866  5.372670E-15
5520.11576294899  5.155981E-15
5521.58493804932  5.046409E-15
5523.05411314964  4.914216E-15
5524.52328824997  5.097465E-15
5525.9924633503  5.147427E-15
5527.46163845062  5.188016E-15
5528.93081355095  5.141903E-15
5530.39998865128  5.174745E-15
5531.8691637516  5.243150E-15
5533.33833885193  5.346922E-15
5534.80751395225  5.329420E-15
5536.27668905258  5.249820E-15
5537.74586415291  5.309733E-15
5539.21503925323  5.256491E-15
5540.68421435356  5.295129E-15
5542.15338945389  5.280673E-15
5543.62256455421  5.253037E-15
5545.09173965454  5.303009E-15
5546.56091475487  5.337289E-15
5548.03008985519  5.216649E-15
5549.49926495552  5.120192E-15
5550.96844005585  5.049918E-15
5552.43761515617  4.937436E-15
5553.9067902565  5.028028E-15
5555.37596535683  5.177406E-15
5556.84514045715  5.241664E-15
5558.31431555748  5.382019E-15
5559.78349065781  5.349126E-15
5561.25266575813  5.111070E-15
5562.72184085846  5.228305E-15
5564.19101595879  5.188294E-15
5565.66019105911  5.259620E-15
5567.12936615944  5.104470E-15
5568.59854125977  5.106460E-15
5570.06771636009  5.049869E-15
5571.53689146042  5.095865E-15
5573.00606656075  5.339859E-15
5574.47524166107  5.209172E-15
5575.9444167614  5.275392E-15
5577.41359186172  5.225310E-15
5578.88276696205  4.848705E-15
5580.35194206238  4.988569E-15
5581.8211171627  5.239463E-15
5583.29029226303  5.373337E-15
5584.75946736336  5.416208E-15
5586.22864246368  5.093211E-15
5587.69781756401  5.138211E-15
5589.16699266434  5.346423E-15
5590.63616776466  5.108810E-15
5592.10534286499  5.071238E-15
5593.57451796532  5.257174E-15
5595.04369306564  5.162172E-15
5596.51286816597  4.907058E-15
5597.98204326629  4.839208E-15
5599.45121836662  4.845070E-15
5600.92039346695  5.007815E-15
5602.38956856728  5.108936E-15
5603.8587436676  5.101374E-15
5605.32791876793  5.113118E-15
5606.79709386825  5.043768E-15
5608.26626896858  5.092106E-15
5609.73544406891  5.227056E-15
5611.20461916923  5.187312E-15
5612.67379426956  5.130502E-15
5614.14296936989  4.951555E-15
5615.61214447022  4.717840E-15
5617.08131957054  4.802452E-15
5618.55049467087  4.791425E-15
5620.01966977119  4.696666E-15
5621.48884487152  4.947479E-15
5622.95801997185  5.273045E-15
5624.42719507218  5.250038E-15
5625.8963701725  5.014123E-15
5627.36554527283  4.951113E-15
5628.83472037315  4.979012E-15
5630.30389547348  4.888524E-15
5631.77307057381  4.891783E-15
5633.24224567413  5.053822E-15
5634.71142077446  5.003095E-15
5636.18059587479  4.697856E-15
5637.64977097511  4.705821E-15
5639.11894607544  4.721659E-15
5640.58812117577  4.859340E-15
5642.05729627609  4.926703E-15
5643.52647137642  5.050837E-15
5644.99564647675  5.026645E-15
5646.46482157707  4.798225E-15
5647.9339966774  4.882640E-15
5649.40317177772  4.709396E-15
5650.87234687805  4.933163E-15
5652.34152197838  4.990823E-15
5653.8106970787  4.765780E-15
5655.27987217903  4.911269E-15
5656.74904727936  5.071099E-15
5658.21822237968  4.847523E-15
5659.68739748001  4.773035E-15
5661.15657258034  4.777797E-15
5662.62574768066  4.597384E-15
5664.09492278099  4.618970E-15
5665.56409788132  4.631106E-15
5667.03327298164  4.551571E-15
5668.50244808197  4.656074E-15
5669.9716231823  4.638043E-15
5671.44079828262  4.645778E-15
5672.90997338295  4.513941E-15
5674.37914848328  4.468814E-15
5675.8483235836  4.822468E-15
5677.31749868393  4.793146E-15
5678.78667378426  4.650952E-15
5680.25584888458  4.390324E-15
5681.72502398491  4.460121E-15
5683.19419908524  4.488220E-15
5684.66337418556  4.413612E-15
5686.13254928589  4.356636E-15
5687.60172438621  4.428220E-15
5689.07089948654  4.452227E-15
5690.54007458687  4.485478E-15
5692.00924968719  4.504600E-15
5693.47842478752  4.241755E-15
5694.94759988785  4.115914E-15
5696.41677498817  4.371118E-15
5697.8859500885  4.525019E-15
5699.35512518883  4.346122E-15
5700.82430028915  4.061574E-15
5702.29347538948  4.107264E-15
5703.76265048981  4.301428E-15
5705.23182559013  4.245176E-15
5706.70100069046  4.168883E-15
5708.17017579079  3.992302E-15
5709.63935089111  3.802586E-15
5711.10852599144  3.952379E-15
5712.57770109177  4.011316E-15
5714.04687619209  4.025655E-15
5715.51605129242  4.164145E-15
5716.98522639275  4.026233E-15
5718.45440149307  3.946333E-15
5719.9235765934  4.030714E-15
5721.39275169373  4.076491E-15
5722.86192679405  3.973082E-15
5724.33110189438  3.923001E-15
5725.8002769947  3.861319E-15
5727.26945209503  3.719841E-15
5728.73862719536  3.669044E-15
5730.20780229568  3.852838E-15
5731.67697739601  3.809601E-15
5733.14615249634  3.460816E-15
5734.61532759666  3.547266E-15
5736.08450269699  3.598800E-15
5737.55367779732  3.634371E-15
5739.02285289764  3.720557E-15
5740.49202799797  3.684714E-15
5741.9612030983  3.793055E-15
5743.43037819862  3.723206E-15
5744.89955329895  3.654275E-15
5746.36872839928  3.558537E-15
5747.8379034996  3.377356E-15
5749.30707859993  3.413810E-15
5750.77625370026  3.491967E-15
5752.24542880058  3.706704E-15
5753.71460390091  3.846576E-15
5755.18377900124  3.705629E-15
5756.65295410156  3.496526E-15
5758.12212920189  3.492330E-15
5759.59130430221  3.536074E-15
5761.06047940254  3.564895E-15
5762.52965450287  3.560141E-15
5763.99882960319  3.396804E-15
5765.46800470352  3.416693E-15
5766.93717980385  3.534916E-15
5768.40635490417  3.549436E-15
5769.8755300045  3.497701E-15
5771.34470510483  3.500067E-15
5772.81388020515  3.523420E-15
5774.28305530548  3.234928E-15
5775.75223040581  3.334155E-15
5777.22140550613  3.322927E-15
5778.69058060646  3.533108E-15
5780.15975570679  3.630133E-15
5781.62893080711  3.679731E-15
5783.09810590744  3.349075E-15
5784.56728100777  3.383916E-15
5786.03645610809  3.646517E-15
5787.50563120842  3.584288E-15
5788.97480630875  3.700899E-15
5790.44398140907  3.628639E-15
5791.9131565094  3.351403E-15
5793.38233160973  3.579795E-15
5794.85150671005  3.773860E-15
5796.32068181038  3.675187E-15
5797.78985691071  3.576355E-15
5799.25903201103  3.586914E-15
5800.72820711136  3.552944E-15
5802.19738221169  3.703360E-15
5803.66655731201  3.701634E-15
5805.13573241234  3.681265E-15
5806.60490751266  3.872928E-15
5808.07408261299  3.551129E-15
5809.54325771332  3.527335E-15
5811.01243281364  3.655721E-15
5812.48160791397  3.559103E-15
5813.9507830143  3.406963E-15
5815.41995811462  3.658009E-15
5816.88913321495  3.868410E-15
5818.35830831528  3.750631E-15
5819.8274834156  3.748301E-15
5821.29665851593  3.718426E-15
5822.76583361626  3.582131E-15
5824.23500871658  3.654555E-15
5825.70418381691  3.820502E-15
5827.17335891724  3.880251E-15
5828.64253401756  3.844774E-15
5830.11170911789  3.991961E-15
5831.58088421822  3.938917E-15
5833.05005931854  3.905612E-15
5834.51923441887  3.924032E-15
5835.98840951919  3.681465E-15
5837.45758461952  3.831803E-15
5838.92675971985  4.245289E-15
5840.39593482017  4.015730E-15
5841.8651099205  3.790021E-15
5843.33428502083  3.788329E-15
5844.80346012115  3.789811E-15
5846.27263522148  3.768299E-15
5847.74181032181  3.818863E-15
5849.21098542213  3.828988E-15
5850.68016052246  3.802594E-15
5852.14933562279  3.951017E-15
5853.61851072311  4.011631E-15
5855.08768582344  3.918197E-15
5856.55686092377  3.826053E-15
5858.02603602409  3.986145E-15
5859.49521112442  3.935142E-15
5860.96438622475  3.811756E-15
5862.43356132507  3.965541E-15
5863.9027364254  4.101539E-15
5865.37191152573  4.147038E-15
5866.84108662605  3.948819E-15
5868.31026172638  3.675103E-15
5869.77943682671  3.811630E-15
5871.24861192703  4.096090E-15
5872.71778702736  4.165668E-15
5874.18696212769  3.989427E-15
5875.65613722801  3.950001E-15
5877.12531232834  3.984733E-15
5878.59448742866  3.708538E-15
5880.06366252899  3.668272E-15
5881.53283762932  4.017147E-15
5883.00201272964  3.909789E-15
5884.47118782997  3.557876E-15
5885.9403629303  3.711449E-15
5887.40953803062  3.741430E-15
5888.87871313095  3.656439E-15
5890.34788823128  3.440385E-15
5891.8170633316  3.473306E-15
5893.28623843193  3.700399E-15
5894.75541353226  3.543900E-15
5896.22458863258  3.378791E-15
5897.69376373291  3.452675E-15
5899.16293883324  3.574647E-15
5900.63211393356  3.623751E-15
5902.10128903389  3.563834E-15
5903.57046413422  3.639337E-15
5905.03963923454  3.760708E-15
5906.50881433487  3.664733E-15
5907.9779894352  3.593394E-15
5909.44716453552  3.620766E-15
5910.91633963585  3.553007E-15
5912.38551473617  3.347414E-15
5913.8546898365  3.496841E-15
5915.32386493683  3.444934E-15
5916.79304003715  3.320726E-15
5918.26221513748  3.420719E-15
5919.73139023781  3.380484E-15
5921.20056533813  3.296502E-15
5922.66974043846  3.344832E-15
5924.13891553879  3.682230E-15
5925.60809063911  3.952048E-15
5927.07726573944  3.827219E-15
5928.54644083977  3.543413E-15
5930.01561594009  3.435328E-15
5931.48479104042  3.432578E-15
5932.95396614075  3.438976E-15
5934.42314124107  3.592141E-15
5935.8923163414  3.486538E-15
5937.36149144173  3.233799E-15
5938.83066654205  3.489484E-15
5940.29984164238  3.370049E-15
5941.76901674271  3.355035E-15
5943.23819184303  3.448274E-15
5944.70736694336  3.595142E-15
5946.17654204369  3.526379E-15
5947.64571714401  3.541519E-15
5949.11489224434  3.563590E-15
5950.58406734466  3.566447E-15
5952.05324244499  3.604754E-15
5953.52241754532  3.635123E-15
5954.99159264565  3.526556E-15
5956.46076774597  3.477749E-15
5957.9299428463  3.607662E-15
5959.39911794662  3.583954E-15
5960.86829304695  3.475189E-15
5962.33746814728  3.432234E-15
5963.8066432476  3.469836E-15
5965.27581834793  3.654447E-15
5966.74499344826  3.511602E-15
5968.21416854858  3.351234E-15
5969.68334364891  3.410595E-15
5971.15251874924  3.390986E-15
5972.62169384956  3.234251E-15
5974.09086894989  3.253924E-15
5975.56004405022  3.290084E-15
5977.02921915054  3.239757E-15
5978.49839425087  3.306636E-15
5979.96756935119  3.326914E-15
5981.43674445152  3.114656E-15
5982.90591955185  2.983015E-15
5984.37509465218  3.153687E-15
5985.8442697525  3.296403E-15
5987.31344485283  3.199326E-15
5988.78261995316  3.134686E-15
5990.25179505348  3.096706E-15
5991.72097015381  2.990634E-15
5993.19014525414  2.947618E-15
5994.65932035446  3.034814E-15
5996.12849545479  3.027236E-15
5997.59767055511  2.775507E-15
5999.06684565544  2.664990E-15
6000.53602075577  2.571955E-15
6002.00519585609  2.847126E-15
6003.47437095642  3.157619E-15
6004.94354605675  3.055248E-15
6006.41272115707  2.825653E-15
6007.8818962574  2.848364E-15
6009.35107135773  2.910535E-15
6010.82024645805  2.607632E-15
6012.28942155838  2.430756E-15
6013.75859665871  2.718676E-15
6015.22777175903  2.944732E-15
6016.69694685936  2.751609E-15
6018.16612195969  2.795770E-15
6019.63529706001  2.703042E-15
6021.10447216034  2.501843E-15
6022.57364726067  2.344330E-15
6024.04282236099  2.537024E-15
6025.51199746132  2.687115E-15
6026.98117256164  2.583437E-15
6028.45034766197  2.478743E-15
6029.9195227623  2.421677E-15
6031.38869786262  2.370787E-15
6032.85787296295  2.340710E-15
6034.32704806328  2.250800E-15
6035.7962231636  2.282063E-15
6037.26539826393  2.379760E-15
6038.73457336426  2.170438E-15
6040.20374846458  2.252943E-15
6041.67292356491  2.352716E-15
6043.14209866524  2.384050E-15
6044.61127376556  2.498247E-15
6046.08044886589  2.250017E-15
6047.54962396622  2.303804E-15
6049.01879906654  2.414930E-15
6050.48797416687  2.395664E-15
6051.9571492672  2.319861E-15
6053.42632436752  2.361081E-15
6054.89549946785  2.404804E-15
6056.36467456818  2.214372E-15
6057.8338496685  2.130761E-15
6059.30302476883  2.217010E-15
6060.77219986915  2.188828E-15
6062.24137496948  2.189698E-15
6063.71055006981  2.205724E-15
6065.17972517014  2.293779E-15
6066.64890027046  2.264745E-15
6068.11807537079  2.086572E-15
6069.58725047112  2.214451E-15
6071.05642557144  2.367259E-15
6072.52560067177  2.363138E-15
6073.9947757721  2.257313E-15
6075.46395087242  2.164536E-15
6076.93312597275  2.044021E-15
6078.40230107307  2.102962E-15
6079.8714761734  2.375232E-15
6081.34065127373  2.470409E-15
6082.80982637405  2.290156E-15
6084.27900147438  2.087786E-15
6085.74817657471  2.211636E-15
6087.21735167503  2.316861E-15
6088.68652677536  2.183004E-15
6090.15570187569  2.168188E-15
6091.62487697601  1.979480E-15
6093.09405207634  2.128325E-15
6094.56322717667  2.192920E-15
6096.03240227699  2.057631E-15
6097.50157737732  2.113406E-15
6098.97075247765  2.206569E-15
6100.43992757797  2.142878E-15
6101.9091026783  2.110861E-15
6103.37827777862  2.100384E-15
6104.84745287895  2.103687E-15
6106.31662797928  2.145032E-15
6107.7858030796  2.114113E-15
6109.25497817993  2.165441E-15
6110.72415328026  2.153192E-15
6112.19332838058  2.267365E-15
6113.66250348091  2.182945E-15
6115.13167858124  2.147304E-15
6116.60085368156  2.233974E-15
6118.07002878189  2.110669E-15
6119.53920388222  2.143869E-15
6121.00837898254  2.205141E-15
6122.47755408287  2.271512E-15
6123.9467291832  2.325335E-15
6125.41590428352  2.185686E-15
6126.88507938385  2.077223E-15
6128.35425448418  2.131865E-15
6129.8234295845  2.169870E-15
6131.29260468483  2.100489E-15
6132.76177978516  2.085992E-15
6134.23095488548  2.253349E-15
6135.70012998581  2.284647E-15
6137.16930508613  2.126702E-15
6138.63848018646  1.982904E-15
6140.10765528679  1.968756E-15
6141.57683038711  1.952239E-15
6143.04600548744  1.954254E-15
6144.51518058777  1.973342E-15
6145.98435568809  1.863926E-15
6147.45353078842  1.808867E-15
6148.92270588875  1.962754E-15
6150.39188098908  1.992227E-15
6151.8610560894  1.922639E-15
6153.33023118973  1.861053E-15
6154.79940629005  1.654585E-15
6156.26858139038  1.837038E-15
6157.73775649071  1.879014E-15
6159.20693159103  1.888202E-15
6160.67610669136  1.926918E-15
6162.14528179169  1.880517E-15
6163.61445689201  1.693224E-15
6165.08363199234  1.492588E-15
6166.55280709267  1.630050E-15
6168.02198219299  1.763236E-15
6169.49115729332  1.764051E-15
6170.96033239365  1.816294E-15
6172.42950749397  1.813590E-15
6173.8986825943  1.725100E-15
6175.36785769463  1.569566E-15
6176.83703279495  1.684987E-15
6178.30620789528  1.828080E-15
6179.77538299561  1.741036E-15
6181.24455809593  1.616218E-15
6182.71373319626  1.555669E-15
6184.18290829659  1.630342E-15
6185.65208339691  1.616499E-15
6187.12125849724  1.591202E-15
6188.59043359757  1.571634E-15
6190.05960869789  1.654864E-15
6191.52878379822  1.680674E-15
6192.99795889854  1.617629E-15
6194.46713399887  1.646151E-15
6195.9363090992  1.589513E-15
6197.40548419952  1.647251E-15
6198.87465929985  1.654813E-15
6200.34383440018  1.399092E-15
6201.8130095005  1.547126E-15
6203.28218460083  1.550711E-15
6204.75135970116  1.547937E-15
6206.22053480148  1.568629E-15
6207.68970990181  1.644534E-15
6209.15888500214  1.787008E-15
6210.62806010246  1.694758E-15
6212.09723520279  1.605607E-15
6213.56641030312  1.488278E-15
6215.03558540344  1.381869E-15
6216.50476050377  1.541088E-15
6217.9739356041  1.558214E-15
6219.44311070442  1.563062E-15
6220.91228580475  1.565957E-15
6222.38146090507  1.720080E-15
6223.8506360054  1.567240E-15
6225.31981110573  1.468416E-15
6226.78898620605  1.506634E-15
6228.25816130638  1.613246E-15
6229.72733640671  1.829139E-15
6231.19651150704  1.912460E-15
6232.66568660736  1.837391E-15
6234.13486170769  1.847867E-15
6235.60403680802  1.922878E-15
6237.07321190834  1.925314E-15
6238.54238700867  1.887136E-15
6240.01156210899  1.786762E-15
6241.48073720932  1.732030E-15
6242.94991230965  1.911736E-15
6244.41908740997  1.910572E-15
6245.8882625103  1.921755E-15
6247.35743761063  1.860306E-15
6248.82661271095  1.959150E-15
6250.29578781128  1.821325E-15
6251.76496291161  1.937345E-15
6253.23413801193  2.021120E-15
6254.70331311226  1.834034E-15
6256.17248821259  1.846457E-15
6257.64166331291  1.849824E-15
6259.11083841324  1.784284E-15
6260.58001351357  1.929331E-15
6262.04918861389  2.002874E-15
6263.51836371422  1.887360E-15
6264.98753881455  1.778222E-15
6266.45671391487  1.687900E-15
6267.9258890152  1.778261E-15
6269.39506411552  1.911617E-15
6270.86423921585  1.698973E-15
6272.33341431618  1.757976E-15
6273.8025894165  1.824718E-15
6275.27176451683  1.746878E-15
6276.74093961716  1.765185E-15
6278.21011471748  1.896771E-15
6279.67928981781  1.990871E-15
6281.14846491814  1.781984E-15
6282.61764001846  1.879048E-15
6284.08681511879  1.907183E-15
6285.55599021912  1.881004E-15
6287.02516531944  1.861541E-15
6288.49434041977  1.935806E-15
6289.9635155201  1.962318E-15
6291.43269062042  1.940827E-15
6292.90186572075  2.013165E-15
6294.37104082108  2.084849E-15
6295.8402159214  2.168213E-15
6297.30939102173  2.198574E-15
6298.77856612205  2.101691E-15
6300.24774122238  2.115239E-15
6301.71691632271  1.993265E-15
6303.18609142303  1.721499E-15
6304.65526652336  1.979256E-15
6306.12444162369  2.094058E-15
6307.59361672401  1.977967E-15
6309.06279182434  1.804810E-15
6310.53196692467  1.783488E-15
6312.00114202499  2.022759E-15
6313.47031712532  1.894677E-15
6314.93949222565  1.686970E-15
6316.40866732598  1.892774E-15
6317.8778424263  1.888385E-15
6319.34701752663  1.697819E-15
6320.81619262695  1.889290E-15
6322.28536772728  1.991859E-15
6323.75454282761  2.011631E-15
6325.22371792793  2.121339E-15
6326.69289302826  2.049713E-15
6328.16206812859  2.065443E-15
6329.63124322891  1.935879E-15
6331.10041832924  1.884935E-15
6332.56959342957  1.940615E-15
6334.03876852989  1.926067E-15
6335.50794363022  1.888963E-15
6336.97711873055  1.845835E-15
6338.44629383087  1.875163E-15
6339.9154689312  1.999032E-15
6341.38464403153  1.944554E-15
6342.85381913185  1.848238E-15
6344.32299423218  1.968340E-15
6345.79216933251  2.031252E-15
6347.26134443283  1.900373E-15
6348.73051953316  1.850104E-15
6350.19969463348  1.808486E-15
6351.66886973381  1.785082E-15
6353.13804483414  1.935138E-15
6354.60721993446  1.874762E-15
6356.07639503479  1.737902E-15
6357.54557013512  1.805579E-15
6359.01474523544  1.746489E-15
6360.48392033577  1.605848E-15
6361.9530954361  1.637021E-15
6363.42227053642  1.819586E-15
6364.89144563675  1.763763E-15
6366.36062073708  1.964172E-15
6367.8297958374  2.037389E-15
6369.29897093773  2.108493E-15
6370.76814603806  1.971966E-15
6372.23732113838  1.922315E-15
6373.70649623871  1.779201E-15
6375.17567133904  1.687278E-15
6376.64484643936  1.776460E-15
6378.11402153969  1.907411E-15
6379.58319664002  2.147351E-15
6381.05237174034  1.958243E-15
6382.52154684067  2.043814E-15
6383.99072194099  2.150537E-15
6385.45989704132  1.877222E-15
6386.92907214165  1.803323E-15
6388.39824724197  2.173009E-15
6389.8674223423  2.336724E-15
6391.33659744263  2.047074E-15
6392.80577254295  1.906351E-15
6394.27494764328  2.018625E-15
6395.74412274361  2.103789E-15
6397.21329784393  2.204553E-15
6398.68247294426  2.263412E-15
6400.15164804459  2.205651E-15
6401.62082314491  2.117334E-15
6403.08999824524  2.220795E-15
6404.55917334557  2.389148E-15
6406.02834844589  2.336668E-15
6407.49752354622  2.026008E-15
6408.96669864655  2.000762E-15
6410.43587374687  2.134374E-15
6411.9050488472  2.279020E-15
6413.37422394753  2.323006E-15
6414.84339904785  2.281362E-15
6416.31257414818  2.419603E-15
6417.78174924851  2.406165E-15
6419.25092434883  2.246451E-15
6420.72009944916  2.440221E-15
6422.18927454948  2.493974E-15
6423.65844964981  2.470230E-15
6425.12762475014  2.676866E-15
6426.59679985046  2.675616E-15
6428.06597495079  2.534682E-15
6429.53515005112  2.553178E-15
6431.00432515144  2.537516E-15
6432.47350025177  2.429893E-15
6433.9426753521  2.406099E-15
6435.41185045242  2.448128E-15
6436.88102555275  2.506645E-15
6438.35020065308  2.631590E-15
6439.8193757534  2.748780E-15
6441.28855085373  2.525620E-15
6442.75772595406  2.628468E-15
6444.22690105438  2.632158E-15
6445.69607615471  2.735204E-15
6447.16525125504  2.731868E-15
6448.63442635536  2.753427E-15
6450.10360145569  2.856194E-15
6451.57277655602  2.734640E-15
6453.04195165634  2.659214E-15
6454.51112675667  2.744791E-15
6455.980301857  2.720605E-15
6457.44947695732  2.726980E-15
6458.91865205765  2.751398E-15
6460.38782715798  2.730321E-15
6461.8570022583  2.826674E-15
6463.32617735863  2.911150E-15
6464.79535245895  2.781090E-15
6466.26452755928  2.685885E-15
6467.73370265961  2.726550E-15
6469.20287775993  2.710188E-15
6470.67205286026  2.690994E-15
6472.14122796059  2.834161E-15
6473.61040306091  2.983295E-15
6475.07957816124  2.905731E-15
6476.54875326157  2.730898E-15
6478.01792836189  2.645958E-15
6479.48710346222  2.709536E-15
6480.95627856255  2.810204E-15
6482.42545366287  2.821780E-15
6483.8946287632  2.736831E-15
6485.36380386353  2.661310E-15
6486.83297896385  2.880383E-15
6488.30215406418  3.028805E-15
6489.7713291645  2.847259E-15
6491.24050426483  2.865111E-15
6492.70967936516  2.917359E-15
6494.17885446548  3.054869E-15
6495.64802956581  2.923259E-15
6497.11720466614  2.867852E-15
6498.58637976646  3.057440E-15
6500.05555486679  3.103473E-15
6501.52472996712  3.078339E-15
6502.99390506745  3.139936E-15
6504.46308016777  3.047906E-15
6505.9322552681  2.929091E-15
6507.40143036842  3.002257E-15
6508.87060546875  2.948044E-15
6510.33978056908  2.799503E-15
6511.8089556694  2.777172E-15
6513.27813076973  2.809526E-15
6514.74730587006  2.874793E-15
6516.21648097038  2.933271E-15
6517.68565607071  2.909130E-15
6519.15483117104  2.907527E-15
6520.62400627136  2.816209E-15
6522.09318137169  2.683944E-15
6523.56235647202  2.762914E-15
6525.03153157234  2.827231E-15
6526.50070667267  2.720124E-15
6527.969881773  2.804719E-15
6529.43905687332  2.970200E-15
6530.90823197365  2.958921E-15
6532.37740707398  2.836565E-15
6533.8465821743  2.942921E-15
6535.31575727463  3.058559E-15
6536.78493237495  2.969757E-15
6538.25410747528  2.766995E-15
6539.72328257561  2.773157E-15
6541.19245767593  2.863281E-15
6542.66163277626  2.772510E-15
6544.13080787659  2.778845E-15
6545.59998297691  2.816889E-15
6547.06915807724  2.895884E-15
6548.53833317757  2.999944E-15
6550.00750827789  2.840432E-15
6551.47668337822  2.775269E-15
6552.94585847855  2.842061E-15
6554.41503357887  2.910268E-15
6555.8842086792  2.975421E-15
6557.35338377953  2.816366E-15
6558.82255887985  2.787709E-15
6560.29173398018  3.069417E-15
6561.76090908051  3.035143E-15
6563.23008418083  3.062034E-15
6564.69925928116  2.954331E-15
6566.16843438149  3.025210E-15
6567.63760948181  3.083496E-15
6569.10678458214  3.003904E-15
6570.57595968247  2.951262E-15
6572.04513478279  2.991374E-15
6573.51430988312  2.951794E-15
6574.98348498344  2.913776E-15
6576.45266008377  2.963153E-15
6577.9218351841  3.038839E-15
6579.39101028442  3.149357E-15
6580.86018538475  2.900659E-15
6582.32936048508  2.807648E-15
6583.79853558541  3.086889E-15
6585.26771068573  2.985132E-15
6586.73688578606  2.789008E-15
6588.20606088638  2.848433E-15
6589.67523598671  2.917174E-15
6591.14441108704  2.939278E-15
6592.61358618736  2.962094E-15
6594.08276128769  2.962250E-15
6595.55193638802  2.961606E-15
6597.02111148834  2.911692E-15
6598.49028658867  3.088114E-15
6599.959461689  3.130534E-15
6601.42863678932  3.005466E-15
6602.89781188965  3.086186E-15
6604.36698698998  3.020631E-15
6605.8361620903  2.823546E-15
6607.30533719063  2.918840E-15
6608.77451229095  3.058497E-15
6610.24368739128  2.977411E-15
6611.71286249161  2.913310E-15
6613.18203759194  2.860497E-15
6614.65121269226  2.870655E-15
6616.12038779259  2.918254E-15
6617.58956289291  2.980897E-15
6619.05873799324  2.745491E-15
6620.52791309357  2.583186E-15
6621.99708819389  2.637962E-15
6623.46626329422  2.067747E-15
6624.93543839455  1.470979E-15
6626.40461349487  2.040911E-15
6627.8737885952  2.839678E-15
6629.34296369553  2.914837E-15
6630.81213879585  2.675331E-15
6632.28131389618  2.639975E-15
6633.75048899651  2.861472E-15
6635.21966409683  2.794320E-15
6636.68883919716  2.661675E-15
6638.15801429749  2.603023E-15
6639.62718939781  2.690797E-15
6641.09636449814  2.834789E-15
6642.56553959847  2.760696E-15
6644.03471469879  2.647608E-15
6645.50388979912  2.693831E-15
6646.97306489944  2.631712E-15
6648.44223999977  2.542288E-15
6649.9114151001  2.687508E-15
6651.38059020042  2.636948E-15
6652.84976530075  2.663765E-15
6654.31894040108  2.754524E-15
6655.7881155014  2.728070E-15
6657.25729060173  2.689396E-15
6658.72646570206  2.730540E-15
6660.19564080238  2.757200E-15
6661.66481590271  2.710063E-15
6663.13399100304  2.673453E-15
6664.60316610336  2.518025E-15
6666.07234120369  2.503477E-15
6667.54151630402  2.580483E-15
6669.01069140434  2.649226E-15
6670.47986650467  2.480572E-15
6671.949041605  2.410121E-15
6673.41821670532  2.565302E-15
6674.88739180565  2.629491E-15
6676.35656690598  2.608912E-15
6677.8257420063  2.473830E-15
6679.29491710663  2.401856E-15
6680.76409220695  2.600526E-15
6682.23326730728  2.490797E-15
6683.70244240761  2.482689E-15
6685.17161750794  2.484221E-15
6686.64079260826  2.380333E-15
6688.10996770859  2.268158E-15
6689.57914280892  2.262502E-15
6691.04831790924  2.304016E-15
6692.51749300957  2.261642E-15
6693.9866681099  2.335104E-15
6695.45584321022  2.461895E-15
6696.92501831055  2.360030E-15
6698.39419341088  2.172589E-15
6699.8633685112  2.176387E-15
6701.33254361153  2.287516E-15
6702.80171871185  2.261058E-15
6704.27089381218  2.080432E-15
6705.74006891251  1.971912E-15
6707.20924401283  2.029699E-15
6708.67841911316  2.127673E-15
6710.14759421349  2.147708E-15
6711.61676931381  2.041229E-15
6713.08594441414  2.012821E-15
6714.55511951447  1.951164E-15
6716.02429461479  1.896409E-15
6717.49346971512  1.957080E-15
6718.96264481544  1.936429E-15
6720.43181991577  1.919631E-15
6721.9009950161  1.912889E-15
6723.37017011643  1.904707E-15
6724.83934521675  1.967326E-15
6726.30852031708  1.705209E-15
6727.7776954174  1.706174E-15
6729.24687051773  1.757695E-15
6730.71604561806  1.826381E-15
6732.18522071838  1.889913E-15
6733.65439581871  1.718026E-15
6735.12357091904  1.697372E-15
6736.59274601936  1.792917E-15
6738.06192111969  1.800702E-15
6739.53109622002  1.871394E-15
6741.00027132034  1.717731E-15
6742.46944642067  1.721634E-15
6743.938621521  1.818927E-15
6745.40779662132  1.853446E-15
6746.87697172165  1.887593E-15
6748.34614682198  1.925152E-15
6749.8153219223  1.806039E-15
6751.28449702263  1.672609E-15
6752.75367212296  1.601046E-15
6754.22284722328  1.618870E-15
6755.69202232361  1.764180E-15
6757.16119742394  1.684559E-15
6758.63037252426  1.728915E-15
6760.09954762459  1.786462E-15
6761.56872272491  1.786466E-15
6763.03789782524  1.707636E-15
6764.50707292557  1.755482E-15
6765.97624802589  1.777542E-15
6767.44542312622  1.738196E-15
6768.91459822655  1.744562E-15
6770.38377332687  1.743643E-15
6771.8529484272  1.893844E-15
6773.32212352753  1.900866E-15
6774.79129862785  1.801936E-15
6776.26047372818  1.721254E-15
6777.72964882851  1.708153E-15
6779.19882392883  1.765319E-15
6780.66799902916  1.774845E-15
6782.13717412949  1.727691E-15
6783.60634922981  1.753730E-15
6785.07552433014  1.837165E-15
6786.54469943047  1.816075E-15
6788.01387453079  1.764831E-15
6789.48304963112  1.874382E-15
6790.95222473145  1.716296E-15
6792.42139983177  1.624191E-15
6793.8905749321  1.770805E-15
6795.35975003243  1.920545E-15
6796.82892513275  1.901712E-15
6798.29810023308  1.807644E-15
6799.7672753334  1.796530E-15
6801.23645043373  1.865707E-15
6802.70562553406  1.899108E-15
6804.17480063439  1.756537E-15
6805.64397573471  1.696112E-15
6807.11315083504  1.763283E-15
6808.58232593536  1.770385E-15
6810.05150103569  1.728888E-15
6811.52067613602  1.687846E-15
6812.98985123634  1.673853E-15
6814.45902633667  1.713666E-15
6815.928201437  1.711389E-15
6817.39737653732  1.653758E-15
6818.86655163765  1.635930E-15
6820.33572673798  1.629990E-15
6821.8049018383  1.592715E-15
6823.27407693863  1.644798E-15
6824.74325203896  1.739056E-15
6826.21242713928  1.697471E-15
6827.68160223961  1.627868E-15
6829.15077733994  1.673588E-15
6830.61995244026  1.713625E-15
6832.08912754059  1.764015E-15
6833.55830264092  1.777720E-15
6835.02747774124  1.630920E-15
6836.49665284157  1.567492E-15
6837.9658279419  1.566362E-15
6839.43500304222  1.535537E-15
6840.90417814255  1.430418E-15
6842.37335324288  1.396642E-15
6843.8425283432  1.494072E-15
6845.31170344353  1.551228E-15
6846.78087854386  1.641991E-15
6848.25005364418  1.619553E-15
6849.71922874451  1.530435E-15
6851.18840384484  1.506000E-15
6852.65757894516  1.603564E-15
6854.12675404549  1.656154E-15
6855.59592914581  1.496315E-15
6857.06510424614  1.390687E-15
6858.53427934647  1.467609E-15
6860.0034544468  1.487460E-15
6861.47262954712  1.550621E-15
6862.94180464745  1.447442E-15
6864.41097974777  1.330918E-15
6865.8801548481  1.253706E-15
6867.34932994843  1.222618E-15
6868.81850504875  1.173897E-15
6870.28768014908  1.131679E-15
6871.75685524941  1.221942E-15
6873.22603034973  1.312368E-15
6874.69520545006  1.270327E-15
6876.16438055039  1.270166E-15
6877.63355565071  1.254450E-15
6879.10273075104  1.466272E-15
6880.57190585137  1.390413E-15
6882.04108095169  1.225839E-15
6883.51025605202  1.243879E-15
6884.97943115234  1.269389E-15
6886.44860625267  1.310818E-15
6887.917781353  1.356019E-15
6889.38695645333  1.276498E-15
6890.85613155365  1.284575E-15
6892.32530665398  1.235765E-15
6893.7944817543  1.177374E-15
6895.26365685463  1.177624E-15
6896.73283195496  1.279097E-15
6898.20200705528  1.317463E-15
6899.67118215561  1.218832E-15
6901.14035725594  1.177640E-15
6902.60953235626  1.228964E-15
6904.07870745659  1.246862E-15
6905.54788255692  1.247176E-15
6907.01705765724  1.260379E-15
6908.48623275757  1.281898E-15
6909.9554078579  1.297942E-15
6911.42458295822  1.283887E-15
6912.89375805855  1.206471E-15
6914.36293315888  1.135072E-15
6915.8321082592  1.167356E-15
6917.30128335953  1.286443E-15
6918.77045845986  1.375456E-15
6920.23963356018  1.222611E-15
6921.70880866051  1.114848E-15
6923.17798376083  1.173398E-15
6924.64715886116  1.240836E-15
6926.11633396149  1.162440E-15
6927.58550906181  1.125264E-15
6929.05468416214  1.212936E-15
6930.52385926247  1.211848E-15
6931.99303436279  1.239002E-15
6933.46220946312  1.248836E-15
6934.93138456345  1.143739E-15
6936.40055966377  1.182695E-15
6937.8697347641  1.187934E-15
6939.33890986443  1.171737E-15
6940.80808496475  1.175246E-15
6942.27726006508  1.149567E-15
6943.74643516541  1.146291E-15
6945.21561026573  1.108133E-15
6946.68478536606  1.126056E-15
6948.15396046639  1.195242E-15
6949.62313556671  1.265328E-15
6951.09231066704  1.269610E-15
6952.56148576737  1.159035E-15
6954.03066086769  1.096148E-15
6955.49983596802  1.121532E-15
6956.96901106835  1.164519E-15
6958.43818616867  1.254787E-15
6959.907361269  1.244349E-15
6961.37653636933  1.201904E-15
6962.84571146965  1.222535E-15
6964.31488656998  1.250883E-15
6965.7840616703  1.250637E-15
6967.25323677063  1.224291E-15
6968.72241187096  1.221683E-15
6970.19158697129  1.239686E-15
6971.66076207161  1.215999E-15
6973.12993717194  1.239255E-15
6974.59911227226  1.330176E-15
6976.06828737259  1.301653E-15
6977.53746247292  1.258224E-15
6979.00663757324  1.185034E-15
6980.47581267357  1.256185E-15
6981.9449877739  1.251785E-15
6983.41416287422  1.108395E-15
6984.88333797455  1.167561E-15
6986.35251307488  1.199634E-15
6987.8216881752  1.217863E-15
6989.29086327553  1.260390E-15
6990.76003837586  1.248636E-15
6992.22921347618  1.213629E-15
6993.69838857651  1.188323E-15
6995.16756367683  1.180606E-15
6996.63673877716  1.242982E-15
6998.10591387749  1.288818E-15
6999.57508897782  1.200002E-15
7001.04426407814  1.167629E-15
7002.51343917847  1.170393E-15
7003.98261427879  1.082982E-15
7005.45178937912  1.005170E-15
7006.92096447945  1.101657E-15
7008.39013957977  1.198309E-15
7009.8593146801  1.150403E-15
7011.32848978043  1.099768E-15
7012.79766488075  1.152249E-15
7014.26683998108  1.238813E-15
7015.73601508141  1.163768E-15
7017.20519018173  1.229817E-15
7018.67436528206  1.247161E-15
7020.14354038239  1.095918E-15
7021.61271548271  1.121232E-15
7023.08189058304  1.223115E-15
7024.55106568337  1.176903E-15
7026.02024078369  1.200644E-15
7027.48941588402  1.149804E-15
7028.95859098435  1.147357E-15
7030.42776608467  1.087239E-15
7031.896941185  1.100237E-15
7033.36611628533  1.059531E-15
7034.83529138565  1.046719E-15
7036.30446648598  1.148974E-15
7037.7736415863  1.131913E-15
7039.24281668663  1.016580E-15
7040.71199178696  9.901079E-16
7042.18116688728  1.062215E-15
7043.65034198761  1.118316E-15
7045.11951708794  1.122095E-15
7046.58869218826  1.158638E-15
7048.05786728859  1.130856E-15
7049.52704238892  1.043450E-15
7050.99621748924  1.058202E-15
7052.46539258957  1.085552E-15
7053.9345676899  1.042169E-15
7055.40374279022  9.931090E-16
7056.87291789055  1.024101E-15
7058.34209299088  1.020230E-15
7059.8112680912  1.050931E-15
7061.28044319153  1.072895E-15
7062.74961829186  1.063101E-15
7064.21879339218  1.072918E-15
7065.68796849251  1.028826E-15
7067.15714359284  1.066097E-15
7068.62631869316  9.868099E-16
7070.09549379349  9.179198E-16
7071.56466889382  9.672783E-16
7073.03384399414  1.011464E-15
7074.50301909447  9.753483E-16
7075.9721941948  9.367234E-16
7077.44136929512  9.521975E-16
7078.91054439545  1.018934E-15
7080.37971949578  1.109124E-15
7081.8488945961  1.100874E-15
7083.31806969643  1.076940E-15
7084.78724479676  1.047114E-15
7086.25641989708  9.727867E-16
7087.72559499741  9.269175E-16
7089.19477009773  9.135075E-16
7090.66394519806  8.790135E-16
7092.13312029839  9.086516E-16
7093.60229539871  9.359303E-16
7095.07147049904  9.181368E-16
7096.54064559937  9.542650E-16
7098.00982069969  9.117092E-16
7099.47899580002  8.216682E-16
7100.94817090035  8.059130E-16
7102.41734600067  8.516616E-16
7103.886521101  8.991163E-16
7105.35569620132  8.214775E-16
7106.82487130165  7.414895E-16
7108.29404640198  7.518453E-16
7109.76322150231  8.653836E-16
7111.23239660263  9.758966E-16
7112.70157170296  9.468801E-16
7114.17074680328  8.687450E-16
7115.63992190361  9.108937E-16
7117.10909700394  9.442046E-16
7118.57827210426  8.689615E-16
7120.04744720459  8.721790E-16
7121.51662230492  8.292680E-16
7122.98579740524  7.690492E-16
7124.45497250557  7.996709E-16
7125.9241476059  8.250331E-16
7127.39332270622  8.034160E-16
7128.86249780655  8.189450E-16
7130.33167290688  7.793624E-16
7131.8008480072  7.111452E-16
7133.27002310753  7.716439E-16
7134.73919820786  7.864653E-16
7136.20837330818  7.003937E-16
7137.67754840851  6.786279E-16
7139.14672350884  7.531978E-16
7140.61589860916  7.908925E-16
7142.08507370949  7.557966E-16
7143.55424880982  7.301884E-16
7145.02342391014  7.425657E-16
7146.49259901047  7.629472E-16
7147.9617741108  7.889378E-16
7149.43094921112  7.960044E-16
7150.90012431145  7.553035E-16
7152.36929941177  7.374915E-16
7153.8384745121  7.557732E-16
7155.30764961243  7.131589E-16
7156.77682471275  7.499496E-16
7158.24599981308  8.067758E-16
7159.71517491341  7.207398E-16
7161.18435001373  6.700471E-16
7162.65352511406  7.054920E-16
7164.12270021439  7.320184E-16
7165.59187531471  7.011205E-16
7167.06105041504  5.939746E-16
7168.53022551537  6.019657E-16
7169.99940061569  6.056104E-16
7171.46857571602  6.225022E-16
7172.93775081635  5.899578E-16
7174.40692591667  5.819592E-16
7175.876101017  5.936442E-16
7177.34527611733  5.562375E-16
7178.81445121765  5.963101E-16
7180.28362631798  6.667660E-16
7181.75280141831  6.418873E-16
7183.22197651863  6.138567E-16
7184.69115161896  6.780497E-16
7186.16032671928  6.822586E-16
7187.62950181961  5.851030E-16
7189.09867691994  5.544357E-16
7190.56785202027  5.830162E-16
7192.03702712059  5.332717E-16
7193.50620222092  5.109526E-16
7194.97537732124  5.576665E-16
7196.44455242157  5.384664E-16
7197.9137275219  4.821713E-16
7199.38290262223  5.195789E-16
7200.85207772255  6.265443E-16
7202.32125282288  6.848431E-16
7203.79042792321  6.622569E-16
7205.25960302353  5.819981E-16
7206.72877812386  5.211680E-16
7208.19795322418  5.450833E-16
7209.66712832451  5.977354E-16
7211.13630342484  6.212156E-16
7212.60547852516  6.487541E-16
7214.07465362549  6.403557E-16
7215.54382872582  6.044262E-16
7217.01300382614  6.982619E-16
7218.48217892647  6.893381E-16
7219.9513540268  6.549493E-16
7221.42052912712  5.724081E-16
7222.88970422745  5.495792E-16
7224.35887932778  6.022020E-16
7225.8280544281  5.926953E-16
7227.29722952843  5.789730E-16
7228.76640462876  5.883982E-16
7230.23557972908  5.691144E-16
7231.70475482941  6.076248E-16
7233.17392992973  5.883284E-16
7234.64310503006  5.648926E-16
7236.11228013039  6.529357E-16
7237.58145523071  7.021509E-16
7239.05063033104  6.241960E-16
7240.51980543137  6.090111E-16
7241.98898053169  6.164404E-16
7243.45815563202  5.575432E-16
7244.92733073235  5.051573E-16
7246.39650583267  5.774827E-16
7247.865680933  6.274583E-16
7249.33485603333  5.790236E-16
7250.80403113365  5.954915E-16
7252.27320623398  6.272751E-16
7253.74238133431  6.169100E-16
7255.21155643463  6.066671E-16
7256.68073153496  5.854757E-16
7258.14990663529  6.239682E-16
7259.61908173561  6.598146E-16
7261.08825683594  6.317579E-16
7262.55743193626  6.423733E-16
7264.02660703659  6.748312E-16
7265.49578213692  6.674222E-16
7266.96495723724  6.078223E-16
7268.43413233757  5.741898E-16
7269.9033074379  5.531796E-16
7271.37248253822  5.877960E-16
7272.84165763855  7.165127E-16
7274.31083273888  7.952356E-16
7275.7800078392  7.428625E-16
7277.24918293953  7.117567E-16
7278.71835803986  7.469014E-16
7280.18753314018  7.182559E-16
7281.65670824051  7.366876E-16
7283.12588334084  7.037772E-16
7284.59505844116  5.570159E-16
7286.06423354149  5.107735E-16
7287.53340864182  5.192502E-16
7289.00258374214  5.814578E-16
7290.47175884247  6.286626E-16
7291.9409339428  7.054942E-16
7293.41010904312  7.070439E-16
7294.87928414345  6.638842E-16
7296.34845924378  6.424725E-16
7297.8176343441  5.903632E-16
7299.28680944443  5.990975E-16
7300.75598454476  6.050690E-16
7302.22515964508  6.494161E-16
7303.69433474541  6.861192E-16
7305.16350984574  7.157559E-16
7306.63268494606  6.724993E-16
7308.10186004639  6.097277E-16
7309.57103514672  6.920149E-16
7311.04021024704  7.374147E-16
7312.50938534737  6.987859E-16
7313.97856044769  7.134474E-16
7315.44773554802  7.497783E-16
7316.91691064835  7.420820E-16
7318.38608574867  7.069080E-16
7319.855260849  6.746135E-16
7321.32443594933  6.685217E-16
7322.79361104965  6.822652E-16
7324.26278614998  6.645506E-16
7325.73196125031  7.018482E-16
7327.20113635063  7.345818E-16
7328.67031145096  6.785980E-16
7330.13948655129  6.423206E-16
7331.60866165161  6.709784E-16
7333.07783675194  6.430630E-16
7334.54701185227  6.387230E-16
7336.01618695259  7.015773E-16
7337.48536205292  7.309967E-16
7338.95453715325  6.749382E-16
7340.42371225357  6.688090E-16
7341.8928873539  6.845612E-16
7343.36206245422  6.515477E-16
7344.83123755455  7.032635E-16
7346.30041265488  6.823927E-16
7347.7695877552  6.544154E-16
7349.23876285553  6.468184E-16
7350.70793795586  6.313921E-16
7352.17711305618  6.208211E-16
7353.64628815651  6.247212E-16
7355.11546325684  6.393603E-16
7356.58463835716  6.748742E-16
7358.05381345749  6.877314E-16
7359.52298855782  6.672177E-16
7360.99216365814  6.457444E-16
7362.46133875847  6.198490E-16
7363.9305138588  5.894124E-16
7365.39968895912  6.123479E-16
7366.86886405945  6.647463E-16
7368.33803915978  6.377870E-16
7369.8072142601  6.542080E-16
7371.27638936043  6.801891E-16
7372.74556446075  6.055525E-16
7374.21473956108  6.223756E-16
7375.68391466141  6.823026E-16
7377.15308976173  6.221869E-16
7378.62226486206  6.662108E-16
7380.09143996239  6.641728E-16
7381.56061506271  6.457980E-16
7383.02979016304  5.784934E-16
7384.49896526337  5.602670E-16
7385.9681403637  5.989183E-16
7387.43731546402  5.825113E-16
7388.90649056435  5.633316E-16
7390.37566566467  5.966951E-16
7391.844840765  5.929743E-16
7393.31401586533  5.878447E-16
7394.78319096565  6.098951E-16
7396.25236606598  6.367428E-16
7397.72154116631  6.587721E-16
7399.19071626663  7.033667E-16
7400.65989136696  7.538333E-16
7402.12906646729  7.033345E-16
7403.59824156761  6.055542E-16
7405.06741666794  6.503140E-16
7406.53659176827  7.246581E-16
7408.00576686859  7.172172E-16
7409.47494196892  6.701996E-16
7410.94411706925  6.114456E-16
7412.41329216957  5.937607E-16
7413.8824672699  6.057682E-16
7415.35164237023  6.288411E-16
7416.82081747055  6.645904E-16
7418.28999257088  6.498168E-16
7419.75916767121  6.305177E-16
7421.22834277153  6.646257E-16
7422.69751787186  6.535563E-16
7424.16669297218  6.547616E-16
7425.63586807251  7.093343E-16
7427.10504317284  6.987942E-16
7428.57421827316  6.558839E-16
7430.04339337349  6.303446E-16
7431.51256847382  6.044143E-16
7432.98174357414  6.241265E-16
7434.45091867447  6.822430E-16
7435.9200937748  6.605469E-16
7437.38926887512  6.253731E-16
7438.85844397545  6.558589E-16
7440.32761907578  6.539420E-16
7441.7967941761  6.530186E-16
7443.26596927643  7.150468E-16
7444.73514437676  6.917180E-16
7446.20431947708  6.790493E-16
7447.67349457741  6.889088E-16
7449.14266967774  6.829334E-16
7450.61184477806  6.450409E-16
7452.08101987839  6.274196E-16
7453.55019497872  6.655791E-16
7455.01937007904  6.988275E-16
7456.48854517937  6.821706E-16
7457.95772027969  6.298549E-16
7459.42689538002  6.018205E-16
7460.89607048035  6.465739E-16
7462.36524558068  6.890668E-16
7463.834420681  6.936214E-16
7465.30359578133  6.824027E-16
7466.77277088166  6.431893E-16
7468.24194598198  7.212038E-16
7469.71112108231  7.647904E-16
7471.18029618263  7.292328E-16
7472.64947128296  6.834325E-16
7474.11864638329  6.731012E-16
7475.58782148361  6.864550E-16
7477.05699658394  6.744956E-16
7478.52617168427  6.554834E-16
7479.99534678459  6.650156E-16
7481.46452188492  7.336121E-16
7482.93369698525  7.349248E-16
7484.40287208557  7.004358E-16
7485.8720471859  6.949842E-16
7487.34122228622  6.657194E-16
7488.81039738655  7.326830E-16
7490.27957248688  7.111045E-16
7491.74874758721  7.357990E-16
7493.21792268753  7.701294E-16
7494.68709778786  7.385416E-16
7496.15627288818  7.041882E-16
7497.62544798851  6.774658E-16
7499.09462308884  6.677413E-16
7500.56379818916  6.839450E-16
7502.03297328949  6.800336E-16
7503.50214838982  6.820348E-16
7504.97132349014  7.079986E-16
7506.44049859047  6.990630E-16
7507.9096736908  6.764173E-16
7509.37884879112  6.997460E-16
7510.84802389145  6.407572E-16
7512.31719899178  6.251353E-16
7513.7863740921  6.058807E-16
7515.25554919243  6.197521E-16
7516.72472429276  6.450972E-16
7518.19389939308  5.914206E-16
7519.66307449341  5.992914E-16
7521.13224959374  6.223583E-16
7522.60142469406  6.222230E-16
7524.07059979439  6.404881E-16
7525.53977489472  6.905026E-16
7527.00894999504  6.681979E-16
7528.47812509537  6.112157E-16
7529.9473001957  6.712847E-16
7531.41647529602  6.696150E-16
7532.88565039635  6.489329E-16
7534.35482549668  6.184675E-16
7535.824000597  6.169175E-16
7537.29317569733  5.985430E-16
7538.76235079765  5.679255E-16
7540.23152589798  6.284368E-16
7541.70070099831  5.973504E-16
7543.16987609863  5.392461E-16
7544.63905119896  5.077576E-16
7546.10822629929  5.123358E-16
7547.57740139961  5.353466E-16
7549.04657649994  5.393451E-16
7550.51575160027  5.197172E-16
7551.98492670059  5.080620E-16
7553.45410180092  5.503490E-16
7554.92327690125  5.692617E-16
7556.39245200157  5.425776E-16
7557.8616271019  5.146837E-16
7559.33080220223  5.223220E-16
7560.79997730255  5.444089E-16
7562.26915240288  5.071197E-16
7563.73832750321  4.860423E-16
7565.20750260353  4.926340E-16
7566.67667770386  4.669451E-16
7568.14585280419  4.447518E-16
7569.61502790451  4.868763E-16
7571.08420300484  4.971817E-16
7572.55337810517  4.242255E-16
7574.02255320549  4.838117E-16
7575.49172830582  5.354641E-16
7576.96090340615  4.805622E-16
7578.43007850647  4.665461E-16
7579.8992536068  5.106174E-16
7581.36842870713  4.872808E-16
7582.83760380745  4.648423E-16
7584.30677890778  4.240681E-16
7585.77595400811  4.547083E-16
7587.24512910843  4.122137E-16
7588.71430420876  3.047955E-16
7590.18347930909  3.148934E-16
7591.65265440941  3.422791E-16
7593.12182950974  2.906679E-16
7594.59100461006  2.640235E-16
7596.06017971039  2.385685E-16
7597.52935481072  2.117358E-16
7598.99852991104  1.867708E-16
7600.46770501137  1.633270E-16
7601.9368801117  1.816126E-16
7603.40605521202  1.911419E-16
7604.87523031235  1.870254E-16
7606.34440541268  1.960123E-16
7607.813580513  2.294886E-16
7609.28275561333  2.603292E-16
7610.75193071366  2.816861E-16
7612.22110581398  2.843874E-16
7613.69028091431  2.312952E-16
7615.15945601464  2.966070E-16
7616.62863111496  3.509226E-16
7618.09780621529  3.400923E-16
7619.56698131561  3.135655E-16
7621.03615641594  2.605972E-16
7622.50533151627  2.447131E-16
7623.97450661659  2.682266E-16
7625.44368171692  2.295521E-16
7626.91285681725  2.483550E-16
7628.38203191757  2.913829E-16
7629.8512070179  2.821361E-16
7631.32038211823  2.776955E-16
7632.78955721855  2.697971E-16
7634.25873231888  3.156140E-16
7635.72790741921  3.192716E-16
7637.19708251953  2.687995E-16
7638.66625761986  2.648831E-16
7640.13543272019  2.936576E-16
7641.60460782051  2.829922E-16
7643.07378292084  3.028991E-16
7644.54295802117  3.529372E-16
7646.01213312149  3.956606E-16
7647.48130822182  3.715524E-16
7648.95048332214  3.613444E-16
7650.41965842247  3.998900E-16
7651.8888335228  3.805784E-16
7653.35800862313  3.665905E-16
7654.82718372345  3.758111E-16
7656.29635882378  3.832717E-16
7657.76553392411  4.013234E-16
7659.23470902443  4.120354E-16
7660.70388412476  4.379938E-16
7662.17305922509  5.001222E-16
7663.64223432541  4.489463E-16
7665.11140942574  4.179773E-16
7666.58058452606  4.405644E-16
7668.04975962639  4.216868E-16
7669.51893472672  4.258312E-16
7670.98810982704  4.791131E-16
7672.45728492737  4.284278E-16
7673.9264600277  4.296400E-16
7675.39563512802  4.761062E-16
7676.86481022835  5.158325E-16
7678.33398532868  5.450064E-16
7679.803160429  5.200275E-16
7681.27233552933  4.589957E-16
7682.74151062966  4.769308E-16
7684.21068572998  4.593809E-16
7685.67986083031  4.392752E-16
7687.14903593064  4.871412E-16
7688.61821103096  5.207139E-16
7690.08738613129  4.584623E-16
7691.55656123162  4.174316E-16
7693.02573633194  5.003388E-16
7694.49491143227  5.170949E-16
7695.9640865326  4.645746E-16
7697.43326163292  4.688108E-16
7698.90243673325  4.935940E-16
7700.37161183357  4.779179E-16
7701.8407869339  4.885399E-16
7703.30996203423  4.668430E-16
7704.77913713455  4.703063E-16
7706.24831223488  4.777015E-16
7707.71748733521  4.836785E-16
7709.18666243553  5.098870E-16
7710.65583753586  5.186755E-16
7712.12501263619  5.049990E-16
7713.59418773651  5.057025E-16
7715.06336283684  5.539485E-16
7716.53253793717  5.288083E-16
7718.00171303749  4.685620E-16
7719.47088813782  4.968042E-16
7720.94006323815  5.308164E-16
7722.40923833847  5.461137E-16
7723.8784134388  5.202985E-16
7725.34758853913  4.904138E-16
7726.81676363945  4.724447E-16
7728.28593873978  4.516287E-16
7729.7551138401  4.533394E-16
7731.22428894043  4.911764E-16
7732.69346404076  4.931311E-16
7734.16263914109  4.621093E-16
7735.63181424141  4.140742E-16
7737.10098934174  3.936119E-16
7738.57016444207  4.170476E-16
7740.03933954239  4.430028E-16
7741.50851464272  4.701753E-16
7742.97768974305  4.407511E-16
7744.44686484337  4.622838E-16
7745.9160399437  4.911627E-16
7747.38521504402  4.468852E-16
7748.85439014435  3.933631E-16
7750.32356524468  3.657040E-16
7751.792740345  4.102042E-16
7753.26191544533  4.576673E-16
7754.73109054566  4.447145E-16
7756.20026564598  4.620646E-16
7757.66944074631  5.080653E-16
7759.13861584664  4.652644E-16
7760.60779094696  4.718395E-16
7762.07696604729  5.237016E-16
7763.54614114762  5.372084E-16
7765.01531624794  5.060235E-16
7766.48449134827  4.684484E-16
7767.9536664486  4.485934E-16
7769.42284154892  4.561970E-16
7770.89201664925  4.701688E-16
7772.36119174958  4.818982E-16
7773.8303668499  4.559669E-16
7775.29954195023  4.425484E-16
7776.76871705055  4.941570E-16
7778.23789215088  5.092654E-16
7779.70706725121  4.533908E-16
7781.17624235153  4.877139E-16
7782.64541745186  5.209237E-16
7784.11459255219  5.010075E-16
7785.58376765251  4.949505E-16
7787.05294275284  4.896087E-16
7788.52211785317  4.762636E-16
7789.99129295349  4.965110E-16
7791.46046805382  4.723253E-16
7792.92964315415  4.566946E-16
7794.39881825447  5.199017E-16
7795.8679933548  5.308168E-16
7797.33716845513  4.137904E-16
7798.80634355545  4.057990E-16
7800.27551865578  4.765836E-16
7801.74469375611  4.945634E-16
7803.21386885643  5.021189E-16
7804.68304395676  5.075057E-16
7806.15221905709  4.433929E-16
7807.62139415741  4.393045E-16
7809.09056925774  4.722724E-16
7810.55974435806  4.808393E-16
7812.02891945839  4.679025E-16
7813.49809455872  4.338020E-16
7814.96726965904  4.058660E-16
7816.43644475937  4.408110E-16
7817.9056198597  4.393362E-16
7819.37479496002  4.164911E-16
7820.84397006035  3.878124E-16
7822.31314516068  3.785142E-16
7823.782320261  3.846764E-16
7825.25149536133  3.513722E-16
7826.72067046166  3.456888E-16
7828.18984556198  3.419346E-16
7829.65902066231  3.312606E-16
7831.12819576264  3.159708E-16
7832.59737086296  3.236997E-16
7834.06654596329  3.573040E-16
7835.53572106362  3.246347E-16
7837.00489616394  3.056077E-16
7838.47407126427  2.981594E-16
7839.9432463646  2.794199E-16
7841.41242146492  2.761263E-16
7842.88159656525  2.807660E-16
7844.35077166558  2.615000E-16
7845.8199467659  2.668028E-16
7847.28912186623  2.808311E-16
7848.75829696656  2.864424E-16
7850.22747206688  2.793869E-16
7851.69664716721  2.514911E-16
7853.16582226754  2.294857E-16
7854.63499736786  2.460549E-16
7856.10417246819  2.486068E-16
7857.57334756851  2.218357E-16
7859.04252266884  1.984427E-16
7860.51169776917  1.923694E-16
7861.98087286949  1.829833E-16
7863.45004796982  1.618092E-16
7864.91922307015  1.691952E-16
7866.38839817047  1.783399E-16
7867.8575732708  1.652298E-16
7869.32674837113  1.534169E-16
7870.79592347145  1.555159E-16
