3500.  -1.635674E-15
3501.47345602513  -6.037946E-18
3502.94691205025  1.143265E-15
3504.42036807538  5.692540E-16
3505.8938241005  8.665100E-16
3507.36728012562  1.597931E-15
3508.84073615075  1.128820E-15
3510.31419217587  9.186414E-16
3511.78764820099  6.844755E-16
3513.26110422612  -2.152237E-17
3514.73456025124  5.828679E-16
3516.20801627636  5.142603E-16
3517.68147230149  2.496185E-16
3519.15492832661  -4.092657E-16
3520.62838435174  -1.663199E-16
3522.10184037686  5.298649E-16
3523.57529640198  4.273117E-16
3525.04875242711  -2.575338E-16
3526.52220845223  2.778817E-16
3527.99566447735  4.573332E-16
3529.46912050248  7.771741E-16
3530.9425765276  4.755819E-16
3532.41603255272  2.554340E-16
3533.88948857785  -1.996785E-17
3535.36294460297  7.562221E-16
3536.8364006281  1.017698E-15
3538.30985665322  6.675912E-16
3539.78331267834  1.175886E-16
3541.25676870347  -3.307403E-16
3542.73022472859  -1.700634E-16
3544.20368075371  5.185157E-16
3545.67713677884  5.739757E-16
3547.15059280396  3.032729E-16
3548.62404882908  1.165840E-16
3550.09750485421  4.435414E-16
3551.57096087933  1.423305E-17
3553.04441690445  -2.213087E-17
3554.51787292958  8.301690E-17
3555.9913289547  -2.699506E-16
3557.46478497983  4.103139E-16
3558.93824100495  2.661232E-16
3560.41169703007  7.720740E-16
3561.8851530552  2.714646E-16
3563.35860908032  -6.540741E-16
3564.83206510544  -4.201278E-16
3566.30552113057  4.092539E-16
3567.77897715569  4.607020E-16
3569.25243318081  4.634936E-16
3570.72588920594  2.555111E-16
3572.19934523106  4.268138E-17
3573.67280125618  -3.438581E-16
3575.14625728131  -1.839154E-16
3576.61971330643  -4.670993E-16
3578.09316933156  5.603726E-16
3579.56662535668  1.136162E-15
3581.0400813818  5.598704E-16
3582.51353740693  2.441084E-17
3583.98699343205  2.586197E-16
3585.46044945717  -2.196622E-16
3586.9339054823  7.703788E-16
3588.40736150742  7.805021E-16
3589.88081753254  4.851428E-16
3591.35427355767  8.580358E-16
3592.82772958279  1.389821E-15
3594.30118560792  9.512192E-16
3595.77464163304  4.711682E-16
3597.24809765816  3.577627E-16
3598.72155368329  3.671529E-16
3600.19500970841  1.445888E-16
3601.66846573353  1.814719E-16
3603.14192175866  3.905668E-16
3604.61537778378  2.029414E-16
3606.0888338089  3.963395E-16
3607.56228983403  4.598681E-16
3609.03574585915  4.068610E-16
3610.50920188428  6.790470E-16
3611.9826579094  9.773966E-16
3613.45611393452  7.216781E-19
3614.92956995965  -3.430676E-16
3616.40302598477  -3.576473E-16
3617.87648200989  -4.158717E-17
3619.34993803502  5.758751E-16
3620.82339406014  3.405905E-16
3622.29685008526  5.252088E-16
3623.77030611039  2.662789E-16
3625.24376213551  5.658593E-17
3626.71721816063  7.412417E-16
3628.19067418576  5.884168E-16
3629.66413021088  -7.010992E-16
3631.13758623601  -2.442598E-16
3632.61104226113  5.404474E-16
3634.08449828625  5.862071E-16
3635.55795431138  6.319668E-16
3637.0314103365  6.777341E-16
3638.50486636162  6.192910E-16
3639.97832238675  -2.080057E-17
3641.45177841187  2.774147E-16
3642.92523443699  9.005238E-16
3644.39869046212  1.031817E-17
3645.87214648724  3.250263E-16
3647.34560251237  3.427116E-16
3648.81905853749  -5.188382E-16
3650.29251456261  -1.044314E-16
3651.76597058774  6.388303E-16
3653.23942661286  1.905676E-16
3654.71288263798  1.368262E-16
3656.18633866311  3.619733E-16
3657.65979468823  5.465548E-16
3659.13325071335  8.599335E-16
3660.60670673848  9.162887E-16
3662.0801627636  3.640062E-16
3663.55361878872  3.461501E-16
3665.02707481385  4.166484E-17
3666.50053083897  -2.700111E-17
3667.9739868641  4.612656E-16
3669.44744288922  7.044163E-16
3670.92089891434  6.756361E-16
3672.39435493947  3.575302E-16
3673.86781096459  4.326566E-16
3675.34126698971  3.331705E-16
3676.81472301484  -8.066373E-18
3678.28817903996  -4.411230E-17
3679.76163506508  9.351876E-17
3681.23509109021  -1.998422E-16
3682.70854711533  1.490625E-16
3684.18200314046  -2.516252E-17
3685.65545916558  -1.738654E-16
3687.1289151907  -2.373052E-16
3688.60237121583  -1.986839E-16
3690.07582724095  1.164318E-16
3691.54928326607  6.128459E-16
3693.0227392912  4.347327E-17
3694.49619531632  1.901775E-16
3695.96965134144  3.748960E-16
3697.44310736657  7.603155E-17
3698.91656339169  -3.533752E-17
3700.39001941681  1.084768E-16
3701.86347544194  5.391665E-16
3703.33693146706  4.517858E-16
3704.81038749219  5.468318E-16
3706.28384351731  4.360451E-16
3707.75729954243  5.907842E-16
3709.23075556756  7.705699E-16
3710.70421159268  2.465119E-16
3712.1776676178  2.964114E-16
3713.65112364293  2.275671E-16
3715.12457966805  4.491016E-16
3716.59803569317  4.917051E-16
3718.0714917183  2.410677E-16
3719.54494774342  4.459103E-16
3721.01840376855  5.259150E-16
3722.49185979367  8.081635E-16
3723.96531581879  4.963302E-16
3725.43877184392  1.795174E-16
3726.91222786904  3.293312E-16
3728.38568389416  2.994091E-16
3729.85913991929  3.511332E-16
3731.33259594441  2.643979E-16
3732.80605196953  4.803768E-16
3734.27950799466  1.633421E-16
3735.75296401978  -8.774261E-17
3737.2264200449  2.660203E-16
3738.69987607003  2.585349E-16
3740.17333209515  -2.585747E-17
3741.64678812028  2.695417E-17
3743.1202441454  5.299566E-16
3744.59370017052  5.065420E-16
3746.06715619565  4.336411E-16
3747.54061222077  1.539819E-16
3749.01406824589  1.746332E-16
3750.48752427102  4.253136E-16
3751.96098029614  5.006422E-16
3753.43443632126  4.667280E-16
3754.90789234639  5.303561E-16
3756.38134837151  6.153829E-16
3757.85480439664  6.167553E-16
3759.32826042176  6.767816E-16
3760.80171644688  7.290657E-17
3762.27517247201  1.624383E-16
3763.74862849713  3.684960E-16
3765.22208452225  3.765007E-16
3766.69554054738  2.445355E-16
3768.1689965725  2.814763E-17
3769.64245259762  2.185013E-16
3771.11590862275  2.719712E-16
3772.58936464787  3.917150E-17
3774.06282067299  4.537457E-16
3775.53627669812  1.046652E-16
3777.00973272324  2.206376E-16
3778.48318874837  6.518733E-16
3779.95664477349  4.298120E-16
3781.43010079861  4.281657E-16
3782.90355682374  5.377090E-16
3784.37701284886  3.390861E-16
3785.85046887398  2.513896E-16
3787.32392489911  2.577068E-16
3788.79738092423  4.343017E-16
3790.27083694935  3.789713E-16
3791.74429297448  1.471867E-16
3793.2177489996  4.681796E-16
3794.69120502473  7.026101E-16
3796.16466104985  4.783975E-16
3797.63811707497  2.068395E-16
3799.1115731001  -1.394594E-16
3800.58502912522  1.640546E-16
3802.05848515034  4.677789E-16
3803.53194117547  2.121653E-16
3805.00539720059  1.202528E-16
3806.47885322571  3.080202E-16
3807.95230925084  4.007940E-16
3809.42576527596  2.643086E-16
3810.89922130108  3.165444E-16
3812.37267732621  -1.105495E-18
3813.84613335133  1.154097E-16
3815.31958937646  3.190336E-16
3816.79304540158  1.921654E-16
3818.2665014267  1.947661E-16
3819.73995745183  3.881064E-16
3821.21341347695  3.349869E-16
3822.68686950207  1.622363E-16
3824.1603255272  3.587901E-17
3825.63378155232  2.679488E-17
3827.10723757744  1.232709E-16
3828.58069360257  1.985459E-16
3830.05414962769  3.000704E-16
3831.52760565281  1.623468E-16
3833.00106167794  2.179662E-16
3834.47451770306  3.967925E-16
3835.94797372819  2.816169E-16
3837.42142975331  2.644381E-16
3838.89488577843  3.526960E-16
3840.36834180356  1.732537E-16
3841.84179782868  7.616549E-17
3843.3152538538  3.411997E-16
3844.78870987893  3.251026E-16
3846.26216590405  1.805584E-16
3847.73562192917  2.611641E-16
3849.2090779543  2.411211E-16
3850.68253397942  1.542186E-16
3852.15599000455  -7.977734E-17
3853.62944602967  9.747580E-17
3855.10290205479  4.026220E-16
3856.57635807992  6.080014E-16
3858.04981410504  4.739140E-16
3859.52327013016  4.931339E-16
3860.99672615529  3.190324E-16
3862.47018218041  1.159728E-16
3863.94363820553  3.769040E-16
3865.41709423066  3.855089E-16
3866.89055025578  6.121292E-16
3868.3640062809  3.901593E-16
3869.83746230603  6.240407E-16
3871.31091833115  4.001782E-16
3872.78437435628  2.038674E-16
3874.2578303814  2.278225E-16
3875.73128640652  3.500993E-16
3877.20474243165  3.992425E-16
3878.67819845677  6.562132E-16
3880.15165448189  6.680312E-16
3881.62511050702  2.004946E-16
3883.09856653214  2.769447E-16
3884.57202255726  3.533822E-16
3886.04547858239  4.298196E-16
3887.51893460751  5.062698E-16
3888.99239063264  6.243440E-16
3890.46584665776  5.835313E-16
3891.93930268288  5.754017E-16
3893.41275870801  6.073045E-16
3894.88621473313  5.222643E-16
3896.35967075825  6.941667E-16
3897.83312678338  3.368134E-16
3899.3065828085  1.335522E-16
3900.78003883362  4.263084E-16
3902.25349485875  5.872394E-16
3903.72695088387  3.459950E-16
3905.20040690899  4.814091E-16
3906.67386293412  3.941884E-16
3908.14731895924  4.360769E-16
3909.62077498437  4.116330E-16
3911.09423100949  4.226218E-16
3912.56768703461  3.892773E-16
3914.04114305974  4.086922E-16
3915.51459908486  6.187686E-16
3916.98805510998  8.564647E-16
3918.46151113511  6.350624E-16
3919.93496716023  3.576301E-16
3921.40842318535  4.597997E-16
3922.88187921048  4.400994E-16
3924.3553352356  5.345593E-16
3925.82879126072  6.377893E-16
3927.30224728585  6.389371E-16
3928.77570331097  5.581036E-16
3930.2491593361  5.848896E-16
3931.72261536122  2.482724E-16
3933.19607138634  2.120406E-16
3934.66952741147  3.876392E-16
3936.14298343659  5.266406E-16
3937.61643946171  4.508462E-16
3939.08989548684  4.880543E-16
3940.56335151196  5.282853E-16
3942.03680753708  3.883822E-16
3943.51026356221  5.914482E-16
3944.98371958733  5.914043E-16
3946.45717561246  4.282512E-16
3947.93063163758  4.333402E-16
3949.4040876627  4.910879E-16
3950.87754368783  5.236142E-16
3952.35099971295  4.092923E-16
3953.82445573807  6.312570E-16
3955.2979117632  6.310721E-16
3956.77136778832  4.440036E-16
3958.24482381344  3.723679E-16
3959.71827983857  4.637263E-16
3961.19173586369  5.012673E-16
3962.66519188882  4.509522E-16
3964.13864791394  4.626364E-16
3965.61210393906  3.803559E-16
3967.08555996419  2.827471E-16
3968.55901598931  3.988188E-16
3970.03247201443  2.644661E-16
3971.50592803956  3.825831E-16
3972.97938406468  4.997377E-16
3974.4528400898  5.868236E-16
3975.92629611493  6.283433E-16
3977.39975214005  6.662316E-16
3978.87320816518  5.723997E-16
3980.3466641903  3.504376E-16
3981.82012021542  1.674779E-16
3983.29357624055  2.994330E-16
3984.76703226567  3.884281E-16
3986.24048829079  4.936255E-16
3987.71394431592  5.186672E-16
3989.18740034104  5.644183E-16
3990.66085636616  5.636178E-16
3992.13431239129  6.106356E-16
3993.60776841641  5.141738E-16
3995.08122444153  5.076164E-16
3996.55468046666  5.987780E-16
3998.02813649178  6.610168E-16
3999.50159251691  6.087117E-16
4000.97504854203  5.655530E-16
4002.44850456715  5.062299E-16
4003.92196059228  6.523183E-16
4005.3954166174  6.542999E-16
4006.86887264252  5.278620E-16
4008.34232866765  3.598776E-16
4009.81578469277  4.481476E-16
4011.28924071789  6.299117E-16
4012.76269674302  5.278755E-16
4014.23615276814  5.877798E-16
4015.70960879326  5.988975E-16
4017.18306481839  5.833534E-16
4018.65652084351  6.116616E-16
4020.12997686864  6.398487E-16
4021.60343289376  7.387164E-16
4023.07688891888  8.287673E-16
4024.55034494401  6.897471E-16
4026.02380096913  6.177778E-16
4027.49725699425  6.932991E-16
4028.97071301938  6.646486E-16
4030.4441690445  5.935512E-16
4031.91762506962  5.357397E-16
4033.39108109475  6.378649E-16
4034.86453711987  8.385542E-16
4036.33799314499  6.319979E-16
4037.81144917012  4.101223E-16
4039.28490519524  5.970241E-16
4040.75836122037  7.550110E-16
4042.23181724549  7.596636E-16
4043.70527327061  6.582494E-16
4045.17872929574  5.212496E-16
4046.65218532086  5.789434E-16
4048.12564134598  6.403762E-16
4049.59909737111  7.948829E-16
4051.07255339623  5.949033E-16
4052.54600942136  6.522639E-16
4054.01946544648  5.527220E-16
4055.4929214716  5.816270E-16
4056.96637749673  5.360667E-16
4058.43983352185  4.229926E-16
4059.91328954697  5.470273E-16
4061.3867455721  7.176521E-16
4062.86020159722  6.796313E-16
4064.33365762234  4.640072E-16
4065.80711364747  4.437937E-16
4067.28056967259  4.315971E-16
4068.75402569771  5.554810E-16
4070.22748172284  6.406649E-16
4071.70093774796  5.802551E-16
4073.17439377309  4.638858E-16
4074.64784979821  6.714627E-16
4076.12130582333  4.543956E-16
4077.59476184846  4.128254E-16
4079.06821787358  4.550372E-16
4080.5416738987  3.891216E-16
4082.01512992383  3.971982E-16
4083.48858594895  5.706422E-16
4084.96204197407  5.533056E-16
4086.4354979992  5.421105E-16
4087.90895402432  4.728395E-16
4089.38241004944  5.215208E-16
4090.85586607457  4.817073E-16
4092.32932209969  4.206856E-16
4093.80277812482  5.861042E-16
4095.27623414994  4.798410E-16
4096.74969017506  4.497088E-16
4098.22314620019  5.117053E-16
4099.69660222531  5.459977E-16
4101.17005825043  5.993749E-16
4102.64351427556  4.137673E-16
4104.11697030068  4.936134E-16
4105.5904263258  5.927786E-16
4107.06388235093  5.950567E-16
4108.53733837605  4.686024E-16
4110.01079440117  4.905011E-16
4111.4842504263  6.066474E-16
4112.95770645142  5.800994E-16
4114.43116247655  5.344448E-16
4115.90461850167  5.156516E-16
4117.37807452679  5.240370E-16
4118.85153055192  4.014615E-16
4120.32498657704  4.370351E-16
4121.79844260216  4.751997E-16
4123.27189862729  6.420804E-16
4124.74535465241  5.734013E-16
4126.21881067753  3.461955E-16
4127.69226670266  4.048884E-16
4129.16572272778  4.857687E-16
4130.63917875291  4.966790E-16
4132.11263477803  5.437134E-16
4133.58609080315  6.913153E-16
4135.05954682828  5.874000E-16
4136.5330028534  5.869360E-16
4138.00645887852  5.216742E-16
4139.47991490365  4.845110E-16
4140.95337092877  4.655965E-16
4142.42682695389  5.440239E-16
4143.90028297902  4.653710E-16
4145.37373900414  5.239738E-16
4146.84719502927  6.430067E-16
4148.32065105439  6.459420E-16
4149.79410707951  5.050825E-16
4151.26756310464  4.563169E-16
4152.74101912976  6.067487E-16
4154.21447515488  6.512583E-16
4155.68793118001  5.726180E-16
4157.16138720513  4.463384E-16
4158.63484323025  4.314032E-16
4160.10829925538  4.996297E-16
4161.5817552805  5.428328E-16
4163.05521130562  5.496152E-16
4164.52866733075  5.275723E-16
4166.00212335587  7.190435E-16
4167.475579381  6.511866E-16
4168.94903540612  4.251950E-16
4170.42249143124  2.174678E-16
4171.89594745637  6.286994E-16
4173.36940348149  7.238443E-16
4174.84285950661  4.220923E-16
4176.31631553174  4.622661E-16
4177.78977155686  6.265765E-16
4179.26322758198  6.706167E-16
4180.73668360711  7.458436E-16
4182.21013963223  7.939509E-16
4183.68359565735  6.019922E-16
4185.15705168248  5.049552E-16
4186.6305077076  6.379492E-16
4188.10396373273  7.010018E-16
4189.57741975785  5.959175E-16
4191.05087578297  5.083243E-16
4192.5243318081  5.387288E-16
4193.99778783322  5.011308E-16
4195.47124385834  5.485386E-16
4196.94469988347  6.026037E-16
4198.41815590859  6.330475E-16
4199.89161193371  5.524739E-16
4201.36506795884  2.794273E-16
4202.83852398396  5.015152E-16
4204.31198000909  6.094740E-16
4205.78543603421  7.440483E-16
4207.25889205933  6.560907E-16
4208.73234808446  5.021887E-16
4210.20580410958  4.341344E-16
4211.6792601347  6.331339E-16
4213.15271615983  6.842978E-16
4214.62617218495  6.858544E-16
4216.09962821008  5.587086E-16
4217.5730842352  6.243552E-16
4219.04654026032  8.200953E-16
4220.51999628545  7.250542E-16
4221.99345231057  6.170385E-16
4223.46690833569  4.971931E-16
4224.94036436082  6.838313E-16
4226.41382038594  7.477768E-16
4227.88727641106  7.529059E-16
4229.36073243619  8.812024E-16
4230.83418846131  7.364285E-16
4232.30764448643  7.214692E-16
4233.78110051156  4.646855E-16
4235.25455653668  5.197465E-16
4236.72801256181  7.140777E-16
4238.20146858693  6.519228E-16
4239.67492461205  7.404036E-16
4241.14838063718  7.298707E-16
4242.6218366623  6.305851E-16
4244.09529268742  6.630186E-16
4245.56874871255  8.123017E-16
4247.04220473767  6.575237E-16
4248.51566076279  7.079192E-16
4249.98911678792  8.322849E-16
4251.46257281304  7.269264E-16
4252.93602883817  8.088547E-16
4254.40948486329  7.852211E-16
4255.88294088841  6.744529E-16
4257.35639691354  6.967829E-16
4258.82985293866  6.629145E-16
4260.30330896378  5.345016E-16
4261.77676498891  5.172246E-16
4263.25022101403  6.470192E-16
4264.72367703915  7.047487E-16
4266.19713306428  6.104710E-16
4267.6705890894  6.499605E-16
4269.14404511452  6.222915E-16
4270.61750113965  7.168316E-16
4272.09095716477  6.496155E-16
4273.5644131899  5.751100E-16
4275.03786921502  5.129412E-16
4276.51132524014  6.379493E-16
4277.98478126527  6.971624E-16
4279.45823729039  6.554637E-16
4280.93169331551  7.155996E-16
4282.40514934064  8.231262E-16
4283.87860536576  6.757623E-16
4285.35206139088  7.164279E-16
4286.82551741601  7.585409E-16
4288.29897344113  5.385750E-16
4289.77242946626  5.889491E-16
4291.24588549138  7.521611E-16
4292.7193415165  7.860925E-16
4294.19279754163  6.992323E-16
4295.66625356675  6.060959E-16
4297.13970959187  6.286934E-16
4298.613165617  6.415679E-16
4300.08662164212  5.976317E-16
4301.56007766724  7.075613E-16
4303.03353369237  6.479502E-16
4304.50698971749  5.332942E-16
4305.98044574261  5.665531E-16
4307.45390176774  7.077176E-16
4308.92735779286  7.813098E-16
4310.40081381799  7.264445E-16
4311.87426984311  6.180972E-16
4313.34772586823  6.114670E-16
4314.82118189336  7.040109E-16
4316.29463791848  6.445066E-16
4317.7680939436  6.532944E-16
4319.24154996873  6.319152E-16
4320.71500599385  6.772309E-16
4322.18846201897  7.952049E-16
4323.6619180441  7.281931E-16
4325.13537406922  6.657597E-16
4326.60883009435  6.681546E-16
4328.08228611947  6.948699E-16
4329.55574214459  7.357795E-16
4331.02919816972  7.094249E-16
4332.50265419484  6.534981E-16
4333.97611021996  6.571668E-16
4335.44956624509  6.067660E-16
4336.92302227021  7.271285E-16
4338.39647829533  8.262044E-16
4339.86993432046  8.042224E-16
4341.34339034558  7.740221E-16
4342.8168463707  8.301412E-16
4344.29030239583  7.383687E-16
4345.76375842095  7.098648E-16
4347.23721444607  7.432400E-16
4348.7106704712  7.724562E-16
4350.18412649632  7.337393E-16
4351.65758252145  6.605626E-16
4353.13103854657  7.186539E-16
4354.60449457169  8.019926E-16
4356.07795059682  7.950116E-16
4357.55140662194  9.035274E-16
4359.02486264706  7.912691E-16
4360.49831867219  7.873475E-16
4361.97177469731  8.662203E-16
4363.44523072244  7.678503E-16
4364.91868674756  7.454901E-16
4366.39214277268  8.668791E-16
4367.86559879781  9.064632E-16
4369.33905482293  7.853334E-16
4370.81251084805  7.777501E-16
4372.28596687318  7.777030E-16
4373.7594228983  7.356741E-16
4375.23287892342  8.883829E-16
4376.70633494855  9.118416E-16
4378.17979097367  7.087844E-16
4379.65324699879  7.951912E-16
4381.12670302392  9.622591E-16
4382.60015904904  8.673325E-16
4384.07361507416  6.412561E-16
4385.54707109929  6.925202E-16
4387.02052712441  7.746927E-16
4388.49398314954  6.593168E-16
4389.96743917466  6.578691E-16
4391.44089519978  6.312431E-16
4392.91435122491  7.683305E-16
4394.38780725003  8.031683E-16
4395.86126327515  7.257097E-16
4397.33471930028  7.854632E-16
4398.8081753254  7.492372E-16
4400.28163135053  8.591998E-16
4401.75508737565  9.476982E-16
4403.22854340077  8.410112E-16
4404.7019994259  7.149910E-16
4406.17545545102  8.056937E-16
4407.64891147614  8.125038E-16
4409.12236750127  8.581683E-16
4410.59582352639  9.350471E-16
4412.06927955151  7.653399E-16
4413.54273557664  7.065359E-16
4415.01619160176  6.258062E-16
4416.48964762688  7.683901E-16
4417.96310365201  8.498476E-16
4419.43655967713  6.803835E-16
4420.91001570225  6.102546E-16
4422.38347172738  5.044809E-16
4423.8569277525  5.548152E-16
4425.33038377763  5.183995E-16
4426.80383980275  5.196239E-16
4428.27729582787  6.746140E-16
4429.750751853  5.905920E-16
4431.22420787812  6.581327E-16
4432.69766390324  6.734788E-16
4434.17111992837  5.519777E-16
4435.64457595349  4.535010E-16
4437.11803197862  4.390866E-16
4438.59148800374  5.669043E-16
4440.06494402886  5.297345E-16
4441.53840005398  5.693902E-16
4443.01185607911  6.180397E-16
4444.48531210423  6.932895E-16
4445.95876812936  4.920167E-16
4447.43222415448  4.216281E-16
4448.9056801796  4.897818E-16
4450.37913620473  5.057636E-16
4451.85259222985  4.313144E-16
4453.32604825497  5.490584E-16
4454.7995042801  4.941934E-16
4456.27296030522  6.066466E-16
4457.74641633034  5.963051E-16
4459.21987235547  4.350760E-16
4460.69332838059  4.806627E-16
4462.16678440572  5.221575E-16
4463.64024043084  5.961282E-16
4465.11369645596  5.553151E-16
4466.58715248109  4.489969E-16
4468.06060850621  4.279233E-16
4469.53406453133  4.999211E-16
4471.00752055646  5.714013E-16
4472.48097658158  6.035305E-16
4473.9544326067  5.610774E-16
4475.42788863183  5.213100E-16
4476.90134465695  6.398089E-16
4478.37480068208  6.273644E-16
4479.8482567072  4.331850E-16
4481.32171273232  3.474798E-16
4482.79516875745  3.527883E-16
4484.26862478257  5.132679E-16
4485.74208080769  5.273754E-16
4487.21553683282  5.022221E-16
4488.68899285794  6.789632E-16
4490.16244888306  5.677186E-16
4491.63590490819  4.055124E-16
4493.10936093331  5.279522E-16
4494.58281695843  5.719948E-16
4496.05627298356  4.314320E-16
4497.52972900868  5.046949E-16
4499.00318503381  5.709855E-16
4500.47664105893  5.535593E-16
4501.95009708405  5.032532E-16
4503.42355310918  6.005700E-16
4504.8970091343  6.825610E-16
4506.37046515942  5.058882E-16
4507.84392118455  3.842106E-16
4509.31737720967  5.156344E-16
4510.7908332348  4.046841E-16
4512.26428925992  3.462152E-16
4513.73774528504  5.362326E-16
4515.21120131016  4.408512E-16
4516.68465733529  4.228829E-16
4518.15811336041  5.376587E-16
4519.63156938554  5.486192E-16
4521.10502541066  5.733676E-16
4522.57848143578  6.302529E-16
4524.05193746091  6.130036E-16
4525.52539348603  6.407320E-16
4526.99884951115  5.957766E-16
4528.47230553628  6.294011E-16
4529.9457615614  5.198609E-16
4531.41921758652  5.608673E-16
4532.89267361165  6.974848E-16
4534.36612963677  6.764292E-16
4535.83958566189  5.323948E-16
4537.31304168702  4.546646E-16
4538.78649771214  5.456705E-16
4540.25995373727  6.622692E-16
4541.73340976239  6.873670E-16
4543.20686578751  7.484980E-16
4544.68032181264  6.997626E-16
4546.15377783776  7.136942E-16
4547.62723386288  7.884859E-16
4549.10068988801  5.915247E-16
4550.57414591313  5.324727E-16
4552.04760193825  6.130831E-16
4553.52105796338  6.512550E-16
4554.9945139885  5.781512E-16
4556.46797001363  7.358469E-16
4557.94142603875  8.321470E-16
4559.41488206387  6.580366E-16
4560.888338089  7.393153E-16
4562.36179411412  8.007883E-16
4563.83525013924  8.355354E-16
4565.30870616437  7.246552E-16
4566.78216218949  7.794190E-16
4568.25561821462  7.868416E-16
4569.72907423974  7.963510E-16
4571.20253026486  9.586405E-16
4572.67598628999  9.565798E-16
4574.14944231511  9.067617E-16
4575.62289834023  8.003854E-16
4577.09635436536  7.850307E-16
4578.56981039048  8.294728E-16
4580.0432664156  8.269448E-16
4581.51672244073  8.318728E-16
4582.99017846585  9.113116E-16
4584.46363449098  8.471164E-16
4585.9370905161  8.217665E-16
4587.41054654122  9.014954E-16
4588.88400256635  1.006949E-15
4590.35745859147  1.014368E-15
4591.83091461659  1.003584E-15
4593.30437064172  1.024729E-15
4594.77782666684  1.038274E-15
4596.25128269196  9.981285E-16
4597.72473871709  9.735488E-16
4599.19819474221  9.983255E-16
4600.67165076733  1.018944E-15
4602.14510679246  1.114977E-15
4603.61856281758  1.047004E-15
4605.09201884271  1.027089E-15
4606.56547486783  1.097073E-15
4608.03893089295  1.066345E-15
4609.51238691808  1.097715E-15
4610.9858429432  1.262057E-15
4612.45929896832  1.259718E-15
4613.93275499345  1.175037E-15
4615.40621101857  1.112543E-15
4616.87966704369  1.145475E-15
4618.35312306882  1.201733E-15
4619.82657909394  1.224563E-15
4621.30003511906  1.128271E-15
4622.77349114419  9.880153E-16
4624.24694716931  1.007825E-15
4625.72040319444  1.072632E-15
4627.19385921956  1.099591E-15
4628.66731524468  1.329507E-15
4630.14077126981  1.469559E-15
4631.61422729493  1.384347E-15
4633.08768332005  1.337798E-15
4634.56113934518  1.257973E-15
4636.0345953703  1.360097E-15
4637.50805139542  1.395662E-15
4638.98150742055  1.335732E-15
4640.45496344567  1.433370E-15
4641.92841947079  1.485176E-15
4643.40187549592  1.488130E-15
4644.87533152104  1.405088E-15
4646.34878754617  1.346096E-15
4647.82224357129  1.515513E-15
4649.29569959641  1.531760E-15
4650.76915562154  1.701797E-15
4652.24261164666  1.788975E-15
4653.71606767178  1.586669E-15
4655.18952369691  1.734794E-15
4656.66297972203  1.765127E-15
4658.13643574715  1.713579E-15
4659.60989177228  1.713712E-15
4661.0833477974  1.658549E-15
4662.55680382253  1.650243E-15
4664.03025984765  1.624949E-15
4665.50371587277  1.641306E-15
4666.9771718979  1.612328E-15
4668.45062792302  1.644007E-15
4669.92408394814  1.693785E-15
4671.39753997327  1.671242E-15
4672.87099599839  1.584788E-15
4674.34445202351  1.523089E-15
4675.81790804864  1.590671E-15
4677.29136407376  1.688661E-15
4678.76482009889  1.658180E-15
4680.23827612401  1.569709E-15
4681.71173214913  1.400603E-15
4683.18518817426  1.471707E-15
4684.65864419938  1.525929E-15
4686.1321002245  1.549448E-15
4687.60555624963  1.436125E-15
4689.07901227475  1.541468E-15
4690.55246829987  1.617910E-15
4692.025924325  1.533584E-15
4693.49938035012  1.452511E-15
4694.97283637524  1.438539E-15
4696.44629240037  1.401761E-15
4697.91974842549  1.428757E-15
4699.39320445062  1.400128E-15
4700.86666047574  1.360329E-15
4702.34011650086  1.387169E-15
4703.81357252599  1.392812E-15
4705.28702855111  1.317214E-15
4706.76048457623  1.383738E-15
4708.23394060136  1.410965E-15
4709.70739662648  1.250224E-15
4711.1808526516  1.245783E-15
4712.65430867673  1.207073E-15
4714.12776470185  1.216293E-15
4715.60122072697  1.192912E-15
4717.0746767521  1.327908E-15
4718.54813277722  1.339369E-15
4720.02158880235  1.208849E-15
4721.49504482747  1.188382E-15
4722.96850085259  1.207618E-15
4724.44195687772  1.206623E-15
4725.91541290284  1.166532E-15
4727.38886892796  1.216076E-15
4728.86232495309  1.162699E-15
4730.33578097821  1.296998E-15
4731.80923700333  1.439123E-15
4733.28269302846  1.316976E-15
4734.75614905358  1.186169E-15
4736.22960507871  1.252209E-15
4737.70306110383  1.209853E-15
4739.17651712895  1.150211E-15
4740.64997315408  1.175794E-15
4742.1234291792  1.089734E-15
4743.59688520432  1.012628E-15
4745.07034122945  1.073295E-15
4746.54379725457  1.084917E-15
4748.01725327969  1.004058E-15
4749.49070930482  1.040672E-15
4750.96416532994  9.670210E-16
4752.43762135506  9.509894E-16
4753.91107738019  8.899117E-16
4755.38453340531  9.200143E-16
4756.85798943044  1.112707E-15
4758.33144545556  9.048205E-16
4759.80490148068  8.139058E-16
4761.27835750581  9.033854E-16
4762.75181353093  9.467804E-16
4764.22526955605  8.349394E-16
4765.69872558118  8.991390E-16
4767.1721816063  1.038528E-15
4768.64563763142  9.283943E-16
4770.11909365655  7.649135E-16
4771.59254968167  8.428615E-16
4773.0660057068  8.095335E-16
4774.53946173192  8.321314E-16
4776.01291775704  8.699457E-16
4777.48637378217  9.254993E-16
4778.95982980729  8.125121E-16
4780.43328583241  6.432307E-16
4781.90674185754  7.468174E-16
4783.38019788266  8.937292E-16
4784.85365390778  8.139367E-16
4786.32710993291  8.214028E-16
4787.80056595803  8.094863E-16
4789.27402198315  7.227401E-16
4790.74747800828  8.161477E-16
4792.2209340334  6.734210E-16
4793.69439005853  6.178370E-16
4795.16784608365  7.950092E-16
4796.64130210877  8.902322E-16
4798.1147581339  7.716411E-16
4799.58821415902  6.919010E-16
4801.06167018414  7.100582E-16
4802.53512620927  6.585410E-16
4804.00858223439  5.719528E-16
4805.48203825951  6.801704E-16
4806.95549428464  7.576371E-16
4808.42895030976  7.665108E-16
4809.90240633488  6.830802E-16
4811.37586236001  5.635540E-16
4812.84931838513  6.893101E-16
4814.32277441026  7.795462E-16
4815.79623043538  7.506863E-16
4817.2696864605  7.470435E-16
4818.74314248563  6.301540E-16
4820.21659851075  6.060779E-16
4821.69005453587  6.818307E-16
4823.163510561  6.280028E-16
4824.63696658612  7.066508E-16
4826.11042261124  6.779026E-16
4827.58387863637  6.070874E-16
4829.05733466149  7.187789E-16
4830.53079068662  6.638718E-16
4832.00424671174  6.275134E-16
4833.47770273686  6.812617E-16
4834.95115876199  6.842676E-16
4836.42461478711  7.092565E-16
4837.89807081223  6.695905E-16
4839.37152683736  5.757876E-16
4840.84498286248  5.982902E-16
4842.3184388876  5.289945E-16
4843.79189491273  5.903198E-16
4845.26535093785  6.454845E-16
4846.73880696297  6.133781E-16
4848.2122629881  6.685257E-16
4849.68571901322  7.699720E-16
4851.15917503835  6.963868E-16
4852.63263106347  6.925440E-16
4854.10608708859  7.727440E-16
4855.57954311372  7.523469E-16
4857.05299913884  7.306319E-16
4858.52645516396  8.185743E-16
4859.99991118909  8.199648E-16
4861.47336721421  7.304726E-16
4862.94682323933  6.249642E-16
4864.42027926446  7.045242E-16
4865.89373528958  7.235520E-16
4867.36719131471  6.394696E-16
4868.84064733983  7.005901E-16
4870.31410336495  7.338216E-16
4871.78755939008  6.490861E-16
4873.2610154152  7.661817E-16
4874.73447144032  7.120198E-16
4876.20792746545  6.581384E-16
4877.68138349057  8.218206E-16
4879.15483951569  8.883490E-16
4880.62829554082  7.740918E-16
4882.10175156594  6.437760E-16
4883.57520759106  6.888043E-16
4885.04866361619  8.205885E-16
4886.52211964131  7.254727E-16
4887.99557566644  7.221145E-16
4889.46903169156  7.658662E-16
4890.94248771668  8.063814E-16
4892.41594374181  7.780522E-16
4893.88939976693  7.420454E-16
4895.36285579205  6.955688E-16
4896.83631181718  7.343627E-16
4898.3097678423  7.445038E-16
4899.78322386742  7.096476E-16
4901.25667989255  6.849264E-16
4902.73013591767  7.210345E-16
4904.2035919428  7.660077E-16
4905.67704796792  6.515997E-16
4907.15050399304  5.672449E-16
4908.62396001817  6.547660E-16
4910.09741604329  6.469928E-16
4911.57087206841  5.196273E-16
4913.04432809354  5.437802E-16
4914.51778411866  6.665642E-16
4915.99124014378  6.728200E-16
4917.46469616891  7.367394E-16
4918.93815219403  8.034967E-16
4920.41160821916  8.141655E-16
4921.88506424428  7.453035E-16
4923.3585202694  7.263992E-16
4924.83197629453  8.506885E-16
4926.30543231965  8.382560E-16
4927.77888834477  6.910735E-16
4929.2523443699  6.933551E-16
4930.72580039502  8.403421E-16
4932.19925642014  9.069288E-16
4933.67271244527  9.311483E-16
4935.14616847039  9.041977E-16
4936.61962449552  8.179285E-16
4938.09308052064  7.057389E-16
4939.56653654576  7.414836E-16
4941.03999257089  7.836715E-16
4942.51344859601  7.512072E-16
4943.98690462113  8.634318E-16
4945.46036064626  9.261767E-16
4946.93381667138  8.352947E-16
4948.4072726965  8.086863E-16
4949.88072872163  8.330340E-16
4951.35418474675  7.827999E-16
4952.82764077187  8.814305E-16
4954.301096797  9.172744E-16
4955.77455282212  8.580389E-16
4957.24800884725  8.768512E-16
4958.72146487237  9.627532E-16
4960.19492089749  8.956327E-16
4961.66837692262  8.252775E-16
4963.14183294774  9.006203E-16
4964.61528897286  9.649833E-16
4966.08874499799  9.146786E-16
4967.56220102311  9.101271E-16
4969.03565704823  1.021554E-15
4970.50911307336  1.089472E-15
4971.98256909848  1.085171E-15
4973.4560251236  1.134272E-15
4974.92948114873  1.187336E-15
4976.40293717385  1.225369E-15
4977.87639319898  1.213429E-15
4979.3498492241  1.155174E-15
4980.82330524922  1.113626E-15
4982.29676127435  1.134001E-15
4983.77021729947  1.246643E-15
4985.24367332459  1.263627E-15
4986.71712934972  1.293643E-15
4988.19058537484  1.375923E-15
4989.66404139996  1.401903E-15
4991.13749742509  1.384978E-15
4992.61095345021  1.378234E-15
4994.08440947534  1.400265E-15
4995.55786550046  1.419821E-15
4997.03132152558  1.439909E-15
4998.50477755071  1.493217E-15
4999.97823357583  1.499834E-15
5001.45168960095  1.445273E-15
5002.92514562608  1.447670E-15
5004.3986016512  1.377288E-15
5005.87205767632  1.223385E-15
5007.34551370145  1.232939E-15
5008.81896972657  1.288502E-15
5010.2924257517  1.275969E-15
5011.76588177682  1.236548E-15
5013.23933780194  1.296054E-15
5014.71279382707  1.342606E-15
5016.18624985219  1.324149E-15
5017.65970587731  1.325356E-15
5019.13316190244  1.410567E-15
5020.60661792756  1.349205E-15
5022.08007395268  1.266969E-15
5023.55352997781  1.296461E-15
5025.02698600293  1.248359E-15
5026.50044202806  1.232062E-15
5027.97389805318  1.233299E-15
5029.4473540783  1.198735E-15
5030.92081010343  1.051745E-15
5032.39426612855  1.056606E-15
5033.86772215367  1.175444E-15
5035.3411781788  1.120842E-15
5036.81463420392  9.965959E-16
5038.28809022904  9.450594E-16
5039.76154625417  9.951752E-16
5041.23500227929  1.002824E-15
5042.70845830442  9.718996E-16
5044.18191432954  1.017457E-15
5045.65537035466  9.663617E-16
5047.12882637979  8.351579E-16
5048.60228240491  7.872550E-16
5050.07573843003  7.509157E-16
5051.54919445516  6.193338E-16
5053.02265048028  5.711441E-16
5054.4961065054  4.313188E-16
5055.96956253053  2.870459E-16
5057.44301855565  2.707321E-16
5058.91647458077  2.236581E-16
5060.3899306059  2.988210E-16
5061.86338663102  4.619734E-16
5063.33684265614  5.353803E-16
5064.81029868127  7.716822E-16
5066.28375470639  7.791290E-16
5067.75721073152  7.763407E-16
5069.23066675664  8.399143E-16
5070.70412278176  8.425308E-16
5072.17757880689  7.176519E-16
5073.65103483201  6.305672E-16
5075.12449085713  6.818140E-16
5076.59794688226  7.132482E-16
5078.07140290738  7.182734E-16
5079.5448589325  7.124574E-16
5081.01831495763  7.286049E-16
5082.49177098275  7.497847E-16
5083.96522700788  7.301095E-16
5085.438683033  7.195588E-16
5086.91213905812  7.159443E-16
5088.38559508325  6.776078E-16
5089.85905110837  6.603144E-16
5091.33250713349  6.686836E-16
5092.80596315862  6.926581E-16
5094.27941918374  7.235934E-16
5095.75287520886  7.014698E-16
5097.22633123399  6.661336E-16
5098.69978725911  6.828661E-16
5100.17324328423  6.747740E-16
5101.64669930936  6.483636E-16
5103.12015533448  6.480147E-16
5104.59361135961  6.631698E-16
5106.06706738473  6.837058E-16
5107.54052340985  6.912237E-16
5109.01397943498  7.400677E-16
5110.4874354601  6.963071E-16
5111.96089148522  5.917726E-16
5113.43434751035  6.300618E-16
5114.90780353547  6.826356E-16
5116.38125956059  6.634091E-16
5117.85471558572  6.227534E-16
5119.32817161084  5.685662E-16
5120.80162763597  6.515319E-16
5122.27508366109  6.533823E-16
5123.74853968621  6.263205E-16
5125.22199571134  5.794184E-16
5126.69545173646  6.122283E-16
5128.16890776158  6.835554E-16
5129.64236378671  7.314501E-16
5131.11581981183  6.627222E-16
5132.58927583695  6.790863E-16
5134.06273186208  6.985007E-16
5135.5361878872  6.579361E-16
5137.00964391233  7.142216E-16
5138.48309993745  6.549552E-16
5139.95655596257  6.208226E-16
5141.4300119877  6.038189E-16
5142.90346801282  6.535044E-16
5144.37692403794  6.597839E-16
5145.85038006307  5.871341E-16
5147.32383608819  6.274091E-16
5148.79729211331  6.304585E-16
5150.27074813844  6.109127E-16
5151.74420416356  6.763069E-16
5153.21766018868  6.138725E-16
5154.69111621381  6.126158E-16
5156.16457223893  6.898903E-16
5157.63802826405  6.841985E-16
5159.11148428918  6.311220E-16
5160.5849403143  5.735846E-16
5162.05839633943  6.103625E-16
5163.53185236455  6.079211E-16
5165.00530838967  6.215731E-16
5166.4787644148  7.070770E-16
5167.95222043992  6.725186E-16
5169.42567646504  6.396256E-16
5170.89913249017  6.650081E-16
5172.37258851529  6.993861E-16
5173.84604454041  7.499884E-16
5175.31950056554  6.966047E-16
5176.79295659066  6.667223E-16
5178.26641261579  6.826914E-16
5179.73986864091  6.568309E-16
5181.21332466603  6.529524E-16
5182.68678069116  6.457274E-16
5184.16023671628  6.592979E-16
5185.6336927414  6.741670E-16
5187.10714876653  5.892722E-16
5188.58060479165  5.349059E-16
5190.05406081677  5.487831E-16
5191.5275168419  5.954710E-16
5193.00097286702  6.088948E-16
5194.47442889214  6.111962E-16
5195.94788491727  6.393309E-16
5197.42134094239  5.456184E-16
5198.89479696752  5.359002E-16
5200.36825299264  6.484913E-16
5201.84170901776  6.455797E-16
5203.31516504289  6.353134E-16
5204.78862106801  6.288005E-16
5206.26207709313  5.516668E-16
5207.73553311826  4.842179E-16
5209.20898914338  5.796847E-16
5210.6824451685  6.980032E-16
5212.15590119363  6.275662E-16
5213.62935721875  5.560449E-16
5215.10281324388  6.121287E-16
5216.576269269  6.900103E-16
5218.04972529412  6.099073E-16
5219.52318131925  5.889687E-16
5220.99663734437  5.996652E-16
5222.47009336949  6.127821E-16
5223.94354939462  5.636492E-16
5225.41700541974  5.918134E-16
5226.89046144486  5.731191E-16
5228.36391746999  6.275369E-16
5229.83737349511  6.078613E-16
5231.31082952024  5.702841E-16
5232.78428554536  6.855762E-16
5234.25774157048  7.110892E-16
5235.73119759561  7.091871E-16
5237.20465362073  6.911077E-16
5238.67810964585  7.670213E-16
5240.15156567098  7.585977E-16
5241.6250216961  7.054062E-16
5243.09847772122  6.878877E-16
5244.57193374635  6.651798E-16
5246.04538977147  7.660732E-16
5247.51884579659  7.439870E-16
5248.99230182172  8.171772E-16
5250.46575784684  7.166826E-16
5251.93921387197  7.343761E-16
5253.41266989709  7.317665E-16
5254.88612592221  8.434615E-16
5256.35958194734  8.463013E-16
5257.83303797246  7.780321E-16
5259.30649399758  7.176010E-16
5260.77995002271  7.530970E-16
5262.25340604783  7.276678E-16
5263.72686207295  7.507934E-16
5265.20031809808  7.338370E-16
5266.6737741232  7.592033E-16
5268.14723014833  8.061919E-16
5269.62068617345  7.387355E-16
5271.09414219857  6.806488E-16
5272.5675982237  7.365793E-16
5274.04105424882  7.951728E-16
5275.51451027394  7.810727E-16
5276.98796629907  8.019879E-16
5278.46142232419  7.873000E-16
5279.93487834931  7.823493E-16
5281.40833437444  8.320516E-16
5282.88179039956  8.035226E-16
5284.35524642469  8.490109E-16
5285.82870244981  8.636707E-16
5287.30215847493  8.141757E-16
5288.77561450006  8.301314E-16
5290.24907052518  7.935343E-16
5291.7225265503  8.420480E-16
5293.19598257543  9.004223E-16
5294.66943860055  8.958789E-16
5296.14289462567  8.970025E-16
5297.6163506508  9.128570E-16
5299.08980667592  9.432976E-16
5300.56326270105  8.944736E-16
5302.03671872617  9.438869E-16
5303.51017475129  9.258415E-16
5304.98363077642  9.215060E-16
5306.45708680154  9.751090E-16
5307.93054282666  9.804443E-16
5309.40399885179  9.194812E-16
5310.87745487691  9.569166E-16
5312.35091090203  1.054205E-15
5313.82436692716  1.010553E-15
5315.29782295228  1.043560E-15
5316.7712789774  1.028634E-15
5318.24473500253  1.078352E-15
5319.71819102765  1.020984E-15
5321.19164705278  1.031336E-15
5322.6651030779  1.090720E-15
5324.13855910302  1.084422E-15
5325.61201512815  1.025723E-15
5327.08547115327  9.957788E-16
5328.55892717839  1.113449E-15
5330.03238320352  1.108930E-15
5331.50583922864  1.126465E-15
5332.97929525376  1.217850E-15
5334.45275127889  1.220956E-15
5335.92620730401  1.120280E-15
5337.39966332914  1.111284E-15
5338.87311935426  1.130461E-15
5340.34657537938  1.214978E-15
5341.82003140451  1.163826E-15
5343.29348742963  1.158244E-15
5344.76694345475  1.131951E-15
5346.24039947988  1.170885E-15
5347.713855505  1.203390E-15
5349.18731153012  1.159373E-15
5350.66076755525  1.142342E-15
5352.13422358037  1.148864E-15
5353.60767960549  1.158232E-15
5355.08113563062  1.164799E-15
5356.55459165574  1.196587E-15
5358.02804768087  1.240861E-15
5359.50150370599  1.261711E-15
5360.97495973111  1.216116E-15
5362.44841575624  1.148859E-15
5363.92187178136  1.133598E-15
5365.39532780648  1.185652E-15
5366.86878383161  1.171273E-15
5368.34223985673  1.129938E-15
5369.81569588185  1.164970E-15
5371.28915190698  1.139153E-15
5372.7626079321  1.076592E-15
5374.23606395723  1.130459E-15
5375.70951998235  1.169694E-15
5377.18297600747  1.131597E-15
5378.6564320326  1.108296E-15
5380.12988805772  1.054866E-15
5381.60334408284  1.145852E-15
5383.07680010797  1.188893E-15
5384.55025613309  1.249996E-15
5386.02371215821  1.226095E-15
5387.49716818334  1.164458E-15
5388.97062420846  1.211081E-15
5390.44408023358  1.240722E-15
5391.91753625871  1.175152E-15
5393.39099228383  1.227696E-15
5394.86444830896  1.232298E-15
5396.33790433408  1.258291E-15
5397.8113603592  1.240914E-15
5399.28481638433  1.303259E-15
5400.75827240945  1.332587E-15
5402.23172843457  1.253804E-15
5403.7051844597  1.277606E-15
5405.17864048482  1.336555E-15
5406.65209650994  1.340378E-15
5408.12555253507  1.286999E-15
5409.59900856019  1.263037E-15
5411.07246458532  1.323046E-15
5412.54592061044  1.354349E-15
5414.01937663556  1.339118E-15
5415.49283266068  1.306156E-15
5416.96628868581  1.317350E-15
5418.43974471093  1.317018E-15
5419.91320073606  1.342550E-15
5421.38665676118  1.436408E-15
5422.8601127863  1.359236E-15
5424.33356881143  1.372877E-15
5425.80702483655  1.379018E-15
5427.28048086167  1.384589E-15
5428.7539368868  1.418632E-15
5430.22739291192  1.445205E-15
5431.70084893705  1.444904E-15
5433.17430496217  1.329439E-15
5434.64776098729  1.290245E-15
5436.12121701242  1.296689E-15
5437.59467303754  1.255964E-15
5439.06812906266  1.245525E-15
5440.54158508779  1.291913E-15
5442.01504111291  1.253620E-15
5443.48849713803  1.176368E-15
5444.96195316316  1.219717E-15
5446.43540918828  1.229558E-15
5447.90886521341  1.186269E-15
5449.38232123853  1.198578E-15
5450.85577726365  1.227193E-15
5452.32923328878  1.206419E-15
5453.8026893139  1.137738E-15
5455.27614533902  1.106553E-15
5456.74960136415  1.160437E-15
5458.22305738927  1.174677E-15
5459.69651341439  1.130300E-15
5461.16996943952  1.168967E-15
5462.64342546464  1.194639E-15
5464.11688148976  1.205693E-15
5465.59033751489  1.246490E-15
5467.06379354001  1.251030E-15
5468.53724956514  1.228756E-15
5470.01070559026  1.186334E-15
5471.48416161538  1.165367E-15
5472.95761764051  1.136256E-15
5474.43107366563  1.124048E-15
5475.90452969075  1.166217E-15
5477.37798571588  1.238864E-15
5478.851441741  1.241521E-15
5480.32489776612  1.180341E-15
5481.79835379125  1.246383E-15
5483.27180981637  1.253563E-15
5484.7452658415  1.235020E-15
5486.21872186662  1.253007E-15
5487.69217789174  1.260028E-15
5489.16563391687  1.255528E-15
5490.63908994199  1.329236E-15
5492.11254596711  1.235236E-15
5493.58600199224  1.246060E-15
5495.05945801736  1.322755E-15
5496.53291404248  1.330332E-15
5498.00637006761  1.291507E-15
5499.47982609273  1.313605E-15
5500.95328211785  1.401624E-15
5502.42673814298  1.395820E-15
5503.9001941681  1.386896E-15
5505.37365019323  1.417499E-15
5506.84710621835  1.500846E-15
5508.32056224347  1.528334E-15
5509.7940182686  1.484841E-15
5511.26747429372  1.556828E-15
5512.74093031884  1.663852E-15
5514.21438634397  1.625774E-15
5515.68784236909  1.582533E-15
5517.16129839421  1.672167E-15
5518.63475441934  1.698981E-15
5520.10821044446  1.639293E-15
5521.58166646959  1.704681E-15
5523.05512249471  1.752023E-15
5524.52857851983  1.717271E-15
5526.00203454496  1.740924E-15
5527.47549057008  1.813438E-15
5528.9489465952  1.836575E-15
5530.42240262033  1.842945E-15
5531.89585864545  1.871259E-15
5533.36931467057  1.908099E-15
5534.8427706957  1.885793E-15
5536.31622672082  1.834560E-15
5537.78968274594  1.893420E-15
5539.26313877107  1.908022E-15
5540.73659479619  1.904851E-15
5542.21005082132  1.901347E-15
5543.68350684644  1.870994E-15
5545.15696287156  1.824127E-15
5546.63041889669  1.860086E-15
5548.10387492181  1.864057E-15
5549.57733094693  1.796469E-15
5551.05078697206  1.866505E-15
5552.52424299718  1.925175E-15
5553.9976990223  1.866605E-15
5555.47115504743  1.901585E-15
5556.94461107255  1.947612E-15
5558.41806709768  1.896071E-15
5559.8915231228  1.888446E-15
5561.36497914792  1.897253E-15
5562.83843517304  1.894671E-15
5564.31189119817  1.898459E-15
5565.78534722329  1.860280E-15
5567.25880324842  1.881158E-15
5568.73225927354  1.828265E-15
5570.20571529866  1.856141E-15
5571.67917132379  1.939166E-15
5573.15262734891  1.742010E-15
5574.62608337403  1.697660E-15
5576.09953939916  1.915396E-15
5577.57299542428  2.003725E-15
5579.04645144941  1.935880E-15
5580.51990747453  1.885880E-15
5581.99336349965  1.864175E-15
5583.46681952478  1.881324E-15
5584.9402755499  1.855696E-15
5586.41373157502  1.802429E-15
5587.88718760015  1.866179E-15
5589.36064362527  1.911802E-15
5590.83409965039  1.802026E-15
5592.30755567552  1.742977E-15
5593.78101170064  1.764491E-15
5595.25446772576  1.763854E-15
5596.72792375089  1.796914E-15
5598.20137977601  1.743414E-15
5599.67483580113  1.723436E-15
5601.14829182626  1.822831E-15
5602.62174785138  1.766874E-15
5604.09520387651  1.697993E-15
5605.56865990163  1.718185E-15
5607.04211592675  1.738206E-15
5608.51557195188  1.664533E-15
5609.989027977  1.706643E-15
5611.46248400212  1.739393E-15
5612.93594002725  1.708119E-15
5614.40939605237  1.652934E-15
5615.8828520775  1.571695E-15
5617.35630810262  1.555555E-15
5618.82976412774  1.658570E-15
5620.30322015287  1.711376E-15
5621.77667617799  1.650309E-15
5623.25013220311  1.623726E-15
5624.72358822824  1.627749E-15
5626.19704425336  1.612739E-15
5627.67050027848  1.610608E-15
5629.14395630361  1.651619E-15
5630.61741232873  1.665807E-15
5632.09086835385  1.670708E-15
5633.56432437898  1.616641E-15
5635.0377804041  1.598280E-15
5636.51123642923  1.651270E-15
5637.98469245435  1.655865E-15
5639.45814847947  1.608380E-15
5640.9316045046  1.579195E-15
5642.40506052972  1.596204E-15
5643.87851655484  1.535543E-15
5645.35197257997  1.538789E-15
5646.82542860509  1.587212E-15
5648.29888463022  1.582090E-15
5649.77234065534  1.552671E-15
5651.24579668046  1.535163E-15
5652.71925270559  1.613008E-15
5654.19270873071  1.572080E-15
5655.66616475583  1.581411E-15
5657.13962078096  1.531665E-15
5658.61307680608  1.564040E-15
5660.0865328312  1.497134E-15
5661.55998885633  1.557656E-15
5663.03344488145  1.550636E-15
5664.50690090657  1.454854E-15
5665.9803569317  1.505022E-15
5667.45381295682  1.557406E-15
5668.92726898195  1.537738E-15
5670.40072500707  1.534873E-15
5671.87418103219  1.557285E-15
5673.34763705732  1.535038E-15
5674.82109308244  1.467894E-15
5676.29454910756  1.463607E-15
5677.76800513269  1.453054E-15
5679.24146115781  1.416831E-15
5680.71491718293  1.452643E-15
5682.18837320806  1.425059E-15
5683.66182923318  1.420233E-15
5685.13528525831  1.434202E-15
5686.60874128343  1.452881E-15
5688.08219730855  1.512148E-15
5689.55565333368  1.555536E-15
5691.0291093588  1.472942E-15
5692.50256538392  1.427087E-15
5693.97602140905  1.330049E-15
5695.44947743417  1.306485E-15
5696.92293345929  1.400527E-15
5698.39638948442  1.457168E-15
5699.86984550954  1.425464E-15
5701.34330153467  1.355732E-15
5702.81675755979  1.325729E-15
5704.29021358491  1.368126E-15
5705.76366961004  1.332177E-15
5707.23712563516  1.237218E-15
5708.71058166028  1.272343E-15
5710.18403768541  1.329521E-15
5711.65749371053  1.259905E-15
5713.13094973565  1.242628E-15
5714.60440576078  1.318136E-15
5716.0778617859  1.327039E-15
5717.55131781102  1.343758E-15
5719.02477383615  1.346156E-15
5720.49822986127  1.349482E-15
5721.9716858864  1.332897E-15
5723.44514191152  1.306953E-15
5724.91859793664  1.298077E-15
5726.39205396177  1.280967E-15
5727.86550998689  1.314952E-15
5729.33896601201  1.313062E-15
5730.81242203714  1.290147E-15
5732.28587806226  1.390570E-15
5733.75933408738  1.377671E-15
5735.23279011251  1.279371E-15
5736.70624613763  1.259901E-15
5738.17970216276  1.290951E-15
5739.65315818788  1.260481E-15
5741.126614213  1.226157E-15
5742.60007023812  1.219036E-15
5744.07352626325  1.231488E-15
5745.54698228837  1.257947E-15
5747.0204383135  1.191775E-15
5748.49389433862  1.179104E-15
5749.96735036374  1.258125E-15
5751.44080638887  1.239148E-15
5752.91426241399  1.206769E-15
5754.38771843911  1.196206E-15
5755.86117446424  1.199307E-15
5757.33463048936  1.161052E-15
5758.80808651448  1.141826E-15
5760.28154253961  1.156407E-15
5761.75499856473  1.117092E-15
5763.22845458986  1.073856E-15
5764.70191061498  1.066351E-15
5766.1753666401  1.128352E-15
5767.64882266523  1.148893E-15
5769.12227869035  1.128640E-15
5770.59573471547  1.139478E-15
5772.0691907406  1.131561E-15
5773.54264676572  1.125865E-15
5775.01610279084  1.079986E-15
5776.48955881597  1.052261E-15
5777.96301484109  1.107798E-15
5779.43647086621  1.101757E-15
5780.90992689134  1.132926E-15
5782.38338291646  1.141216E-15
5783.85683894159  1.053785E-15
5785.33029496671  1.068852E-15
5786.80375099183  1.076100E-15
5788.27720701696  1.065864E-15
5789.75066304208  1.143937E-15
5791.2241190672  1.097293E-15
5792.69757509233  1.072130E-15
5794.17103111745  1.105669E-15
5795.64448714258  1.075259E-15
5797.1179431677  1.097736E-15
5798.59139919282  1.140667E-15
5800.06485521795  1.140036E-15
5801.53831124307  1.112802E-15
5803.01176726819  1.155974E-15
5804.48522329332  1.208217E-15
5805.95867931844  1.224785E-15
5807.43213534356  1.243739E-15
5808.90559136869  1.226826E-15
5810.37904739381  1.242829E-15
5811.85250341893  1.290455E-15
5813.32595944406  1.303948E-15
5814.79941546918  1.319233E-15
5816.2728714943  1.273043E-15
5817.74632751943  1.298040E-15
5819.21978354455  1.323800E-15
5820.69323956968  1.334264E-15
5822.1666955948  1.327725E-15
5823.64015161992  1.263093E-15
5825.11360764505  1.289764E-15
5826.58706367017  1.291062E-15
5828.06051969529  1.308631E-15
5829.53397572042  1.345313E-15
5831.00743174554  1.371836E-15
5832.48088777067  1.402180E-15
5833.95434379579  1.437861E-15
5835.42779982091  1.428441E-15
5836.90125584604  1.413486E-15
5838.37471187116  1.435443E-15
5839.84816789628  1.480485E-15
5841.32162392141  1.516799E-15
5842.79507994653  1.451896E-15
5844.26853597165  1.441842E-15
5845.74199199678  1.516848E-15
5847.2154480219  1.486673E-15
5848.68890404702  1.499036E-15
5850.16236007215  1.512061E-15
5851.63581609727  1.509160E-15
5853.10927212239  1.565035E-15
5854.58272814752  1.585952E-15
5856.05618417264  1.540122E-15
5857.52964019777  1.541996E-15
5859.00309622289  1.598500E-15
5860.47655224801  1.619447E-15
5861.95000827314  1.590754E-15
5863.42346429826  1.543684E-15
5864.89692032338  1.520246E-15
5866.37037634851  1.529779E-15
5867.84383237363  1.520982E-15
5869.31728839875  1.529205E-15
5870.79074442388  1.624654E-15
5872.264200449  1.676717E-15
5873.73765647413  1.610470E-15
5875.21111249925  1.566792E-15
5876.68456852437  1.559499E-15
5878.1580245495  1.580104E-15
5879.63148057462  1.532076E-15
5881.10493659974  1.510528E-15
5882.57839262487  1.453879E-15
5884.05184864999  1.442787E-15
5885.52530467511  1.460143E-15
5886.99876070024  1.403076E-15
5888.47221672536  1.377917E-15
5889.94567275048  1.427058E-15
5891.41912877561  1.388825E-15
5892.89258480073  1.363801E-15
5894.36604082586  1.458771E-15
5895.83949685098  1.458604E-15
5897.3129528761  1.324649E-15
5898.78640890123  1.289675E-15
5900.25986492635  1.315465E-15
5901.73332095147  1.277966E-15
5903.2067769766  1.288107E-15
5904.68023300172  1.251909E-15
5906.15368902684  1.305983E-15
5907.62714505197  1.330053E-15
5909.10060107709  1.403115E-15
5910.57405710222  1.384654E-15
5912.04751312734  1.318603E-15
5913.52096915246  1.288224E-15
5914.99442517759  1.202190E-15
5916.46788120271  1.249459E-15
5917.94133722783  1.245758E-15
5919.41479325296  1.188317E-15
5920.88824927808  1.230893E-15
5922.3617053032  1.268072E-15
5923.83516132833  1.246673E-15
5925.30861735345  1.238005E-15
5926.78207337857  1.255913E-15
5928.2555294037  1.246791E-15
5929.72898542882  1.224521E-15
5931.20244145395  1.222055E-15
5932.67589747907  1.226820E-15
5934.14935350419  1.233752E-15
5935.62280952932  1.197831E-15
5937.09626555444  1.182017E-15
5938.56972157956  1.153259E-15
5940.04317760469  1.108738E-15
5941.51663362981  1.095641E-15
5942.99008965493  1.147050E-15
5944.46354568006  1.208561E-15
5945.93700170518  1.201801E-15
5947.4104577303  1.139267E-15
5948.88391375543  1.115967E-15
5950.35736978055  1.136784E-15
5951.83082580568  1.168378E-15
5953.3042818308  1.182059E-15
5954.77773785592  1.155294E-15
5956.25119388105  1.132932E-15
5957.72464990617  1.131967E-15
5959.19810593129  1.216193E-15
5960.67156195642  1.223679E-15
5962.14501798154  1.176516E-15
5963.61847400666  1.173277E-15
5965.09193003179  1.150595E-15
5966.56538605691  1.227898E-15
5968.03884208204  1.156353E-15
5969.51229810716  1.146598E-15
5970.98575413228  1.204956E-15
5972.45921015741  1.221080E-15
5973.93266618253  1.188796E-15
5975.40612220765  1.176822E-15
5976.87957823278  1.234177E-15
5978.3530342579  1.225007E-15
5979.82649028303  1.157056E-15
5981.29994630815  1.155837E-15
5982.77340233327  1.187394E-15
5984.2468583584  1.254556E-15
5985.72031438352  1.214101E-15
5987.19377040864  1.162686E-15
5988.66722643377  1.154376E-15
5990.14068245889  1.147688E-15
5991.61413848401  1.142283E-15
5993.08759450914  1.177588E-15
5994.56105053426  1.198048E-15
5996.03450655938  1.156079E-15
5997.50796258451  1.106801E-15
5998.98141860963  1.139263E-15
6000.45487463475  1.197800E-15
6001.92833065988  1.176419E-15
6003.401786685  1.156230E-15
6004.87524271013  1.170269E-15
6006.34869873525  1.130195E-15
6007.82215476037  1.068093E-15
6009.2956107855  1.031665E-15
6010.76906681062  1.060990E-15
6012.24252283574  1.118530E-15
6013.71597886087  1.137971E-15
6015.18943488599  1.102930E-15
6016.66289091111  1.112980E-15
6018.13634693624  1.081087E-15
6019.60980296136  1.071109E-15
6021.08325898649  1.043934E-15
6022.55671501161  1.020063E-15
6024.03017103673  1.025369E-15
6025.50362706186  1.083830E-15
6026.97708308698  1.065250E-15
6028.4505391121  9.890664E-16
6029.92399513723  9.824008E-16
6031.39745116235  9.916150E-16
6032.87090718747  9.839937E-16
6034.3443632126  9.361882E-16
6035.81781923772  9.074861E-16
6037.29127526284  9.665048E-16
6038.76473128797  9.784432E-16
6040.23818731309  9.426922E-16
6041.71164333822  9.344302E-16
6043.18509936334  9.364039E-16
6044.65855538846  9.977134E-16
6046.13201141359  1.011674E-15
6047.60546743871  9.481390E-16
6049.07892346383  9.334150E-16
6050.55237948896  9.115688E-16
6052.02583551408  8.979441E-16
6053.4992915392  8.791047E-16
6054.97274756433  8.566439E-16
6056.44620358945  8.625590E-16
6057.91965961458  8.265624E-16
6059.3931156397  8.394465E-16
6060.86657166482  8.458613E-16
6062.34002768995  7.858955E-16
6063.81348371507  7.966560E-16
6065.28693974019  8.354838E-16
6066.76039576532  8.161975E-16
6068.23385179044  8.150843E-16
6069.70730781556  8.782315E-16
6071.18076384069  8.441921E-16
6072.65421986581  7.946494E-16
6074.12767589093  7.955381E-16
6075.60113191606  7.969310E-16
6077.07458794118  7.516082E-16
6078.54804396631  7.458311E-16
6080.02149999143  7.878440E-16
6081.49495601655  7.869391E-16
6082.96841204168  7.771404E-16
6084.4418680668  7.632189E-16
6085.91532409192  7.931111E-16
6087.38878011705  8.038630E-16
6088.86223614217  7.478980E-16
6090.33569216729  7.730806E-16
6091.80914819242  8.163537E-16
6093.28260421754  8.059491E-16
6094.75606024266  7.585597E-16
6096.22951626779  7.046753E-16
6097.70297229291  7.784132E-16
6099.17642831804  8.183766E-16
6100.64988434316  7.553172E-16
6102.12334036828  7.581014E-16
6103.59679639341  7.815022E-16
6105.07025241853  7.649083E-16
6106.54370844365  7.639242E-16
6108.01716446878  7.663444E-16
6109.4906204939  7.855590E-16
6110.96407651902  7.706151E-16
6112.43753254415  8.187277E-16
6113.91098856927  8.076497E-16
6115.3844445944  7.858685E-16
6116.85790061952  8.394037E-16
6118.33135664464  8.708012E-16
6119.80481266977  8.894297E-16
6121.27826869489  9.463599E-16
6122.75172472001  9.119091E-16
6124.22518074514  8.822059E-16
6125.69863677026  8.863556E-16
6127.17209279538  8.740362E-16
6128.64554882051  8.713658E-16
6130.11900484563  8.475166E-16
6131.59246087075  8.217744E-16
6133.06591689588  8.008674E-16
6134.539372921  8.533708E-16
6136.01282894613  8.765577E-16
6137.48628497125  8.956806E-16
6138.95974099637  8.572727E-16
6140.4331970215  8.029937E-16
6141.90665304662  8.002079E-16
6143.38010907174  8.229241E-16
6144.85356509687  8.121528E-16
6146.32702112199  7.589419E-16
6147.80047714711  8.047152E-16
6149.27393317224  8.078193E-16
6150.74738919736  7.702738E-16
6152.22084522249  8.463998E-16
6153.69430124761  8.438267E-16
6155.16775727273  7.462162E-16
6156.64121329786  7.015146E-16
6158.11466932298  7.786685E-16
6159.5881253481  7.979558E-16
6161.06158137323  7.407120E-16
6162.53503739835  7.650171E-16
6164.00849342347  7.811925E-16
6165.4819494486  7.557127E-16
6166.95540547372  7.271500E-16
6168.42886149885  7.113981E-16
6169.90231752397  7.375917E-16
6171.37577354909  7.796338E-16
6172.84922957422  7.399772E-16
6174.32268559934  6.894262E-16
6175.79614162446  7.086411E-16
6177.26959764959  6.847245E-16
6178.74305367471  6.589113E-16
6180.21650969983  7.108921E-16
6181.68996572496  7.503744E-16
6183.16342175008  7.540706E-16
6184.6368777752  7.244656E-16
6186.11033380033  7.055465E-16
6187.58378982545  6.926974E-16
6189.05724585057  7.329365E-16
6190.5307018757  7.465207E-16
6192.00415790082  7.421803E-16
6193.47761392595  7.797385E-16
6194.95106995107  8.064595E-16
6196.42452597619  7.659155E-16
6197.89798200132  7.516362E-16
6199.37143802644  8.173406E-16
6200.84489405156  8.019516E-16
6202.31835007669  7.195792E-16
6203.79180610181  7.462225E-16
6205.26526212693  7.677256E-16
6206.73871815206  7.547174E-16
6208.21217417718  7.201559E-16
6209.68563020231  7.356544E-16
6211.15908622743  7.804919E-16
6212.63254225255  7.792894E-16
6214.10599827768  7.801440E-16
6215.5794543028  8.079811E-16
6217.05291032792  8.530466E-16
6218.52636635305  9.296315E-16
6219.99982237817  9.382619E-16
6221.47327840329  8.691600E-16
6222.94673442842  8.631378E-16
6224.42019045354  8.741594E-16
6225.89364647866  9.164625E-16
6227.36710250379  9.421345E-16
6228.84055852891  9.413978E-16
6230.31401455404  9.572722E-16
6231.78747057916  9.453437E-16
6233.26092660428  9.543734E-16
6234.73438262941  9.417941E-16
6236.20783865453  8.773884E-16
6237.68129467965  9.600275E-16
6239.15475070478  1.019967E-15
6240.6282067299  1.008717E-15
6242.10166275502  1.043735E-15
6243.57511878015  1.011228E-15
6245.04857480527  1.006624E-15
6246.5220308304  9.769386E-16
6247.99548685552  9.669090E-16
6249.46894288064  9.937627E-16
6250.94239890577  9.745856E-16
6252.41585493089  9.941530E-16
6253.88931095601  1.036158E-15
6255.36276698114  1.049206E-15
6256.83622300626  9.782117E-16
6258.30967903138  9.545510E-16
6259.78313505651  1.044620E-15
6261.25659108163  1.051965E-15
6262.73004710676  9.577814E-16
6264.20350313188  9.679099E-16
6265.676959157  1.027800E-15
6267.15041518213  1.004557E-15
6268.62387120725  9.885773E-16
6270.09732723237  9.796455E-16
6271.5707832575  9.916583E-16
6273.04423928262  9.653641E-16
6274.51769530774  9.069824E-16
6275.99115133287  9.438692E-16
6277.46460735799  9.467304E-16
6278.93806338311  9.580026E-16
6280.41151940824  9.629785E-16
6281.88497543336  9.771719E-16
6283.35843145849  9.915696E-16
6284.83188748361  9.817280E-16
6286.30534350873  9.796616E-16
6287.77879953386  9.412356E-16
6289.25225555898  9.568783E-16
6290.7257115841  9.928869E-16
6292.19916760923  1.006690E-15
6293.67262363435  9.189496E-16
6295.14607965947  8.719617E-16
6296.6195356846  8.590414E-16
6298.09299170972  8.983731E-16
6299.56644773485  9.566891E-16
6301.03990375997  8.626486E-16
6302.51335978509  8.476429E-16
6303.98681581022  9.078708E-16
6305.46027183534  9.322209E-16
6306.93372786046  1.016155E-15
6308.40718388559  9.978629E-16
6309.88063991071  9.261975E-16
6311.35409593583  8.722077E-16
6312.82755196096  8.549078E-16
6314.30100798608  8.336407E-16
6315.7744640112  7.867348E-16
6317.24792003633  8.191984E-16
6318.72137606145  8.481990E-16
6320.19483208657  8.622054E-16
6321.6682881117  8.384318E-16
6323.14174413682  8.204801E-16
6324.61520016195  8.168029E-16
6326.08865618707  7.941601E-16
6327.56211221219  7.646459E-16
6329.03556823732  7.484635E-16
6330.50902426244  7.890406E-16
6331.98248028756  7.952123E-16
6333.45593631269  7.751372E-16
6334.92939233781  7.417486E-16
6336.40284836293  7.045393E-16
6337.87630438806  7.103412E-16
6339.34976041318  7.371449E-16
6340.82321643831  7.541327E-16
6342.29667246343  7.354619E-16
6343.77012848855  7.152938E-16
6345.24358451368  7.227433E-16
6346.7170405388  6.696909E-16
6348.19049656392  6.204055E-16
6349.66395258905  6.693868E-16
6351.13740861417  6.563479E-16
6352.61086463929  6.598740E-16
6354.08432066442  6.738272E-16
6355.55777668954  7.226227E-16
6357.03123271467  7.432121E-16
6358.50468873979  6.446389E-16
6359.97814476491  5.834169E-16
6361.45160079004  6.407869E-16
6362.92505681516  6.935092E-16
6364.39851284028  6.020105E-16
6365.87196886541  5.532852E-16
6367.34542489053  6.459056E-16
6368.81888091565  6.959975E-16
6370.29233694078  7.101424E-16
6371.7657929659  6.719594E-16
6373.23924899103  6.234769E-16
6374.71270501615  6.194635E-16
6376.18616104127  6.576382E-16
6377.6596170664  6.669493E-16
6379.13307309152  6.354983E-16
6380.60652911664  6.720363E-16
6382.07998514177  6.654951E-16
6383.55344116689  6.711596E-16
6385.02689719201  6.845022E-16
6386.50035321714  6.523750E-16
6387.97380924226  6.852737E-16
6389.44726526739  6.932644E-16
6390.92072129251  6.483677E-16
6392.39417731763  7.037742E-16
6393.86763334276  7.071684E-16
6395.34108936788  6.725170E-16
6396.814545393  6.800675E-16
6398.28800141813  6.318226E-16
6399.76145744325  6.263724E-16
6401.23491346837  6.814933E-16
6402.7083694935  6.783757E-16
6404.18182551862  6.453345E-16
6405.65528154374  6.667167E-16
6407.12873756887  7.066684E-16
6408.60219359399  6.968680E-16
6410.07564961912  6.996362E-16
6411.54910564424  7.653725E-16
6413.02256166936  7.181672E-16
6414.49601769449  6.858361E-16
6415.96947371961  7.187750E-16
6417.44292974473  6.823212E-16
6418.91638576986  6.973171E-16
6420.38984179498  7.582303E-16
6421.86329782011  7.909404E-16
6423.33675384523  8.035318E-16
6424.81020987035  7.650636E-16
6426.28366589547  6.889403E-16
6427.7571219206  7.109489E-16
6429.23057794572  7.922070E-16
6430.70403397085  7.548766E-16
6432.17748999597  7.268758E-16
6433.65094602109  7.546973E-16
6435.12440204622  7.488742E-16
6436.59785807134  7.218994E-16
6438.07131409646  7.097453E-16
6439.54477012159  6.843353E-16
6441.01822614671  6.928398E-16
6442.49168217183  7.304721E-16
6443.96513819696  7.550449E-16
6445.43859422208  7.736075E-16
6446.9120502472  7.872562E-16
6448.38550627233  7.840348E-16
6449.85896229745  7.730516E-16
6451.33241832258  8.014879E-16
6452.8058743477  7.817912E-16
6454.27933037282  7.554468E-16
6455.75278639795  7.816483E-16
6457.22624242307  7.773835E-16
6458.6996984482  7.979715E-16
6460.17315447332  8.378709E-16
6461.64661049844  8.159417E-16
6463.12006652356  7.479483E-16
6464.59352254869  7.675391E-16
6466.06697857381  8.669487E-16
6467.54043459894  8.726687E-16
6469.01389062406  8.608494E-16
6470.48734664918  8.807805E-16
6471.96080267431  8.755717E-16
6473.43425869943  8.320421E-16
6474.90771472455  8.886896E-16
6476.38117074968  9.096473E-16
6477.8546267748  8.855519E-16
6479.32808279992  8.933862E-16
6480.80153882505  9.354017E-16
6482.27499485017  9.365725E-16
6483.7484508753  8.956131E-16
6485.22190690042  9.316006E-16
6486.69536292554  9.661587E-16
6488.16881895067  9.145674E-16
6489.64227497579  9.393007E-16
6491.11573100091  9.616793E-16
6492.58918702604  9.845892E-16
6494.06264305116  1.008348E-15
6495.53609907629  1.049039E-15
6497.00955510141  1.075422E-15
6498.48301112653  1.073263E-15
6499.95646715165  1.031662E-15
6501.42992317678  1.019512E-15
6502.9033792019  1.088299E-15
6504.37683522703  1.106305E-15
6505.85029125215  1.105759E-15
6507.32374727727  1.157876E-15
6508.7972033024  1.124067E-15
6510.27065932752  1.108444E-15
6511.74411535264  1.089511E-15
6513.21757137777  1.063872E-15
6514.69102740289  1.063920E-15
6516.16448342801  1.084024E-15
6517.63793945314  1.111882E-15
6519.11139547826  1.141418E-15
6520.58485150339  1.151694E-15
6522.05830752851  1.153105E-15
6523.53176355363  1.177983E-15
6525.00521957876  1.204753E-15
6526.47867560388  1.231602E-15
6527.952131629  1.188507E-15
6529.42558765413  1.190979E-15
6530.89904367925  1.211656E-15
6532.37249970437  1.222686E-15
6533.8459557295  1.214092E-15
6535.31941175462  1.197351E-15
6536.79286777974  1.194220E-15
6538.26632380487  1.193706E-15
6539.73977982999  1.193476E-15
6541.21323585512  1.191767E-15
6542.68669188024  1.187019E-15
6544.16014790536  1.191572E-15
6545.63360393049  1.168466E-15
6547.10705995561  1.157873E-15
6548.58051598073  1.180789E-15
6550.05397200586  1.165339E-15
6551.52742803098  1.160423E-15
6553.0008840561  1.161374E-15
6554.47434008123  1.144499E-15
6555.94779610635  1.170183E-15
6557.42125213148  1.202456E-15
6558.8947081566  1.178020E-15
6560.36816418172  1.157430E-15
6561.84162020685  1.142309E-15
6563.31507623197  1.090072E-15
6564.78853225709  1.107764E-15
6566.26198828222  1.186714E-15
6567.73544430734  1.210865E-15
6569.20890033246  1.151817E-15
6570.68235635759  1.078847E-15
6572.15581238271  1.120957E-15
6573.62926840783  1.178585E-15
6575.10272443296  1.125748E-15
6576.57618045808  1.133842E-15
6578.04963648321  1.130171E-15
6579.52309250833  1.078719E-15
6580.99654853345  1.071517E-15
6582.47000455858  1.095048E-15
6583.9434605837  1.083714E-15
6585.41691660882  1.100031E-15
6586.89037263395  1.131652E-15
6588.36382865907  1.113396E-15
6589.83728468419  1.052216E-15
6591.31074070932  1.027433E-15
6592.78419673444  1.057595E-15
6594.25765275956  1.049902E-15
6595.73110878469  1.058074E-15
6597.20456480981  1.112789E-15
6598.67802083494  1.030319E-15
6600.15147686006  1.036180E-15
6601.62493288518  1.045121E-15
6603.09838891031  1.057093E-15
6604.57184493543  1.041788E-15
6606.04530096056  1.012971E-15
6607.51875698568  1.033124E-15
6608.9922130108  1.037020E-15
6610.46566903592  1.006404E-15
6611.93912506105  1.016436E-15
6613.41258108617  1.076532E-15
6614.8860371113  1.027549E-15
6616.35949313642  1.019994E-15
6617.83294916154  1.010669E-15
6619.30640518667  9.351990E-16
6620.77986121179  9.287337E-16
6622.25331723691  8.772854E-16
6623.72677326204  6.804466E-16
6625.20022928716  5.022415E-16
6626.67368531228  4.312534E-16
6628.14714133741  4.865676E-16
6629.62059736253  6.847717E-16
6631.09405338765  8.548158E-16
6632.56750941278  9.119785E-16
6634.0409654379  9.010631E-16
6635.51442146303  9.092880E-16
6636.98787748815  9.054838E-16
6638.46133351327  9.068762E-16
6639.9347895384  9.373094E-16
6641.40824556352  9.179176E-16
6642.88170158864  8.809514E-16
6644.35515761377  9.061241E-16
6645.82861363889  8.830456E-16
6647.30206966401  8.460912E-16
6648.77552568914  8.647218E-16
6650.24898171426  8.179315E-16
6651.72243773939  7.775207E-16
6653.19589376451  7.631763E-16
6654.66934978963  7.949415E-16
6656.14280581476  8.628178E-16
6657.61626183988  8.855790E-16
6659.089717865  8.721718E-16
6660.56317389013  8.424774E-16
6662.03662991525  8.061441E-16
6663.51008594037  8.542445E-16
6664.9835419655  8.271091E-16
6666.45699799062  8.194608E-16
6667.93045401575  8.278672E-16
6669.40391004087  8.501815E-16
6670.87736606599  8.390763E-16
6672.35082209112  8.229999E-16
6673.82427811624  8.127404E-16
6675.29773414136  7.880165E-16
6676.77119016649  7.852776E-16
6678.24464619161  8.245088E-16
6679.71810221673  8.555568E-16
6681.19155824186  7.825900E-16
6682.66501426698  7.847210E-16
6684.1384702921  8.013469E-16
6685.61192631723  8.386674E-16
6687.08538234235  8.575127E-16
6688.55883836747  8.419953E-16
6690.0322943926  8.233294E-16
6691.50575041772  8.057351E-16
6692.97920644285  7.878345E-16
6694.45266246797  7.687224E-16
6695.92611849309  7.604970E-16
6697.39957451822  7.536144E-16
6698.87303054334  6.907234E-16
6700.34648656847  6.702274E-16
6701.81994259359  6.766710E-16
6703.29339861871  6.758453E-16
6704.76685464384  6.557468E-16
6706.24031066896  6.773311E-16
6707.71376669408  7.157114E-16
6709.18722271921  7.077426E-16
6710.66067874433  7.080328E-16
6712.13413476945  6.914764E-16
6713.60759079458  6.661992E-16
6715.0810468197  6.623182E-16
6716.55450284482  6.679765E-16
6718.02795886995  6.331273E-16
6719.50141489507  6.236321E-16
6720.97487092019  6.336364E-16
6722.44832694532  6.436212E-16
6723.92178297044  6.446276E-16
6725.39523899557  6.151685E-16
6726.86869502069  6.022555E-16
6728.34215104581  6.120599E-16
6729.81560707094  6.111603E-16
6731.28906309606  6.090190E-16
6732.76251912118  6.148608E-16
6734.23597514631  6.137520E-16
6735.70943117143  6.145186E-16
6737.18288719656  5.911211E-16
6738.65634322168  5.321173E-16
6740.1297992468  5.321714E-16
6741.60325527193  5.962379E-16
6743.07671129705  6.061525E-16
6744.55016732217  5.996895E-16
6746.0236233473  5.814551E-16
6747.49707937242  5.441406E-16
6748.97053539754  5.581548E-16
6750.44399142267  5.567800E-16
6751.91744744779  5.252657E-16
6753.39090347291  5.394906E-16
6754.86435949804  5.396532E-16
6756.33781552316  5.200799E-16
6757.81127154828  5.521483E-16
6759.28472757341  5.404497E-16
6760.75818359853  5.095101E-16
6762.23163962366  5.109662E-16
6763.70509564878  5.202409E-16
6765.1785516739  5.052152E-16
6766.65200769903  5.081783E-16
6768.12546372415  4.944984E-16
6769.59891974927  4.848932E-16
6771.0723757744  5.031946E-16
6772.54583179952  5.186177E-16
6774.01928782465  5.259900E-16
6775.49274384977  5.108453E-16
6776.96619987489  5.147761E-16
6778.43965590002  4.823883E-16
6779.91311192514  4.454468E-16
6781.38656795026  4.222774E-16
6782.86002397539  4.194239E-16
6784.33348000051  4.737521E-16
6785.80693602563  4.834191E-16
6787.28039205076  4.707674E-16
6788.75384807588  5.300478E-16
6790.227304101  5.299428E-16
6791.70076012613  5.128860E-16
6793.17421615125  5.002725E-16
6794.64767217638  4.928090E-16
6796.1211282015  4.889938E-16
6797.59458422662  4.489460E-16
6799.06804025175  4.574185E-16
6800.54149627687  5.009953E-16
6802.01495230199  4.884405E-16
6803.48840832712  4.782617E-16
6804.96186435224  5.039267E-16
6806.43532037736  4.879959E-16
6807.90877640249  4.799560E-16
6809.38223242761  4.707886E-16
6810.85568845274  4.735426E-16
6812.32914447786  5.094031E-16
6813.80260050298  5.336681E-16
6815.27605652811  5.256898E-16
6816.74951255323  4.961400E-16
6818.22296857835  4.790658E-16
6819.69642460348  4.962066E-16
6821.1698806286  5.064820E-16
6822.64333665372  4.970584E-16
6824.11679267885  4.773041E-16
6825.59024870397  5.062709E-16
6827.06370472909  5.315832E-16
6828.53716075422  5.655523E-16
6830.01061677934  5.297790E-16
6831.48407280447  4.796048E-16
6832.95752882959  4.893476E-16
6834.43098485471  4.871250E-16
6835.90444087984  5.071615E-16
6837.37789690496  5.387011E-16
6838.85135293008  5.160781E-16
6840.32480895521  5.028571E-16
6841.79826498033  5.083329E-16
6843.27172100545  4.888720E-16
6844.74517703058  4.919654E-16
6846.2186330557  4.915808E-16
6847.69208908083  4.859882E-16
6849.16554510595  5.004054E-16
6850.63900113107  4.836030E-16
6852.1124571562  4.877767E-16
6853.58591318132  4.848755E-16
6855.05936920644  4.852793E-16
6856.53282523157  4.934624E-16
6858.00628125669  5.063704E-16
6859.47973728181  4.930929E-16
6860.95319330694  4.458413E-16
6862.42664933206  3.918986E-16
6863.90010535718  3.953034E-16
6865.37356138231  4.426112E-16
6866.84701740743  3.954645E-16
6868.32047343255  3.380610E-16
6869.79392945768  3.838792E-16
6871.2673854828  3.939550E-16
6872.74084150793  3.923892E-16
6874.21429753305  3.964532E-16
6875.68775355817  3.877750E-16
6877.1612095833  3.884314E-16
6878.63466560842  4.090789E-16
6880.10812163354  4.296578E-16
6881.58157765867  4.230932E-16
6883.05503368379  4.124971E-16
6884.52848970891  4.074069E-16
6886.00194573404  4.045061E-16
6887.47540175916  3.839110E-16
6888.94885778429  3.799533E-16
6890.42231380941  3.723205E-16
6891.89576983453  3.653563E-16
6893.36922585966  4.090474E-16
6894.84268188478  4.375467E-16
6896.3161379099  4.139109E-16
6897.78959393503  4.176942E-16
6899.26304996015  4.093435E-16
6900.73650598527  4.217389E-16
6902.2099620104  4.159829E-16
6903.68341803552  4.173440E-16
6905.15687406064  4.294362E-16
6906.63033008577  4.085056E-16
6908.10378611089  3.853377E-16
6909.57724213602  3.997923E-16
6911.05069816114  4.167253E-16
6912.52415418626  4.053798E-16
6913.99761021139  4.353065E-16
6915.47106623651  4.101770E-16
6916.94452226163  4.199418E-16
6918.41797828676  4.577766E-16
6919.89143431188  4.404202E-16
6921.36489033701  4.005374E-16
6922.83834636213  3.995675E-16
6924.31180238725  4.340580E-16
6925.78525841238  4.398392E-16
6927.2587144375  4.351808E-16
6928.73217046262  4.054573E-16
6930.20562648775  3.960618E-16
6931.67908251287  4.068713E-16
6933.15253853799  4.060052E-16
6934.62599456312  3.770050E-16
6936.09945058824  3.640416E-16
6937.57290661336  4.057071E-16
6939.04636263849  4.337211E-16
6940.51981866361  4.278948E-16
6941.99327468873  4.037299E-16
6943.46673071386  3.825754E-16
6944.94018673898  3.941179E-16
6946.4136427641  3.987317E-16
6947.88709878923  4.049005E-16
6949.36055481435  3.937889E-16
6950.83401083948  3.631695E-16
6952.3074668646  3.990158E-16
6953.78092288972  4.328253E-16
6955.25437891485  4.131066E-16
6956.72783493997  3.977270E-16
6958.2012909651  4.120586E-16
6959.67474699022  3.966715E-16
6961.14820301534  4.148983E-16
6962.62165904047  4.204710E-16
6964.09511506559  3.791173E-16
6965.56857109071  3.933381E-16
6967.04202711584  4.138237E-16
6968.51548314096  4.273949E-16
6969.98893916608  4.210675E-16
6971.46239519121  3.969019E-16
6972.93585121633  4.070638E-16
6974.40930724145  4.013128E-16
6975.88276326658  3.802218E-16
6977.3562192917  3.925655E-16
6978.82967531682  4.028575E-16
6980.30313134195  3.978966E-16
6981.77658736707  4.089163E-16
6983.2500433922  3.909672E-16
6984.72349941732  3.860871E-16
6986.19695544244  3.700986E-16
6987.67041146757  3.877808E-16
6989.14386749269  4.124506E-16
6990.61732351781  4.157239E-16
6992.09077954294  4.174945E-16
6993.56423556806  4.038882E-16
6995.03769159318  3.962819E-16
6996.51114761831  4.070052E-16
6997.98460364343  4.071786E-16
6999.45805966856  4.001147E-16
7000.93151569368  3.694861E-16
7002.4049717188  3.692774E-16
7003.87842774393  4.007304E-16
7005.35188376905  3.957933E-16
7006.82533979417  3.802314E-16
7008.2987958193  3.962346E-16
7009.77225184442  3.968596E-16
7011.24570786954  4.227340E-16
7012.71916389467  4.266086E-16
7014.19261991979  3.833921E-16
7015.66607594491  3.703487E-16
7017.13953197004  4.069878E-16
7018.61298799516  4.027552E-16
7020.08644402029  3.820627E-16
7021.55990004541  4.054103E-16
7023.03335607053  3.810065E-16
7024.50681209566  3.969703E-16
7025.98026812078  3.724791E-16
7027.4537241459  3.664148E-16
7028.92718017103  3.928797E-16
7030.40063619615  4.136126E-16
7031.87409222127  3.873335E-16
7033.3475482464  3.646230E-16
7034.82100427152  4.024564E-16
7036.29446029665  3.983790E-16
7037.76791632177  3.833603E-16
7039.24137234689  3.615580E-16
7040.71482837202  3.732658E-16
7042.18828439714  3.783330E-16
7043.66174042226  3.867453E-16
7045.13519644739  3.866024E-16
7046.60865247251  3.859019E-16
7048.08210849763  4.140740E-16
7049.55556452276  3.947672E-16
7051.02902054788  3.815345E-16
7052.50247657301  3.622498E-16
7053.97593259813  3.572043E-16
7055.44938862325  3.722713E-16
7056.92284464838  3.865884E-16
7058.3963006735  3.773110E-16
7059.86975669862  3.615276E-16
7061.34321272375  3.662745E-16
7062.81666874887  3.648783E-16
7064.29012477399  3.499505E-16
7065.76358079912  3.499115E-16
7067.23703682424  3.865249E-16
7068.71049284937  3.919218E-16
7070.18394887449  3.579334E-16
7071.65740489961  3.435051E-16
7073.13086092474  3.439067E-16
7074.60431694986  3.494615E-16
7076.07777297498  3.658028E-16
7077.55122900011  3.196715E-16
7079.02468502523  3.160157E-16
7080.49814105035  3.356164E-16
7081.97159707548  3.532551E-16
7083.4450531006  3.664167E-16
7084.91850912572  3.568886E-16
7086.39196515085  3.453880E-16
7087.86542117597  3.652403E-16
7089.3388772011  3.824534E-16
7090.81233322622  3.672444E-16
7092.28578925134  3.421288E-16
7093.75924527647  3.279309E-16
7095.23270130159  3.250049E-16
7096.70615732671  3.194689E-16
7098.17961335184  3.175099E-16
7099.65306937696  3.295798E-16
7101.12652540208  3.470882E-16
7102.59998142721  3.607162E-16
7104.07343745233  3.447930E-16
7105.54689347746  3.100160E-16
7107.02034950258  3.284478E-16
7108.4938055277  3.336659E-16
7109.96726155283  3.254326E-16
7111.44071757795  3.360380E-16
7112.91417360307  3.344708E-16
7114.3876296282  3.165813E-16
7115.86108565332  2.984796E-16
7117.33454167844  3.115552E-16
7118.80799770357  3.209895E-16
7120.28145372869  2.931069E-16
7121.75490975381  2.682996E-16
7123.22836577894  2.759895E-16
7124.70182180406  2.785256E-16
7126.17527782919  2.656337E-16
7127.64873385431  2.764644E-16
7129.12218987943  2.968538E-16
7130.59564590456  3.094706E-16
7132.06910192968  3.028873E-16
7133.5425579548  3.070086E-16
7135.01601397993  3.086413E-16
7136.48947000505  2.968570E-16
7137.96292603018  2.877900E-16
7139.4363820553  2.898252E-16
7140.90983808042  2.986028E-16
7142.38329410555  2.930151E-16
7143.85675013067  2.903547E-16
7145.33020615579  2.915475E-16
7146.80366218092  2.838276E-16
7148.27711820604  2.818409E-16
7149.75057423116  2.847423E-16
7151.22403025629  2.737626E-16
7152.69748628141  2.694838E-16
7154.17094230653  2.832074E-16
7155.64439833166  2.655914E-16
7157.11785435678  2.527353E-16
7158.5913103819  2.843134E-16
7160.06476640703  3.042339E-16
7161.53822243215  2.925540E-16
7163.01167845728  2.825760E-16
7164.4851344824  2.661849E-16
7165.95859050752  2.565889E-16
7167.43204653265  2.844661E-16
7168.90550255777  2.500447E-16
7170.37895858289  2.490805E-16
7171.85241460802  2.577058E-16
7173.32587063314  2.406695E-16
7174.79932665826  2.421924E-16
7176.27278268339  2.535619E-16
7177.74623870851  2.377803E-16
7179.21969473364  2.366647E-16
7180.69315075876  2.622170E-16
7182.16660678388  2.610098E-16
7183.64006280901  2.534525E-16
7185.11351883413  2.297727E-16
7186.58697485925  2.206706E-16
7188.06043088438  2.302465E-16
7189.5338869095  2.424337E-16
7191.00734293462  2.745703E-16
7192.48079895975  2.743629E-16
7193.95425498487  2.701529E-16
7195.42771100999  2.546158E-16
7196.90116703512  2.513860E-16
7198.37462306024  2.454613E-16
7199.84807908537  2.370838E-16
7201.32153511049  2.465809E-16
7202.79499113561  2.535546E-16
7204.26844716074  2.508497E-16
7205.74190318586  2.509817E-16
7207.21535921098  2.510648E-16
7208.68881523611  2.516715E-16
7210.16227126123  2.597009E-16
7211.63572728635  2.607646E-16
7213.10918331148  2.749413E-16
7214.5826393366  3.085980E-16
7216.05609536173  3.043309E-16
7217.52955138685  2.909228E-16
7219.00300741197  3.147784E-16
7220.47646343709  3.268641E-16
7221.94991946222  2.918045E-16
7223.42337548734  2.646793E-16
7224.89683151247  2.684931E-16
7226.37028753759  2.740880E-16
7227.84374356271  2.750847E-16
7229.31719958784  2.675382E-16
7230.79065561296  2.642611E-16
7232.26411163808  2.524485E-16
7233.73756766321  2.410828E-16
7235.21102368833  2.793220E-16
7236.68447971346  2.868235E-16
7238.15793573858  2.513370E-16
7239.6313917637  2.658351E-16
7241.10484778883  2.657047E-16
7242.57830381395  2.557919E-16
7244.05175983907  2.405272E-16
7245.5252158642  2.830136E-16
7246.99867188932  3.120854E-16
7248.47212791444  3.033617E-16
7249.94558393957  2.865200E-16
7251.41903996469  2.555764E-16
7252.89249598981  2.496564E-16
7254.36595201494  2.657193E-16
7255.83940804006  2.707254E-16
7257.31286406518  2.784633E-16
7258.78632009031  2.668415E-16
7260.25977611543  2.664569E-16
7261.73323214056  2.937130E-16
7263.20668816568  2.973816E-16
7264.6801441908  2.697663E-16
7266.15360021593  2.512357E-16
7267.62705624105  2.687087E-16
7269.10051226617  2.730217E-16
7270.5739682913  2.784828E-16
7272.04742431642  3.080907E-16
7273.52088034155  3.135840E-16
7274.99433636667  2.827256E-16
7276.46779239179  2.810417E-16
7277.94124841692  3.014632E-16
7279.41470444204  3.067815E-16
7280.88816046716  3.402226E-16
7282.36161649229  3.358217E-16
7283.83507251741  3.112817E-16
7285.30852854253  2.900730E-16
7286.78198456766  2.829922E-16
7288.25544059278  3.250519E-16
7289.7288966179  3.380246E-16
7291.20235264303  3.316339E-16
7292.67580866815  3.067440E-16
7294.14926469328  3.129147E-16
7295.6227207184  3.187685E-16
7297.09617674352  3.245257E-16
7298.56963276865  3.507376E-16
7300.04308879377  3.528689E-16
7301.51654481889  3.564056E-16
7302.99000084402  3.619510E-16
7304.46345686914  3.359024E-16
7305.93691289426  3.294487E-16
7307.41036891939  3.348826E-16
7308.88382494451  3.590205E-16
7310.35728096964  3.930549E-16
7311.83073699476  3.842879E-16
7313.30419301988  3.855261E-16
7314.77764904501  3.759053E-16
7316.25110507013  3.416397E-16
7317.72456109525  3.545663E-16
7319.19801712038  3.798937E-16
7320.6714731455  3.824833E-16
7322.14492917062  3.718957E-16
7323.61838519575  3.583453E-16
7325.09184122087  3.732004E-16
7326.565297246  3.326384E-16
7328.03875327112  3.418885E-16
7329.51220929624  3.767390E-16
7330.98566532137  3.641414E-16
7332.45912134649  3.581918E-16
7333.93257737161  3.717296E-16
7335.40603339674  3.547944E-16
7336.87948942186  3.581178E-16
7338.35294544698  3.396160E-16
7339.82640147211  3.662262E-16
7341.29985749723  3.810724E-16
7342.77331352235  3.592088E-16
7344.24676954748  3.519489E-16
7345.7202255726  3.492703E-16
7347.19368159773  3.271700E-16
7348.66713762285  3.246568E-16
7350.14059364797  3.340322E-16
7351.6140496731  3.324973E-16
7353.08750569822  3.389457E-16
7354.56096172334  3.385025E-16
7356.03441774847  3.011691E-16
7357.50787377359  2.817306E-16
7358.98132979871  3.213987E-16
7360.45478582384  3.305899E-16
7361.92824184896  3.299506E-16
7363.40169787409  3.177419E-16
7364.87515389921  2.950705E-16
7366.34860992433  3.081351E-16
7367.82206594945  3.279304E-16
7369.29552197458  3.132017E-16
7370.7689779997  3.165628E-16
7372.24243402483  3.034078E-16
7373.71589004995  2.854711E-16
7375.18934607507  2.946688E-16
7376.6628021002  2.970639E-16
7378.13625812532  2.831135E-16
7379.60971415044  2.858764E-16
7381.08317017557  3.064599E-16
7382.55662620069  3.106828E-16
7384.03008222581  2.779103E-16
7385.50353825094  2.687314E-16
7386.97699427606  2.837503E-16
7388.45045030119  3.038213E-16
7389.92390632631  2.896160E-16
7391.39736235143  2.709528E-16
7392.87081837656  2.970234E-16
7394.34427440168  2.789261E-16
7395.8177304268  2.837610E-16
7397.29118645193  2.967350E-16
7398.76464247705  3.024365E-16
7400.23809850217  3.063630E-16
7401.7115545273  2.850591E-16
7403.18501055242  2.636000E-16
7404.65846657755  2.919739E-16
7406.13192260267  2.961941E-16
7407.60537862779  2.839662E-16
7409.07883465292  3.058033E-16
7410.55229067804  2.991404E-16
7412.02574670316  2.900782E-16
7413.49920272829  2.992616E-16
7414.97265875341  2.756494E-16
7416.44611477853  2.842977E-16
7417.91957080366  2.839557E-16
7419.39302682878  2.607862E-16
7420.86648285391  2.622833E-16
7422.33993887903  2.644765E-16
7423.81339490415  2.739478E-16
7425.28685092928  3.060303E-16
7426.7603069544  3.042502E-16
7428.23376297952  2.969309E-16
7429.70721900465  3.073650E-16
7431.18067502977  3.040144E-16
7432.65413105489  2.898018E-16
7434.12758708002  3.029401E-16
7435.60104310514  3.247157E-16
7437.07449913026  3.122963E-16
7438.54795515539  3.050929E-16
7440.02141118051  3.222084E-16
7441.49486720564  2.880512E-16
7442.96832323076  2.640269E-16
7444.44177925588  2.809616E-16
7445.91523528101  2.909948E-16
7447.38869130613  2.829661E-16
7448.86214733125  2.836582E-16
7450.33560335638  2.955485E-16
7451.8090593815  3.032768E-16
7453.28251540663  3.038571E-16
7454.75597143175  3.140984E-16
7456.22942745687  3.036771E-16
7457.702883482  2.905086E-16
7459.17633950712  3.130521E-16
7460.64979553224  3.096788E-16
7462.12325155737  3.053984E-16
7463.59670758249  3.332837E-16
7465.07016360761  3.383211E-16
7466.54361963274  3.238849E-16
7468.01707565786  3.185357E-16
7469.49053168298  3.120635E-16
7470.96398770811  2.991175E-16
7472.43744373323  2.864497E-16
7473.91089975835  2.939257E-16
7475.38435578348  2.838878E-16
7476.8578118086  2.894863E-16
7478.33126783373  3.121116E-16
7479.80472385885  3.076659E-16
7481.27817988397  3.091536E-16
7482.7516359091  3.453152E-16
7484.22509193422  3.388091E-16
7485.69854795934  3.230328E-16
7487.17200398447  3.196339E-16
7488.64546000959  3.168265E-16
7490.11891603472  3.221340E-16
7491.59237205984  3.343890E-16
7493.06582808496  3.368760E-16
7494.53928411009  3.424563E-16
7496.01274013521  3.379467E-16
7497.48619616033  3.478487E-16
7498.95965218546  3.632140E-16
7500.43310821058  3.506129E-16
7501.9065642357  3.358127E-16
7503.38002026083  3.463511E-16
7504.85347628595  3.407857E-16
7506.32693231107  3.499765E-16
7507.8003883362  3.560573E-16
7509.27384436132  3.594185E-16
7510.74730038644  3.615762E-16
7512.22075641157  3.517244E-16
7513.69421243669  3.435576E-16
7515.16766846182  3.486796E-16
7516.64112448694  3.490555E-16
7518.11458051206  3.382980E-16
7519.58803653719  3.533024E-16
7521.06149256231  3.779301E-16
7522.53494858743  3.806629E-16
7524.00840461256  3.801001E-16
7525.48186063768  3.867421E-16
7526.95531666281  3.824778E-16
7528.42877268793  3.709656E-16
7529.90222871305  3.684820E-16
7531.37568473818  3.764969E-16
7532.8491407633  3.867947E-16
7534.32259678842  3.800240E-16
7535.79605281355  3.517956E-16
7537.26950883867  3.414781E-16
7538.74296486379  3.350269E-16
7540.21642088892  3.323364E-16
7541.68987691404  3.461917E-16
7543.16333293917  3.538370E-16
7544.63678896429  3.513600E-16
7546.11024498941  3.567628E-16
7547.58370101453  3.431730E-16
7549.05715703966  3.506236E-16
7550.53061306478  3.544734E-16
7552.00406908991  3.404102E-16
7553.47752511503  3.329201E-16
7554.95098114015  3.425619E-16
7556.42443716528  3.616505E-16
7557.8978931904  3.773344E-16
7559.37134921552  3.556446E-16
7560.84480524065  3.114439E-16
7562.31826126577  2.978343E-16
7563.79171729089  3.076811E-16
7565.26517331602  3.061717E-16
7566.73862934114  3.044031E-16
7568.21208536627  3.093593E-16
7569.68554139139  2.990751E-16
7571.15899741651  2.934399E-16
7572.63245344164  2.918945E-16
7574.10590946676  2.921815E-16
7575.57936549188  3.002836E-16
7577.05282151701  3.066063E-16
7578.52627754213  2.933669E-16
7579.99973356725  2.616531E-16
7581.47318959238  2.667518E-16
7582.9466456175  2.980625E-16
7584.42010164262  3.048708E-16
7585.89355766775  2.922668E-16
7587.36701369287  2.765567E-16
7588.840469718  2.410437E-16
7590.31392574312  2.250531E-16
7591.78738176824  2.032744E-16
7593.26083779337  1.779465E-16
7594.73429381849  1.472416E-16
7596.20774984361  1.150502E-16
7597.68120586874  1.050473E-16
7599.15466189386  1.013899E-16
7600.62811791898  8.991851E-17
7602.10157394411  9.014027E-17
7603.57502996923  7.210253E-17
7605.04848599436  6.025505E-17
7606.52194201948  7.287187E-17
7607.9953980446  7.643648E-17
7609.46885406973  9.122720E-17
7610.94231009485  1.217437E-16
7612.41576611997  1.249707E-16
7613.8892221451  1.326592E-16
7615.36267817022  1.469840E-16
7616.83613419534  1.488059E-16
7618.30959022047  1.509426E-16
7619.78304624559  1.495570E-16
7621.25650227071  1.489323E-16
7622.72995829584  1.443696E-16
7624.20341432096  1.433701E-16
7625.67687034609  1.369978E-16
7627.15032637121  1.226848E-16
7628.62378239633  1.186346E-16
7630.09723842146  1.185500E-16
7631.57069444658  1.095912E-16
7633.0441504717  1.116058E-16
7634.51760649683  1.356204E-16
7635.99106252195  1.480858E-16
7637.46451854708  1.378446E-16
7638.9379745722  1.294684E-16
7640.41143059732  1.240694E-16
7641.88488662245  1.362679E-16
7643.35834264757  1.424033E-16
7644.83179867269  1.466723E-16
7646.30525469782  1.488687E-16
7647.77871072294  1.487119E-16
7649.25216674806  1.577722E-16
7650.72562277319  1.618567E-16
7652.19907879831  1.723544E-16
7653.67253482343  1.795306E-16
7655.14599084856  1.815342E-16
7656.61944687368  1.928515E-16
7658.0929028988  2.094304E-16
7659.56635892393  2.114121E-16
7661.03981494905  2.060254E-16
7662.51327097418  2.093555E-16
7663.9867269993  2.077469E-16
7665.46018302442  2.085067E-16
7666.93363904955  2.148149E-16
7668.40709507467  2.118125E-16
7669.88055109979  2.178593E-16
7671.35400712492  2.462944E-16
7672.82746315004  2.296887E-16
7674.30091917516  2.294890E-16
7675.77437520029  2.300288E-16
7677.24783122541  2.173252E-16
7678.72128725054  2.385218E-16
7680.19474327566  2.577449E-16
7681.66819930078  2.533666E-16
7683.14165532591  2.473918E-16
7684.61511135103  2.614345E-16
7686.08856737615  2.629849E-16
7687.56202340128  2.363986E-16
7689.0354794264  2.238282E-16
7690.50893545152  2.461627E-16
7691.98239147665  2.748683E-16
7693.45584750177  2.723406E-16
7694.92930352689  2.677261E-16
7696.40275955202  2.619299E-16
7697.87621557714  2.526255E-16
7699.34967160227  2.641942E-16
7700.82312762739  2.647148E-16
7702.29658365251  2.574678E-16
7703.77003967764  2.576973E-16
7705.24349570276  2.862699E-16
7706.71695172788  3.010431E-16
7708.19040775301  2.812062E-16
7709.66386377813  2.753702E-16
7711.13731980325  2.585354E-16
7712.61077582838  2.544525E-16
7714.0842318535  2.675449E-16
7715.55768787863  2.694484E-16
7717.03114390375  2.522628E-16
7718.50459992887  2.441963E-16
7719.978055954  2.617175E-16
7721.45151197912  2.705922E-16
7722.92496800424  2.563242E-16
7724.39842402937  2.556517E-16
7725.87188005449  2.622231E-16
7727.34533607961  2.654499E-16
7728.81879210474  2.753840E-16
7730.29224812986  2.576690E-16
7731.76570415498  2.394620E-16
7733.23916018011  2.487669E-16
7734.71261620523  2.646815E-16
7736.18607223036  2.619072E-16
7737.65952825548  2.517730E-16
7739.1329842806  2.556554E-16
7740.60644030573  2.615123E-16
7742.07989633085  2.517154E-16
7743.55335235597  2.504869E-16
7745.0268083811  2.473942E-16
7746.50026440622  2.276273E-16
7747.97372043134  2.201943E-16
7749.44717645647  2.432195E-16
7750.92063248159  2.797376E-16
7752.39408850671  3.024827E-16
7753.86754453184  2.906059E-16
7755.34100055696  2.675777E-16
7756.81445658209  2.625928E-16
7758.28791260721  2.712206E-16
7759.76136863233  2.828682E-16
7761.23482465746  2.702451E-16
7762.70828068258  2.644389E-16
7764.1817367077  2.641197E-16
7765.65519273283  2.606182E-16
7767.12864875795  2.667577E-16
7768.60210478307  2.740090E-16
7770.0755608082  2.905634E-16
7771.54901683332  3.123443E-16
7773.02247285845  3.063821E-16
7774.49592888357  2.748072E-16
7775.96938490869  2.654037E-16
7777.44284093382  2.916672E-16
7778.91629695894  3.026997E-16
7780.38975298406  2.902111E-16
7781.86320900919  2.971063E-16
7783.33666503431  3.059758E-16
7784.81012105943  3.041556E-16
7786.28357708456  3.083990E-16
7787.75703310968  3.068764E-16
7789.2304891348  3.117745E-16
7790.70394515993  3.066486E-16
7792.17740118505  3.054024E-16
7793.65085721018  3.167809E-16
7795.1243132353  3.188950E-16
7796.59776926042  3.079099E-16
7798.07122528555  3.073896E-16
7799.54468131067  3.050650E-16
7801.01813733579  2.850562E-16
7802.49159336092  2.785299E-16
7803.96504938604  2.949483E-16
7805.43850541116  3.160114E-16
7806.91196143629  3.291671E-16
7808.38541746141  2.898317E-16
7809.85887348654  2.723732E-16
7811.33232951166  2.727006E-16
7812.80578553678  2.719253E-16
7814.27924156191  2.730676E-16
7815.75269758703  2.534887E-16
7817.22615361215  2.388091E-16
7818.69960963728  2.471912E-16
7820.1730656624  2.485604E-16
7821.64652168752  2.381029E-16
7823.11997771265  2.263785E-16
7824.59343373777  2.158866E-16
7826.0668897629  2.227813E-16
7827.54034578802  2.335922E-16
7829.01380181314  2.258948E-16
7830.48725783827  2.104683E-16
7831.96071386339  2.046407E-16
7833.43416988851  2.003188E-16
7834.90762591364  1.864712E-16
7836.38108193876  1.778318E-16
7837.85453796388  1.798751E-16
7839.32799398901  1.835510E-16
7840.80145001413  1.825243E-16
7842.27490603925  1.748147E-16
7843.74836206438  1.651846E-16
7845.2218180895  1.607562E-16
7846.69527411463  1.460502E-16
7848.16873013975  1.443762E-16
7849.64218616487  1.437477E-16
7851.11564219  1.422714E-16
7852.58909821512  1.478427E-16
7854.06255424024  1.273791E-16
7855.53601026537  1.221353E-16
7857.00946629049  1.247980E-16
7858.48292231561  9.887330E-17
7859.95637834074  7.365108E-17
7861.42983436586  8.938145E-17
7862.90329039099  8.605851E-17
7864.37674641611  6.738758E-17
7865.85020244123  7.226395E-17
7867.32365846636  7.050233E-17
7868.79711449148  5.288084E-17
7870.2705705166  4.920353E-17
7871.74402654173  4.920353E-17
