	velocity	density
0	200.0	7.783839177781671e-09
1	600.0	6.859399284676158e-09
2	1000.0	5.952593520829616e-09
3	1400.0	5.148000641197173e-09
4	1800.0	4.44679658392976e-09
5	2200.0	3.8389602680930376e-09
6	2600.0	3.3132060302093076e-09
7	3000.0	2.858933246007546e-09
8	3400.0	2.4666536657318212e-09
9	3800.0	2.128026858851494e-09
10	4200.0	1.8357808783726256e-09
11	4600.0	1.5836016465041915e-09
12	5000.0	1.3660194340805289e-09
13	5400.0	1.1783024658928162e-09
14	5800.0	1.0163608990777137e-09
15	6200.0	8.766617455562271e-10
16	6600.0	7.561542365200966e-10
17	7000.0	6.522047228652089e-10
18	7400.0	5.625400924424753e-10
19	7800.0	4.851987001497098e-10
20	8200.0	4.1848787653452805e-10
21	8600.0	3.6094717029363975e-10
22	9000.0	3.1131657355306115e-10
23	9400.0	2.6850906851165985e-10
24	9800.0	2.3158691663106385e-10
25	10200.0	1.9974118590457812e-10
26	10600.0	1.7227407775124069e-10
27	11000.0	1.4858367318750568e-10
28	11400.0	1.2815076878524997e-10
29	11800.0	1.1052751726334318e-10
30	12200.0	9.532762611261641e-11
31	12600.0	8.221790111089222e-11
32	13000.0	7.091095057951815e-11
33	13400.0	6.115889133416546e-11
34	13800.0	5.274791899713882e-11
35	14200.0	4.5493624111472915e-11
36	14600.0	3.923695172024025e-11
37	15000.0	3.3840716088858717e-11
38	15400.0	2.9186594351193226e-11
39	15800.0	2.517253331038612e-11
40	16200.0	2.171051264658473e-11
41	16600.0	1.8724615570400902e-11
42	17000.0	1.614936468124406e-11
43	17400.0	1.3928286588989427e-11
44	17800.0	1.2012673861692884e-11
45	18200.0	1.0360517179857417e-11
46	18600.0	8.935584303186226e-12
47	19000.0	7.70662566976486e-12
48	19400.0	6.646689220463883e-12
49	19800.0	5.732529433409213e-12
50	20200.0	4.944097616885077e-12
51	20600.0	4.264102289145704e-12
52	21000.0	3.677630009105522e-12
53	21400.0	3.171818346472788e-12
54	21800.0	2.7355738223854796e-12
55	22200.0	2.3593286371792682e-12
56	22600.0	2.0348308519736124e-12
57	23000.0	1.7549634240072467e-12
58	23400.0	1.513588128120736e-12
59	23800.0	1.305410942279797e-12
60	24200.0	1.1258659455811432e-12
61	24600.0	9.71015183001311e-13
62	25000.0	8.374623012058772e-13
63	25400.0	7.222780616533847e-13
64	25800.0	6.229360976326513e-13
65	26200.0	5.372575064803639e-13
66	26600.0	4.633630619449547e-13
67	27000.0	3.996319987475563e-13
68	27400.0	3.446664655023374e-13
69	27800.0	2.9726086644942587e-13
70	28200.0	2.563754196634185e-13
71	28600.0	2.2111335184828325e-13
72	29000.0	1.9070122959288002e-13
73	29400.0	1.6447199572782615e-13
74	29800.0	1.4185033875046759e-13
75	30200.0	1.2234007445525558e-13
76	30600.0	1.0551326302068693e-13
77	31000.0	9.100082287959735e-14
78	31400.0	7.848443551151018e-14
79	31800.0	6.768956361638618e-14
80	32200.0	5.837942953749589e-14
81	32600.0	5.0349821874845515e-14
82	33000.0	4.3424616374095627e-14
83	33400.0	3.7451912864514115e-14
84	33800.0	3.230070350591012e-14
85	34200.0	2.7857999281957976e-14
86	34600.0	2.4026351704690176e-14
87	35000.0	2.072171538243746e-14
88	35400.0	1.7871604563625704e-14
89	35800.0	1.5413503228693302e-14
90	36200.0	1.3293493854514435e-14
91	36600.0	1.1465074777265954e-14
92	37000.0	9.888140215461077e-15
93	37400.0	8.52810057730187e-15
94	37800.0	7.355123762801976e-15
95	38200.0	6.343480815284743e-15
96	38600.0	5.470981573291337e-15
97	39000.0	4.7184879411679546e-15
98	39400.0	4.069494106159681e-15
99	39800.0	3.5097644903523282e-15
